26 52 50 27 58 119 68 82 72 24 43 46 118 108 119 12 52 52 36 62 65 114 39 77 60 94 5 24 102 45 30 101 79 62 90 93 67 38 79 35 6 84 65 54 71 41 26 1 69 3 20 0 37 59 75 90 13 78 87 81 16 72 46 81
55 126 52 127 17 68 47 8 53 34 107 119 45 0 40 72 31 83 76 39 10 61 45 47 42 50 60 117 41 25 103 10 24 39 24 83 105 112 118 74 107 73 51 112 2 38 90 34 112 118 39 94 84 21 61 18 13 100 114 108 49 61 86 89
42 54 107 39 11 64 113 33 107 82 22 70 6 64 17 7 88 41 92 86 92 0 78 14 27 35 105 103 95 45 76 20 48 38 37 8 19 83 7 13 61 83 34 54 44 20 104 52 104 53 85 42 126 5 54 43 90 67 3 120 62 91 118 90
57 53 80 102 37 59 51 28 39 70 7 104 96 95 34 81 114 122 106 15 17 58 101 88 33 3 68 116 126 77 64 60 85 45 20 76 117 111 125 99 92 122 37 72 96 126 85 80 59 86 35 5 111 38 28 26 68 8 23 62 18 96 122 29
57 39 115 118 67 118 31 125 112 64 33 84 30 58 77 25 21 33 96 120 12 126 95 54 7 61 21 124 104 55 83 20 97 48 93 5 34 26 83 125 112 101 39 13 73 51 105 78 39 42 111 57 2 14 44 94 10 109 38 18 78 101 19 85
70 55 77 117 3 8 102 24 46 98 100 48 26 27 87 96 96 61 15 127 86 45 74 45 39 82 33 86 9 100 110 0 65 114 85 125 16 46 23 49 84 103 28 116 124 77 71 93 85 86 103 114 12 63 27 93 4 73 102 8 13 101 9 32
74 39 5 16 35 69 60 110 73 48 105 68 82 70 124 23 50 41 18 61 74 66 29 106 37 5 110 98 21 120 10 71 90 124 28 118 118 7 86 92 79 34 71 71 44 32 105 4 61 36 16 21 77 101 31 13 107 19 21 29 53 32 4 17
62 45 6 28 56 46 8 125 110 58 111 104 122 70 70 112 42 58 5 109 127 110 52 63 103 119 90 3 0 69 121 30 64 116 68 18 68 117 68 48 30 59 107 70 78 114 54 116 76 75 126 82 76 90 37 32 5 12 76 76 19 99 36 44
72 80 98 126 58 51 17 24 122 78 86 0 40 101 127 17 0 117 38 73 30 101 70 37 7 33 72 88 26 40 6 31 72 80 98 111 15 1 42 30 79 46 32 84 16 98 53 53 127 50 51 6 53 92 10 61 29 81 56 45 79 69 65 54
106 106 57 9 3 112 73 72 61 108 42 41 23 4 98 67 98 105 119 76 100 95 44 58 119 64 62 120 74 89 66 48 114 76 31 111 49 86 57 51 22 114 29 69 118 70 110 29 36 47 31 69 34 95 75 67 31 58 117 34 126 111 15 118
114 78 104 51 65 5 13 104 28 105 25 17 110 3 100 56 118 52 101 24 46 51 125 92 33 15 100 93 86 126 123 35 27 64 71 52 41 78 97 18 43 29 73 43 121 116 26 83 88 72 103 33 126 84 125 23 55 6 67 50 7 55 76 57
84 98 68 115 7 65 122 23 41 53 15 3 58 93 45 93 98 105 12 36 53 48 112 74 57 18 17 59 16 10 14 71 107 92 16 89 125 119 4 60 3 55 126 87 74 93 103 47 47 34 107 119 108 32 124 99 20 101 4 63 68 20 88 73
121 82 31 17 57 97 111 78 23 4 126 52 117 95 72 54 4 68 121 40 104 97 6 89 0 51 97 25 120 95 62 11 69 83 18 79 3 95 81 4 120 127 53 113 69 56 77 51 112 17 63 116 9 22 119 114 120 81 67 51 95 46 69 25
69 98 104 42 68 62 77 65 117 114 103 62 12 50 4 46 35 35 49 55 18 19 21 30 104 110 61 43 67 66 100 88 48 100 58 3 116 38 6 70 48 88 14 6 46 115 67 97 117 44 107 105 18 46 112 52 101 26 4 116 59 121 76 61
58 109 60 55 77 93 46 47 9 31 64 23 28 106 6 94 16 93 24 91 35 60 70 34 119 83 77 113 49 55 93 119 127 64 101 40 24 33 7 55 83 29 67 20 90 9 86 32 74 104 82 74 3 22 68 52 112 113 4 17 16 57 66 106
112 121 71 55 39 86 86 1 120 102 20 51 23 52 37 19 49 123 38 59 113 90 107 38 70 127 32 28 73 9 75 66 2 76 108 30 26 69 26 98 123 110 8 116 5 5 103 25 42 18 15 104 22 74 79 28 37 58 112 47 19 20 27 49
32 113 39 89 53 9 33 72 119 35 74 73 109 6 114 101 15 50 89 95 60 30 114 31 44 75 26 120 21 14 7 127 67 115 7 86 116 15 47 33 85 112 86 126 56 4 100 43 70 36 89 123 27 127 67 112 95 37 45 72 99 25 74 83
52 62 111 62 111 111 37 14 98 8 96 74 21 69 55 36 56 120 59 113 84 11 6 65 102 40 23 89 24 61 83 103 104 105 43 1 41 98 32 16 121 62 21 0 100 93 109 69 104 53 13 99 96 101 102 52 5 89 63 87 32 71 43 124
106 33 33 23 1 7 116 24 120 93 31 55 93 120 6 47 87 53 62 72 79 1 34 97 126 21 82 63 58 48 51 20 11 10 115 53 82 121 69 105 13 32 110 101 76 119 25 13 108 87 47 64 45 126 108 54 93 73 127 73 91 67 77 11
53 127 63 101 46 36 73 127 40 26 41 119 75 85 67 28 35 108 56 77 11 44 19 44 22 61 85 33 20 50 8 73 112 9 51 44 51 120 29 63 96 1 48 95 44 16 27 125 44 16 114 58 13 115 9 97 77 80 100 85 17 34 47 57
114 17 51 29 127 36 39 5 78 120 34 25 104 90 29 74 115 23 121 54 77 86 8 105 61 110 17 116 50 102 18 68 116 81 122 32 107 37 12 48 72 89 52 0 11 23 127 0 67 6 115 91 100 118 115 68 38 31 48 30 107 78 2 112
109 46 110 14 50 106 81 84 73 20 89 40 119 2 0 20 74 79 98 20 104 74 125 94 48 64 40 95 66 123 126 95 41 68 56 42 100 11 77 63 107 50 72 59 70 79 27 123 70 13 31 7 26 116 49 58 56 2 26 93 33 25 121 100
39 114 85 31 40 1 110 71 105 6 127 18 32 117 1 66 91 77 14 20 77 58 103 81 117 112 38 19 0 72 8 106 50 37 102 92 14 83 101 40 93 46 25 53 118 69 38 16 69 127 91 8 90 98 45 5 67 15 86 111 86 28 40 67
61 103 119 39 61 23 5 39 69 57 13 77 113 44 110 98 5 22 61 83 16 83 111 69 103 124 27 12 28 125 44 19 57 80 116 118 53 98 108 102 63 51 100 42 86 17 99 83 53 59 122 70 99 105 0 112 36 48 34 104 66 34 92 8
36 59 55 105 110 88 11 101 70 70 118 3 60 44 110 94 49 49 102 73 47 22 89 86 92 7 82 28 42 52 5 92 23 119 73 114 123 13 51 69 3 57 115 78 36 47 121 38 91 65 12 65 59 121 125 40 31 51 4 66 65 77 121 103
51 125 107 48 28 111 37 69 113 97 7 58 54 109 1 25 62 16 58 87 94 15 57 63 49 84 101 25 16 113 45 105 126 67 49 42 117 47 125 67 122 18 101 24 71 17 50 17 111 57 63 70 56 16 58 66 85 14 94 99 25 47 13 121
80 8 6 109 90 91 54 11 16 72 107 107 7 90 123 41 75 36 19 0 8 110 23 124 33 35 3 28 86 98 15 7 90 38 57 11 43 3 110 24 69 66 38 117 23 84 5 96 71 32 47 66 123 1 37 39 55 102 102 87 20 114 81 34
74 74 66 59 22 64 62 22 85 122 41 93 63 65 121 80 40 113 19 8 56 123 74 16 77 81 17 107 113 62 71 92 71 25 91 71 123 83 110 71 77 12 118 103 16 114 25 5 80 3 88 6 16 124 123 85 127 117 91 49 127 5 29 73
113 55 38 13 53 109 105 21 56 40 89 9 1 66 47 41 118 10 73 11 124 13 29 104 59 76 29 37 74 64 90 46 38 106 48 100 72 57 111 106 89 88 16 5 14 124 66 94 27 72 125 43 114 17 111 103 31 82 126 68 43 69 62 75
57 46 125 105 16 38 58 6 62 116 56 127 74 33 52 65 77 81 47 59 42 72 102 3 111 77 74 93 103 106 90 92 51 31 112 123 93 89 93 50 9 11 96 97 81 38 79 108 67 9 91 104 81 127 72 85 9 103 22 106 76 87 12 47
108 88 43 110 92 79 63 39 5 119 71 97 81 42 31 48 73 97 86 122 18 83 51 51 33 58 101 80 107 125 4 65 40 33 53 19 109 53 110 65 91 17 43 102 47 114 34 78 110 38 103 102 2 18 86 82 124 17 93 102 82 4 54 12
33 87 17 67 99 71 42 64 123 40 37 99 37 12 124 21 28 125 8 90 109 107 67 103 16 117 36 63 66 3 39 15 10 90 25 122 125 94 97 71 102 64 124 1 118 90 44 42 2 33 79 64 63 6 34 21 47 31 25 119 5 45 54 74
