-30 0 0 0 0 0 0 0 0 0 0 0 0 0 0 0 0 0 0 0 0 0 0 0 0 0 0 0 0 0 0 0
-97 46 0 0 0 0 0 0 0 0 0 0 0 0 0 0 0 0 0 0 0 0 0 0 0 0 0 0 0 0 0 0
-45 -65 91 0 0 0 0 0 0 0 0 0 0 0 0 0 0 0 0 0 0 0 0 0 0 0 0 0 0 0 0 0
0 -35 55 -57 0 0 0 0 0 0 0 0 0 0 0 0 0 0 0 0 0 0 0 0 0 0 0 0 0 0 0 0
-84 -36 -106 -11 49 0 0 0 0 0 0 0 0 0 0 0 0 0 0 0 0 0 0 0 0 0 0 0 0 0 0 0
89 -39 -97 -23 61 15 0 0 0 0 0 0 0 0 0 0 0 0 0 0 0 0 0 0 0 0 0 0 0 0 0 0
122 -37 94 -22 -43 85 -111 0 0 0 0 0 0 0 0 0 0 0 0 0 0 0 0 0 0 0 0 0 0 0 0 0
-12 -67 -106 116 121 -67 -1 9 0 0 0 0 0 0 0 0 0 0 0 0 0 0 0 0 0 0 0 0 0 0 0 0
-2 -120 -96 17 120 -4 80 -92 77 0 0 0 0 0 0 0 0 0 0 0 0 0 0 0 0 0 0 0 0 0 0 0
50 -52 -18 11 59 25 -15 30 -88 -96 0 0 0 0 0 0 0 0 0 0 0 0 0 0 0 0 0 0 0 0 0 0
-75 122 25 -82 -110 -99 71 47 -59 -105 -62 0 0 0 0 0 0 0 0 0 0 0 0 0 0 0 0 0 0 0 0 0
-57 -41 -122 -63 66 -83 67 49 8 105 26 -69 0 0 0 0 0 0 0 0 0 0 0 0 0 0 0 0 0 0 0 0
-75 102 71 -62 -32 -122 -107 17 101 -111 60 -110 32 0 0 0 0 0 0 0 0 0 0 0 0 0 0 0 0 0 0 0
1 92 93 -7 -59 24 -16 -116 -126 -10 -29 105 -49 -17 0 0 0 0 0 0 0 0 0 0 0 0 0 0 0 0 0 0
45 59 87 98 -52 -13 53 -70 116 -96 46 -28 -122 -94 84 0 0 0 0 0 0 0 0 0 0 0 0 0 0 0 0 0
-121 127 -65 -54 124 -80 39 112 41 -25 22 91 91 -43 86 43 0 0 0 0 0 0 0 0 0 0 0 0 0 0 0 0
-14 30 -17 79 16 -25 15 -23 -22 -6 -108 -25 -8 -24 106 28 -45 0 0 0 0 0 0 0 0 0 0 0 0 0 0 0
117 69 -3 -87 -3 -21 -75 7 -30 73 121 -121 97 90 -83 -14 -21 -18 0 0 0 0 0 0 0 0 0 0 0 0 0 0
-57 -37 -64 -113 8 -110 112 127 -56 103 50 117 -37 58 -65 -31 11 -79 91 0 0 0 0 0 0 0 0 0 0 0 0 0
56 90 -73 25 -20 115 -42 -30 -23 71 -32 1 79 120 53 -51 -68 -104 64 100 0 0 0 0 0 0 0 0 0 0 0 0
-16 74 -8 -2 54 -124 81 82 -103 45 43 29 106 -13 71 86 -40 -14 92 71 -69 0 0 0 0 0 0 0 0 0 0 0
-71 111 101 43 88 -99 -65 115 113 -62 125 -124 93 -89 111 2 47 125 75 120 63 -98 0 0 0 0 0 0 0 0 0 0
-113 -56 82 -100 -16 69 -115 -58 126 65 -78 123 -4 88 74 -74 -85 4 12 -107 -49 104 -117 0 0 0 0 0 0 0 0 0
-60 102 -59 -35 -67 -97 114 117 -90 -46 110 -59 49 114 -82 -84 -52 -31 38 -50 70 103 -66 80 0 0 0 0 0 0 0 0
-114 43 -53 86 127 92 -104 118 -102 47 50 -108 -50 -79 51 -6 107 41 -107 -11 57 -16 -18 -86 -9 0 0 0 0 0 0 0
88 -108 26 66 124 -126 -39 83 121 -106 60 91 56 95 -17 -57 -97 -23 -80 -99 13 73 21 -24 -104 26 0 0 0 0 0 0
-40 66 84 -87 90 -100 -4 -39 -91 3 -35 99 -97 54 40 82 -2 24 -34 96 -96 -67 -64 -3 -77 35 -34 0 0 0 0 0
104 24 38 -118 -58 63 76 75 51 65 -121 -52 -126 -124 -80 6 120 123 -9 5 -58 45 123 31 115 111 77 -126 0 0 0 0
-63 -38 83 86 11 -97 124 -95 -97 12 89 -40 112 69 66 100 -64 47 -69 -2 -5 116 -52 87 -124 58 -109 55 34 0 0 0
-57 -4 78 95 -35 39 -111 98 -75 -11 -120 -65 -42 -18 -120 -72 -74 -100 -21 -19 15 68 124 77 -64 54 55 50 49 41 0 0
-34 -25 -99 -103 -88 127 19 9 -127 -6 -15 100 -72 12 107 -77 -123 -26 -119 25 -87 76 116 27 -25 -51 -45 -100 81 -51 86 0
65 -57 -51 25 -102 20 -50 19 91 75 -112 77 -6 74 -29 -36 -11 -47 -39 -122 -37 61 20 -4 -81 108 84 65 -47 3 -33 123
61 78 60 -31 -88 47 79 69 117 -73 5 26 -84 -25 -110 17 -55 94 -74 16 117 27 -98 4 -19 77 -15 -95 93 -46 3 59
102 28 24 11 104 -102 25 -24 -104 43 -122 -38 12 -1 58 -22 67 -9 -16 -4 20 17 12 -5 58 -56 -11 59 -30 109 75 103
-99 26 78 10 -118 121 -111 89 35 -102 61 70 -122 -41 -38 -40 65 -53 -118 -109 103 102 40 23 18 77 80 -105 -24 38 -122 -82
-73 -3 -97 -76 -46 -125 -98 31 -68 48 2 -58 64 99 113 56 -105 29 70 -80 -34 -32 -81 -29 -111 -98 61 -63 74 3 -2 65
-114 -34 116 -77 119 109 -109 -98 61 -68 99 46 -56 4 116 90 98 -91 -51 -21 115 119 -35 122 76 -84 7 105 113 14 -89 29
-72 -76 86 55 -87 -115 73 2 87 -120 -101 33 -19 -63 116 5 -23 54 -117 -124 36 42 -97 -48 97 45 -57 -76 -1 -49 -67 -77
-13 -65 -35 -19 -96 -77 -94 -101 17 45 -59 43 -24 -94 23 -21 -12 -51 53 -111 -7 17 -38 -48 -127 7 -46 -3 48 -20 -40 67
43 18 -25 -7 1 -117 19 -1 -9 93 -104 -127 -52 56 62 -24 67 -55 -41 -14 92 12 -42 117 -26 125 23 -9 24 -105 10 15
-5 10 54 -11 75 -113 52 -33 -23 83 2 84 -49 -108 -87 87 101 -40 28 -97 -54 56 56 -127 100 -106 76 75 43 71 -4 -87
13 -48 -118 -53 39 -78 25 -92 -55 67 -28 53 92 100 63 54 41 -68 56 83 -28 76 53 -80 108 59 -95 83 33 98 -35 37
-75 56 63 120 99 -121 -5 -108 -35 3 4 -125 16 56 -57 80 -84 -29 10 -110 -59 27 113 67 19 -8 53 114 -55 40 46 -68
70 -43 28 117 6 -92 14 120 71 -16 -90 -84 -90 -15 83 -82 25 82 15 -65 32 87 -92 86 2 -102 -61 40 86 112 -18 63
-120 -7 99 -39 -125 -112 -26 -3 91 16 31 70 -2 73 10 -67 -20 27 -47 -73 2 112 108 -69 -82 115 -20 80 75 72 -67 -123
-89 -96 34 -100 -64 -27 60 -52 -38 108 -76 14 113 127 -54 68 113 117 52 72 -125 -92 85 -84 111 -74 -99 -90 -29 62 37 -2
-65 11 84 80 -42 101 -96 -102 -67 18 -111 -41 63 45 15 -55 -85 13 91 -46 122 -52 -10 -80 16 -22 31 -71 -48 78 -122 12
2 -114 88 -79 -75 42 -64 -107 -107 -68 -73 -4 85 52 109 84 -111 90 -3 -29 -118 -44 38 127 -99 71 87 83 34 108 -79 4
-44 54 -70 -92 -24 23 -13 -58 -7 -28 95 -13 -8 -63 54 71 -120 -22 -70 -48 -4 115 11 51 -71 32 78 102 -19 -50 25 -77
-51 64 111 74 -110 63 43 -82 -73 -73 58 -11 56 3 -17 -11 -87 -14 102 -15 56 91 50 94 17 66 25 22 -125 -104 -6 122
-12 60 103 -10 112 23 77 -84 -110 -91 109 41 -92 88 62 -44 -78 25 -123 -80 60 -113 20 -98 91 102 -49 -52 73 94 25 97
46 -3 -121 -106 72 -40 -51 59 -96 -105 33 -110 -22 125 57 -33 -17 89 89 66 49 -6 -117 82 -127 103 91 -108 110 111 -7 35
9 -81 91 -63 -104 98 114 -79 -41 107 26 -103 -75 -98 94 -5 21 83 -5 50 92 43 24 12 40 123 14 83 -86 -65 23 32
-50 -67 49 9 73 47 -24 -31 108 67 -105 -29 -14 -16 5 44 -12 -95 -58 54 1 -42 -44 76 -42 124 -74 42 -79 -107 -119 43
49 101 20 -49 118 -5 -53 127 120 114 -29 20 -99 -105 -7 10 -60 58 -127 102 90 -74 -55 -121 -43 -39 -126 -124 79 112 94 71
-4 15 52 40 117 -90 92 -18 120 -30 42 39 -109 -76 60 -18 112 66 -13 70 96 86 -42 -36 68 -22 -125 94 87 -116 21 120
93 -21 -110 47 -3 -86 123 -92 6 84 84 -25 -78 93 -18 56 -53 -33 -84 25 -13 1 -55 84 -7 121 16 -104 61 7 84 104
-110 -91 -43 -90 -108 -116 33 -75 110 27 87 64 108 85 72 75 63 -67 11 -51 121 56 -34 -31 -115 -82 -2 -28 -39 123 -98 -111
36 123 45 -122 -8 -32 -25 -20 13 94 10 79 28 -84 71 -99 -22 8 50 102 -38 -14 -124 -2 -41 -88 65 74 -29 -119 102 -38
-104 127 20 52 -77 -39 97 110 41 -38 -55 39 48 4 122 118 18 120 -111 -120 63 -99 -32 22 -112 99 -107 -12 21 -119 92 94
94 127 -15 119 125 14 -44 52 -100 -9 -75 -98 74 77 34 -19 26 -59 -82 -33 -116 7 48 70 77 27 84 87 100 78 -122 -82
-10 -53 -87 -38 2 48 -70 22 -33 48 69 75 99 -18 119 4 1 23 12 -127 -38 51 59 36 -48 58 -110 -31 41 -15 25 -20
14 54 -35 -77 11 -88 -66 8 115 -57 97 -42 -9 -81 -38 95 119 -121 -32 -118 63 119 116 12 92 -125 44 -51 35 61 106 -47
-6 30 -55 79 39 -5 30 78 -126 76 62 74 91 88 -37 -91 -79 -58 -80 -65 -17 16 57 66 -64 8 21 -71 -84 -18 33 -62
0 -48 39 -59 44 -26 70 -118 -27 118 105 5 -53 -17 -9 -99 -74 -18 58 -16 66 -91 -103 -53 -87 -5 5 32 94 -78 30 73
0 0 -22 57 114 9 -14 -22 -64 -9 -110 -24 57 7 99 97 127 97 125 -42 85 39 -47 -66 -66 22 109 -32 2 40 -36 -18
0 0 0 -122 5 24 -86 101 29 -86 51 121 60 4 -46 -109 -79 -123 -77 -50 -124 16 -62 -32 102 94 -1 -15 94 -17 116 74
0 0 0 0 -108 -116 -65 29 83 -36 75 4 86 -17 11 -45 -89 -6 -63 -68 -127 -78 -80 -25 -73 -46 -117 9 -87 78 -108 90
0 0 0 0 0 56 35 91 -49 43 79 53 -8 57 97 -109 14 7 -58 107 -56 -8 -123 78 -82 4 -48 67 -50 60 47 75
0 0 0 0 0 0 116 41 -34 -47 -59 -35 -35 -42 94 93 -26 81 -89 35 -13 0 91 -53 43 15 95 83 40 79 72 -2
0 0 0 0 0 0 0 116 -65 51 80 94 6 53 56 100 66 84 87 -30 -112 69 -77 33 -83 -77 -112 0 16 40 11 -100
0 0 0 0 0 0 0 0 75 42 -113 -70 59 -16 -88 -53 -36 -102 -101 19 -94 -115 -65 -66 -93 35 -21 -8 -65 69 -7 125
0 0 0 0 0 0 0 0 0 8 -3 126 -42 25 76 16 -94 35 -64 -99 -74 91 108 118 -79 54 83 -62 -38 90 -37 -72
0 0 0 0 0 0 0 0 0 0 84 65 47 104 -34 -77 48 -83 66 126 -110 127 44 -7 -35 51 -72 116 -97 -56 -116 108
0 0 0 0 0 0 0 0 0 0 0 96 110 73 63 -8 -48 -3 16 -72 121 37 60 69 11 56 -100 15 75 -89 -112 18
0 0 0 0 0 0 0 0 0 0 0 0 -31 65 46 49 -103 -18 -67 9 100 96 126 109 -60 -41 -111 112 69 75 -119 -43
0 0 0 0 0 0 0 0 0 0 0 0 0 -122 -22 101 127 73 -90 92 80 82 -70 61 119 63 2 -1 36 101 -11 -87
0 0 0 0 0 0 0 0 0 0 0 0 0 0 92 126 -98 -21 91 122 81 103 -85 3 116 127 71 124 -77 104 -124 -101
0 0 0 0 0 0 0 0 0 0 0 0 0 0 0 -120 43 -15 11 24 73 38 -112 -55 -98 47 -61 -80 -34 -15 25 -18
0 0 0 0 0 0 0 0 0 0 0 0 0 0 0 0 62 60 -49 -26 62 -106 -14 -33 92 -109 117 34 -125 -109 -91 36
0 0 0 0 0 0 0 0 0 0 0 0 0 0 0 0 0 -114 20 20 89 -24 97 113 31 -56 -118 124 -39 85 -24 -40
0 0 0 0 0 0 0 0 0 0 0 0 0 0 0 0 0 0 3 -30 -71 -74 -85 -38 -84 13 -11 -39 -39 41 34 -83
0 0 0 0 0 0 0 0 0 0 0 0 0 0 0 0 0 0 0 2 -9 49 -98 -69 54 15 0 -120 46 -108 31 -15
0 0 0 0 0 0 0 0 0 0 0 0 0 0 0 0 0 0 0 0 -106 98 -72 66 -74 40 -33 -123 -123 19 -58 39
0 0 0 0 0 0 0 0 0 0 0 0 0 0 0 0 0 0 0 0 0 97 63 -72 -63 102 7 -67 -5 -115 -1 -28
0 0 0 0 0 0 0 0 0 0 0 0 0 0 0 0 0 0 0 0 0 0 107 -9 25 116 126 -18 -121 -1 -121 58
0 0 0 0 0 0 0 0 0 0 0 0 0 0 0 0 0 0 0 0 0 0 0 -43 24 -119 102 -49 96 -4 47 -107
0 0 0 0 0 0 0 0 0 0 0 0 0 0 0 0 0 0 0 0 0 0 0 0 70 92 109 -70 102 40 110 39
0 0 0 0 0 0 0 0 0 0 0 0 0 0 0 0 0 0 0 0 0 0 0 0 0 104 75 -106 122 26 -21 -98
0 0 0 0 0 0 0 0 0 0 0 0 0 0 0 0 0 0 0 0 0 0 0 0 0 0 71 72 -51 57 -74 -4
0 0 0 0 0 0 0 0 0 0 0 0 0 0 0 0 0 0 0 0 0 0 0 0 0 0 0 6 35 37 -91 61
0 0 0 0 0 0 0 0 0 0 0 0 0 0 0 0 0 0 0 0 0 0 0 0 0 0 0 0 50 -87 -4 119
0 0 0 0 0 0 0 0 0 0 0 0 0 0 0 0 0 0 0 0 0 0 0 0 0 0 0 0 0 -84 -6 -100
0 0 0 0 0 0 0 0 0 0 0 0 0 0 0 0 0 0 0 0 0 0 0 0 0 0 0 0 0 0 -120 -112
0 0 0 0 0 0 0 0 0 0 0 0 0 0 0 0 0 0 0 0 0 0 0 0 0 0 0 0 0 0 0 -104
0 0 0 0 0 0 0 0 0 0 0 0 0 0 0 0 0 0 0 0 0 0 0 0 0 0 0 0 0 0 0 0
