36 0 0 0 0 0 0 0 0 0 0 0 0 0 0 0 0 0 0 0 0 0 0 0 0 0 0 0 0 0 0 0
97 123 0 0 0 0 0 0 0 0 0 0 0 0 0 0 0 0 0 0 0 0 0 0 0 0 0 0 0 0 0 0
-38 78 77 0 0 0 0 0 0 0 0 0 0 0 0 0 0 0 0 0 0 0 0 0 0 0 0 0 0 0 0 0
-49 5 -8 104 0 0 0 0 0 0 0 0 0 0 0 0 0 0 0 0 0 0 0 0 0 0 0 0 0 0 0 0
-120 46 33 42 -117 0 0 0 0 0 0 0 0 0 0 0 0 0 0 0 0 0 0 0 0 0 0 0 0 0 0 0
-3 -41 120 104 -93 -40 0 0 0 0 0 0 0 0 0 0 0 0 0 0 0 0 0 0 0 0 0 0 0 0 0 0
-64 5 -44 -17 -4 -2 124 0 0 0 0 0 0 0 0 0 0 0 0 0 0 0 0 0 0 0 0 0 0 0 0 0
57 32 23 96 -80 -123 -53 83 0 0 0 0 0 0 0 0 0 0 0 0 0 0 0 0 0 0 0 0 0 0 0 0
-38 -24 118 -66 -117 92 -1 118 -41 0 0 0 0 0 0 0 0 0 0 0 0 0 0 0 0 0 0 0 0 0 0 0
59 -48 35 -110 1 -57 68 -15 -44 -97 0 0 0 0 0 0 0 0 0 0 0 0 0 0 0 0 0 0 0 0 0 0
-41 88 -101 85 -94 -54 58 19 -17 30 -27 0 0 0 0 0 0 0 0 0 0 0 0 0 0 0 0 0 0 0 0 0
38 32 86 63 -123 -72 -14 -34 -40 36 -75 37 0 0 0 0 0 0 0 0 0 0 0 0 0 0 0 0 0 0 0 0
75 37 -18 39 -17 -9 102 91 -5 125 -51 -70 -68 0 0 0 0 0 0 0 0 0 0 0 0 0 0 0 0 0 0 0
-99 60 -65 -61 -8 105 -40 -61 -74 48 121 81 28 -67 0 0 0 0 0 0 0 0 0 0 0 0 0 0 0 0 0 0
44 100 77 -123 63 15 94 121 53 72 103 -88 -115 15 -61 0 0 0 0 0 0 0 0 0 0 0 0 0 0 0 0 0
-52 12 -54 82 -103 55 113 -64 39 67 -12 13 6 25 38 98 0 0 0 0 0 0 0 0 0 0 0 0 0 0 0 0
-111 -113 -58 -100 113 -55 -85 -49 -31 -1 -37 3 -22 80 -70 -78 29 0 0 0 0 0 0 0 0 0 0 0 0 0 0 0
80 113 53 -57 -69 -72 -4 -5 74 32 114 66 -45 125 -32 2 13 67 0 0 0 0 0 0 0 0 0 0 0 0 0 0
55 49 97 4 127 115 9 92 -106 28 9 -104 64 64 60 94 -40 -17 -49 0 0 0 0 0 0 0 0 0 0 0 0 0
123 -104 18 89 23 72 -55 -22 -106 -41 -92 -117 40 -61 51 -79 63 -92 35 -57 0 0 0 0 0 0 0 0 0 0 0 0
-75 0 -105 10 -31 27 3 21 -59 -35 68 -74 101 -21 81 2 67 35 -103 -17 -61 0 0 0 0 0 0 0 0 0 0 0
-58 -56 98 -41 85 -73 -25 -79 122 62 63 -51 17 -58 125 -18 -79 -121 72 -94 24 0 0 0 0 0 0 0 0 0 0 0
-29 52 -50 61 11 -13 118 107 -107 -118 64 -93 -3 -28 30 110 39 -97 107 -67 12 -8 -17 0 0 0 0 0 0 0 0 0
15 -34 -84 34 42 47 -74 9 120 8 4 107 -73 -32 -42 104 -78 118 112 77 -123 -109 -63 107 0 0 0 0 0 0 0 0
71 109 42 84 77 -105 -126 -49 91 37 -64 118 -106 0 -6 87 15 77 117 117 -27 -91 -14 -22 -112 0 0 0 0 0 0 0
116 44 -104 -60 47 -54 73 70 -113 89 77 92 -66 -96 -108 29 93 59 102 38 -54 25 76 -22 88 -83 0 0 0 0 0 0
99 -71 -69 84 25 13 -56 1 -75 11 68 43 59 4 47 -123 -88 -106 -80 109 -88 -11 23 89 94 -37 -94 0 0 0 0 0
-52 -117 -52 56 -118 31 -52 71 -3 11 40 73 37 30 -1 -126 39 -24 -53 -34 -70 19 80 -77 97 -91 18 84 0 0 0 0
-21 -82 -118 -15 -22 -8 111 30 -115 -92 -113 -10 -18 104 -96 -122 -5 -65 119 -92 82 -127 83 101 47 103 -21 58 -84 0 0 0
60 -49 99 61 -122 51 88 12 -43 90 -73 73 -16 79 85 75 90 -43 108 45 108 -52 43 108 84 97 88 1 -102 -11 0 0
94 -35 6 -28 81 103 -3 24 -64 -62 126 -18 12 -22 -112 29 -108 104 92 -96 -9 -99 119 39 5 127 -123 11 -68 29 -3 0
-98 82 -11 -114 -90 -115 63 -112 -40 -49 -75 56 -112 -6 -23 16 126 114 -48 52 103 10 55 -68 10 69 -125 96 -22 -61 -56 -25
-64 -80 -56 88 -101 112 -7 -4 -90 -24 61 -110 -69 -39 -5 -81 -115 29 -112 -56 88 63 77 42 -60 -126 14 -4 94 -29 49 -84
62 -52 96 -8 -124 -90 -36 34 6 11 112 -75 -100 -96 -110 36 -10 -50 49 25 92 88 -54 45 32 -71 -65 -37 35 95 40 90
21 2 3 40 90 -43 19 13 -68 -75 115 -4 121 4 -45 98 -36 -2 86 -53 -68 -112 -114 40 -8 14 -64 -112 -79 98 -115 65
19 -104 -113 -72 -37 40 39 37 76 109 124 25 57 -102 -86 -8 -90 -105 101 -43 51 45 -90 -91 17 -111 -110 54 -91 -64 -43 -86
49 79 72 75 -65 -37 58 -121 -1 22 51 4 93 112 61 107 79 67 27 20 -55 50 9 49 -101 -27 -26 -90 -48 -112 -16 36
53 -113 57 108 91 -23 83 15 -3 107 108 -123 117 83 -94 122 -2 -74 -108 -40 -30 63 -100 51 61 24 -49 2 -27 -41 126 -28
-46 -13 -72 94 -119 120 -90 -54 -109 23 -124 2 112 -119 82 -87 10 -11 -126 -109 14 22 -9 -54 -25 -63 -64 124 17 -94 75 -41
-79 -64 2 54 109 22 -79 -74 -84 -118 104 -70 -35 74 -59 121 40 12 6 -10 -115 54 -80 41 5 -67 -2 -58 73 -20 -7 54
-53 0 -36 -19 31 -91 4 -16 2 46 88 123 90 -51 32 -54 111 -117 122 -26 -91 -111 -29 -46 53 -3 113 -45 26 32 -38 45
63 -117 -118 -116 54 61 76 -51 111 90 6 -112 -43 124 99 -116 -17 -69 90 22 9 83 78 -101 -112 -60 -72 40 50 54 127 -9
-91 79 12 -88 -116 -44 58 83 98 87 -126 -11 43 -65 9 -115 52 72 -99 -127 104 20 -31 -98 -107 5 -54 -64 -24 -111 125 -105
-101 -36 -102 40 18 -92 107 87 98 3 -93 118 -104 31 65 105 -71 13 -41 80 30 53 109 -25 86 -79 65 -29 -1 -67 -15 -113
113 -12 -4 -20 -80 25 -99 111 60 -121 101 -12 12 73 -20 -5 -15 34 -43 -124 110 117 -107 94 -14 -85 62 83 -11 -7 67 28
-52 40 34 116 -39 -7 -22 11 77 -75 92 -8 -34 -88 91 -112 41 40 19 112 58 40 43 35 101 33 -80 77 -54 9 -39 80
-84 31 68 14 -85 -36 -72 -87 53 90 86 -73 28 47 -126 -121 -48 -39 15 9 54 -91 -120 -46 -57 -90 -127 -85 72 -107 51 97
-22 33 116 63 -87 -2 -95 -120 36 70 35 118 -100 -38 -104 -23 -122 -100 -33 105 -12 -11 -57 -30 -102 -46 68 0 -35 -84 -67 48
26 59 120 -47 15 -22 -119 110 88 -126 -43 -82 -67 93 114 83 -3 -10 62 -9 101 -33 -6 -122 6 -75 27 102 -25 -14 108 77
-80 -107 -20 38 101 -31 -54 -114 -110 -114 83 -54 72 80 -91 -11 -68 -48 33 20 -84 -124 33 97 109 45 -3 -68 -78 28 -62 -84
83 -26 -46 -107 -125 -56 39 -68 3 -110 87 74 123 -36 121 84 -18 93 124 -43 35 -26 90 27 54 -77 -19 47 -29 -68 17 -9
62 1 64 123 20 -15 19 -71 -86 -59 38 -14 49 96 -23 0 61 -7 -51 94 -18 59 -83 -76 45 -87 106 53 120 -81 13 -71
29 61 71 -8 93 102 99 90 10 -6 56 -95 56 67 -81 79 -86 -53 -30 -80 57 120 -119 125 18 2 -80 79 94 -119 66 -9
-17 65 -48 -94 -115 51 1 -63 68 -57 51 -102 -101 117 -75 33 55 -99 114 -113 23 -81 38 -24 69 105 -49 -77 -29 -20 -119 96
76 -69 46 -111 -72 -92 -104 99 35 15 -31 75 -1 -79 -74 19 -47 114 84 -14 8 12 110 44 10 -11 53 83 47 50 98 1
-24 -66 -54 34 10 83 79 -17 59 36 115 -111 -117 -75 50 100 115 127 -56 92 39 48 113 116 17 125 95 59 -71 50 -32 21
-15 83 -51 111 63 12 -31 -58 -36 -100 38 -17 -52 35 -87 15 -111 -102 67 11 27 -22 99 112 36 127 -83 -77 -29 -33 -10 14
48 117 -29 -24 1 4 -45 -102 -95 -116 71 -89 -70 -111 19 -46 -20 45 -74 -7 -99 -84 23 88 -87 4 -97 82 122 54 -71 -32
-116 17 76 -69 113 28 -100 124 105 -23 121 107 119 -50 -17 88 -26 77 5 115 -85 125 93 52 116 29 75 37 -19 -63 41 16
-59 89 -115 119 28 -72 -69 -45 -88 117 76 11 56 25 30 -8 -10 -107 52 3 -77 18 123 5 -18 -76 70 117 125 109 -74 105
15 69 94 103 -120 -6 -18 -10 1 23 113 -71 27 -20 -64 -80 16 -63 -7 98 -119 111 -54 69 52 -44 124 51 24 11 15 56
-30 -76 120 -49 -100 78 -8 -79 53 36 40 42 -73 -105 -119 -24 -72 -9 76 -89 -60 84 25 -75 63 -15 84 -73 0 82 92 109
43 34 105 -112 -9 -5 123 -87 115 10 -21 -54 -37 -21 33 65 -115 -86 -50 61 80 -29 -6 -14 105 -81 -22 -117 -91 23 -37 5
-56 107 -28 38 54 -92 -61 -110 -62 -112 71 -115 -54 -90 13 80 36 -60 -104 -125 -81 104 -109 -14 -111 -89 -17 102 -62 4 -97 -27
0 118 118 -29 -90 63 -120 -123 -20 51 -55 -25 123 -78 26 97 92 98 -58 -18 115 -114 23 95 -108 74 -21 123 53 -115 -73 109
0 0 -49 102 -55 107 -110 -100 -28 123 -66 -12 3 -14 -118 99 -77 -36 34 -53 -76 -20 -61 93 -103 115 -8 72 122 52 77 -116
0 0 0 -14 111 94 121 -21 -12 60 110 30 74 7 -22 -25 -69 -36 109 81 -127 43 -77 52 74 -24 -45 61 34 -121 -90 41
0 0 0 0 -83 66 -9 60 -111 -42 15 -44 -88 -35 -119 -123 -34 -1 -75 125 117 72 -94 -14 -19 58 -52 -107 -82 -91 -11 44
0 0 0 0 0 89 53 54 -108 -3 60 -47 23 114 9 104 -31 4 84 -92 38 -96 54 60 -34 114 -59 -52 80 115 41 -64
0 0 0 0 0 0 72 87 0 -29 99 -79 -84 69 -88 -95 -29 -114 1 -104 5 55 -62 -30 83 46 32 -53 -22 -95 -73 -31
0 0 0 0 0 0 0 -3 -10 90 87 -46 126 -9 -63 69 -40 90 -48 -85 -17 -9 124 -28 -24 -125 -12 80 29 25 5 -78
0 0 0 0 0 0 0 0 116 99 12 -84 -124 38 -82 -19 -26 35 69 -8 -45 -107 -103 70 25 -12 -60 55 102 -66 -95 24
0 0 0 0 0 0 0 0 0 -32 -5 -40 -17 -13 -48 29 -82 62 75 13 122 5 -68 -47 42 107 9 11 -23 -118 53 60
0 0 0 0 0 0 0 0 0 0 114 60 -23 103 -33 58 -60 -62 106 -89 109 32 94 118 -91 -5 51 36 13 -29 -4 -83
0 0 0 0 0 0 0 0 0 0 0 -115 -91 -109 -39 -33 -123 0 -48 -113 -14 94 50 90 -38 -109 29 63 -15 -78 26 -111
0 0 0 0 0 0 0 0 0 0 0 0 -18 -67 108 -65 9 -82 96 69 -4 -51 40 27 -24 20 -93 -94 120 -25 -46 119
0 0 0 0 0 0 0 0 0 0 0 0 0 79 -32 -48 -10 -97 -30 -79 22 100 119 -14 -93 -94 -122 -21 -3 90 106 -109
0 0 0 0 0 0 0 0 0 0 0 0 0 0 -122 -8 -102 50 5 113 43 65 3 -41 -66 -125 66 67 34 -71 45 -91
0 0 0 0 0 0 0 0 0 0 0 0 0 0 0 -31 107 23 22 100 125 -26 12 -104 25 -66 -124 -104 -118 -74 -125 118
0 0 0 0 0 0 0 0 0 0 0 0 0 0 0 0 -57 53 -7 111 -112 -26 68 19 41 -14 103 7 14 12 46 -122
0 0 0 0 0 0 0 0 0 0 0 0 0 0 0 0 0 97 -116 -95 -56 -86 75 -51 118 63 80 123 77 -87 -31 -122
0 0 0 0 0 0 0 0 0 0 0 0 0 0 0 0 0 0 -81 -6 -22 -74 41 -126 -108 22 -80 -72 -118 105 42 22
0 0 0 0 0 0 0 0 0 0 0 0 0 0 0 0 0 0 0 -35 -93 57 9 80 89 -17 55 61 48 106 3 -115
0 0 0 0 0 0 0 0 0 0 0 0 0 0 0 0 0 0 0 0 102 105 -98 15 84 -103 18 -22 -80 85 -41 -47
0 0 0 0 0 0 0 0 0 0 0 0 0 0 0 0 0 0 0 0 0 -27 123 23 -80 118 -127 64 108 -81 10 -117
0 0 0 0 0 0 0 0 0 0 0 0 0 0 0 0 0 0 0 0 0 0 -84 -61 74 20 -98 95 49 -2 56 -87
0 0 0 0 0 0 0 0 0 0 0 0 0 0 0 0 0 0 0 0 0 0 0 -96 98 -2 35 -102 69 -13 62 -23
0 0 0 0 0 0 0 0 0 0 0 0 0 0 0 0 0 0 0 0 0 0 0 0 122 -90 -92 123 49 40 42 51
0 0 0 0 0 0 0 0 0 0 0 0 0 0 0 0 0 0 0 0 0 0 0 0 0 126 -104 -3 -27 -97 -60 101
0 0 0 0 0 0 0 0 0 0 0 0 0 0 0 0 0 0 0 0 0 0 0 0 0 0 -125 102 95 67 125 115
0 0 0 0 0 0 0 0 0 0 0 0 0 0 0 0 0 0 0 0 0 0 0 0 0 0 0 54 -47 107 123 -78
0 0 0 0 0 0 0 0 0 0 0 0 0 0 0 0 0 0 0 0 0 0 0 0 0 0 0 0 -44 40 -4 -68
0 0 0 0 0 0 0 0 0 0 0 0 0 0 0 0 0 0 0 0 0 0 0 0 0 0 0 0 0 78 65 86
0 0 0 0 0 0 0 0 0 0 0 0 0 0 0 0 0 0 0 0 0 0 0 0 0 0 0 0 0 0 92 57
0 0 0 0 0 0 0 0 0 0 0 0 0 0 0 0 0 0 0 0 0 0 0 0 0 0 0 0 0 0 0 38
0 0 0 0 0 0 0 0 0 0 0 0 0 0 0 0 0 0 0 0 0 0 0 0 0 0 0 0 0 0 0 0
