-11233 -9538 -12419 -55521 27629 -8574 73482 -17914 -3486 132714 -48740 -10287 9103 28586 14706 -53771 -1338 -9729 -25624 -55201 66594 32727 -30912 478 80147 -9630 21255 37557 -79793 -32817 -51826 -329
-246 7250 -3339 -66309 80850 -3848 19346 -1338 -18347 111311 -47936 -53556 10326 23551 6207 -73713 -24953 -54977 -4515 -43136 37269 20093 -64860 -9909 73332 -63737 12551 46338 -43357 -53036 -77093 37783
-12062 -22604 11740 -78498 54798 56416 3992 -5612 -40955 148560 -56597 -3143 -16100 2099 11730 -52758 -20995 -66929 -27323 -14846 64323 -599 -32768 8671 111888 -4521 -20551 34342 -71049 -80623 -76500 35629
25978 42305 14827 -28518 74026 -28583 40532 -54143 8794 144794 -105104 707 -37121 379 6915 -73142 25193 -49454 17572 -38290 90908 15859 -15181 4096 57871 1646 -20581 24843 -52309 -38737 -52703 30026
7114 -4910 32694 -49068 85795 825 40096 -22655 8875 127611 -53937 -2918 -25042 33464 26600 -23419 11455 -71856 11126 -37727 51401 5716 -53625 32462 76655 -13187 3515 16976 -40956 -34621 -11305 59091
11046 37448 29648 -11939 44932 20724 25040 17525 -14021 102132 -23561 -7313 -25379 42334 60132 -49471 -18810 -21248 -23316 -26935 -482 11859 -30948 -19889 102956 -39955 14678 54105 -106963 -79864 -52040 47282
28808 2731 39756 -29732 87762 -8686 22178 -46327 8579 129567 -65851 1739 -2325 15231 35423 -96794 -14136 -60503 -19708 -37454 47941 -6261 -21881 -9463 50400 -22676 81232 23596 -92758 -66961 -41513 24852
-53870 31547 -5016 -69913 67868 19322 14856 -32767 2193 184524 -35239 12345 37663 15994 13808 -53496 6349 13548 5086 -70823 4067 -33185 -57850 19384 76365 -30271 28043 46014 -75586 -85229 -16178 68034
-19294 34488 20995 -65753 65977 38663 36449 -14689 -53671 115444 -65371 -17040 -13102 54845 -10323 -15182 -10118 -66194 9546 -25985 13064 24046 -31462 5014 52367 -57906 42269 43215 -74540 -58588 -71299 -13139
-21227 4532 -3796 -59960 66959 16305 24200 -21978 -784 133383 -87084 7338 -9604 51356 21710 -59155 -7420 -28377 -37901 -35466 48745 -8927 -34781 29672 101874 -33760 32950 69760 -74411 -75265 -74814 20585
12290 -12287 -45575 -75215 63527 -5171 60701 -22546 5407 94474 -50297 6178 -20209 20760 2583 -14053 5266 -4687 -10716 -46427 84352 22099 -10837 -14749 40743 2183 20612 69012 -31935 -43910 -13676 46221
18635 41838 -18549 -106679 71763 34621 1534 -19089 -26618 139457 -39609 -8324 -9748 39785 10153 -25760 -30548 -41311 -15870 -45719 49072 -22717 -61923 -24162 59188 -26394 6012 23923 -35679 -53266 -41096 50215
23812 40697 33371 -42474 78826 30071 22552 -40490 -36287 157402 -55297 -5555 -17864 38001 7522 -78223 7176 -50801 5729 -34733 25643 -6612 -64593 -12028 29863 -9726 15297 36543 -57771 -25596 -33625 1823
6100 16172 7493 -61644 59305 19327 23638 -34229 -17088 137827 -39129 -1234 14855 51130 -14138 -9368 -17806 -46641 8506 -7679 22944 38430 -8117 2769 78143 -52089 26562 58816 -54166 -44559 -94172 37476
-12990 -5889 25713 -91453 49000 -653 39037 -27498 -31898 121250 -61355 -25524 -6248 4009 11973 -15606 -12742 -45937 -15435 -40582 18192 -12062 -48438 2982 63668 -64127 19799 57008 -37179 -67380 -101107 38372
-5183 23894 14688 -54797 52714 28676 6179 -17286 -34314 78314 -48882 -2197 -55317 11948 6899 13266 -1296 -10564 -26024 3627 -191 22907 -55597 32098 107061 -64859 42707 40825 -65730 -95022 -58193 16868
-15696 -8919 -25623 -47546 26481 19904 12014 7688 -30420 77060 -17128 42653 876 9424 -14766 -32574 -27946 -32992 -30442 -34774 44542 19324 -41488 -5510 72740 -54663 -6000 12173 -48289 -72211 -45334 15379
5451 32220 52959 -20954 51769 18323 25912 -21472 -24124 126588 -86119 -20261 3967 -2090 7443 -34101 8162 -46464 20612 -29156 4445 21754 -38645 -4346 48246 -41311 17720 75749 -57285 -83412 -59631 75678
-5553 -4197 -3802 -64947 72867 15549 18788 -13268 17809 111377 -59972 -332 -7150 27602 -36293 -83099 -22681 -66661 39787 -14019 66049 11947 -18094 15478 60878 -34387 -26433 28600 -55751 -81417 -65087 22756
-2076 -5336 28695 -66497 77753 18410 24476 -24750 1651 138875 -72037 -41028 2417 12506 -18802 -30500 1921 -3163 -2858 -49181 2409 12324 -51068 12544 79579 24166 25749 15709 -5719 -53931 -8003 32023
73751 -7212 24912 -48100 42449 17973 -11059 -7623 -35535 62665 -85179 6199 -22651 10435 7973 12574 -49773 -30010 -52173 -27059 57274 -5877 -41779 2485 71988 -22175 25541 22176 14363 -31109 -71104 40503
20252 12878 36701 -65909 51468 9213 -22922 12830 -17133 119659 -25925 -27780 -14180 26823 14798 -68902 -27114 -63768 -18593 -73474 21226 -23351 -55490 -29282 54140 -9369 43036 36273 -48331 -51688 -65306 41976
-13152 792 -13752 -69051 45491 24964 -6717 -19637 1110 98514 -56607 -7426 -13670 39248 2197 -43850 -32107 367 -6824 -25609 15111 -2545 -41560 -5989 90862 -33457 -16617 43992 -71778 -58422 -39042 3945
-35306 31106 -13900 -43026 43329 45042 2607 -26337 -20775 129333 -21219 23455 11425 -13393 12086 -16715 -26254 -35885 10782 -40602 9118 -13274 -60849 17207 64214 -29019 5255 26383 -66364 -87092 -41734 38385
16942 21951 792 -54928 72103 -21356 35484 40 -24789 120296 -82394 -21240 4730 47420 45493 -6441 -34455 -71680 -42595 -31948 78506 4063 -56608 -20198 74096 -46214 21012 43165 -16244 -52187 -67445 70472
18374 -31508 30808 -90775 54757 42274 23500 -33041 -36865 120656 -77325 -1259 -30348 29793 47805 -65599 -5384 -40522 -15404 -32909 48832 16106 -31090 18164 75715 -16958 42299 52769 -89328 -68032 -58096 19770
-1941 20759 25747 -82971 82476 3462 12710 10128 -32949 125840 -62147 -22968 -8085 58240 47956 -48016 -31771 -29424 -15625 -16763 24095 5294 -41946 -33248 72119 -57134 66709 -3696 -64638 -48206 -84854 -14344
16452 36250 46203 -55288 62091 -33647 64753 -27357 -678 115069 -20969 -37916 -31995 47501 -1117 -15116 -17802 -89065 21380 -78226 34162 3982 -51945 -37454 45404 -19114 37851 57335 -19289 -22545 -38492 45020
61395 23984 49474 -35559 57259 24380 42659 -19724 -17814 136314 -28749 -21995 -8893 12879 -10878 -76833 6856 -80882 16461 -58513 36308 -4062 -98111 -9884 51790 -18090 25549 84333 -52018 -65706 -40600 63370
-10116 11533 -6826 -44087 74169 29242 353 -7170 -24451 90801 -35846 29181 -1211 -15505 16689 -66433 -16081 -35787 12585 -2837 59916 410 -63333 -18877 61496 -69530 -12224 7811 -43989 -114884 -46166 43392
-40340 20814 -2109 -66137 88632 12613 33474 -9812 -34155 131308 -91092 -7413 7917 -6555 19690 -37874 -3801 -18625 -28010 -74509 58698 -34501 -53215 56027 51863 -37707 58420 35909 -59658 -127667 -80557 21670
-27806 17325 18173 -52022 92729 -34108 45811 -49818 -20941 156277 -90607 -12970 1055 73627 42680 -44762 27417 -34736 -27498 -59355 27574 -14167 -55820 3344 88100 -33575 72172 42434 -48466 -23799 -34133 4389
