33523 22896 -37669 -297 4894 -1490 -54145 42425 22588 -16722 33020 -42265 -23762 63672 22129 -22377 -2255 3264 -44266 11062 -21319 24634 -104040 -48613 60863 -18461 101676 19213 21335 -77327 32215 4340
-26601 33236 -58146 49942 -17340 7493 -25811 -6774 8386 11263 2116 -43901 -47638 80381 27836 -45827 1476 9427 -37837 8538 -3202 1287 -74966 -35354 -18867 -7377 61660 -40985 18798 33946 -18521 -4740
-30380 35741 -31457 36680 -356 -9316 6268 30392 11916 -33620 4791 14654 -37996 82662 72801 -35922 -1351 39381 -75013 -10995 -36725 15587 -70839 -50586 11670 -48770 81519 -15873 -16048 -18775 45777 -4581
-2543 -3852 -25628 14694 47140 -7169 -9185 53803 59992 -54006 14039 -49864 1841 80913 24151 -16939 13982 2184 -99403 12099 449 8139 -30345 -27122 -25610 -34903 90864 -21916 -23636 -25222 10968 15859
17942 -6846 31116 49712 -19612 212 -11861 52301 14538 -63204 -8304 -51055 -1654 101897 52108 -2931 -4940 -23401 -73549 31837 -11466 32261 -32258 -20812 12474 -20938 66611 -35322 -16258 -49744 46925 -19478
4165 -43819 -9706 46049 -15595 49883 10020 -13860 19855 -78146 47038 -110455 -22915 66703 63475 -21159 -26030 43035 -107567 19699 -80426 58462 -81967 -17246 59273 -28450 103159 -34470 -19921 -21554 50683 14640
-19847 15664 -21951 26914 -36473 14530 7139 24313 5767 -30283 -15419 -38284 -36804 73040 57292 -40885 -4611 16816 -70762 30117 -31355 38134 -83762 -69243 -20338 -53513 134187 -10188 -7863 -33812 26930 14817
4742 38116 15731 17231 20753 -7538 -14427 18450 26648 -36570 -18746 7870 -15193 94363 13805 -40553 -16002 26977 -98115 27097 -34131 36655 -37158 -67559 2260 -44452 125856 -10692 -26154 -7683 52045 12053
-7878 4723 10307 -7874 30651 -1090 -20008 29497 -19742 -48045 10952 -58490 -7249 72113 22418 -15957 -8167 -10107 -97548 19932 -30064 34114 -64043 -69434 50252 -16180 81782 -21197 421 -42243 41786 14
6542 -15306 18694 -2954 -15709 -9369 -725 33077 -11980 -36484 -17897 -55870 -21291 85007 44460 -7076 1776 -37274 -75624 37211 -17367 42537 -48750 -59197 30168 -61119 93544 -35657 18605 -62938 79215 -30534
20292 32596 -18131 26940 -39947 46089 -3556 36734 4818 -21397 -29897 -56937 -45010 69521 49935 -4969 30382 -12377 -71491 16077 -43775 45400 -42747 -40353 11537 -17767 64119 -29546 -26742 -55707 45034 -9639
21284 4021 10651 21131 -5788 -20229 20934 38470 4326 -81583 -38729 -30559 -14432 55353 -3197 -21074 -31339 -47280 -73383 36103 -48090 39713 -12089 -21127 19965 -23912 73305 -34851 -56035 -41853 53501 -30708
21240 29334 -31383 -43289 17006 5554 14616 37022 37176 -433 -2882 -31819 -42885 86798 18128 -50785 -28969 5889 -105949 20845 -15976 26578 -60233 -30032 -24798 -3632 122564 -14105 -12929 -25940 27512 -5823
44504 32284 32684 73042 -34708 -18216 53268 57146 22270 -5336 -35159 -39980 -20562 106051 38406 -13376 36471 -2773 -76577 21256 -51461 18437 -70684 -44422 586 -60598 78753 -7282 -4371 -7327 99404 17613
15586 23747 -1761 -17098 -4619 31405 -1458 56052 20503 -11748 646 -24042 -21329 31883 43035 -53415 -34925 16249 -69862 -5357 -44966 6783 -46443 -48899 38163 -21460 99302 11650 9346 -40698 19262 829
-10239 -6755 34956 55883 -582 -8553 -7892 19731 51341 -44850 -11112 -74840 -33700 59699 42926 5030 19784 -27473 -92514 -3134 -45170 46328 -51873 -46104 38759 -11815 112128 -42227 -45847 -61536 26635 -32615
10857 27977 -26704 24255 -32016 -25939 -24448 20807 -11860 -38930 -3109 -60078 14775 50212 58193 -25267 -1732 2419 -65103 11588 -14682 74317 -36689 -47390 39295 -34371 102760 -16045 -3928 -3649 3933 11086
-1683 36610 9309 -1090 -24208 -3700 6004 33638 18625 -28659 -30547 -51927 18109 93882 37990 -42051 -18845 5253 -77412 18103 13746 71691 -66731 -40661 -30399 -65428 110338 -61689 -13573 28976 23554 -3783
16209 -2735 7800 15348 -25294 8768 9651 -3538 18803 -17406 -610 -30507 -45894 70313 42477 -24392 -31988 8595 -108523 -10722 -52275 43952 -73582 -28709 15861 -56487 81523 -24927 -15012 -40818 35685 -36871
-22572 -15844 -16799 62726 -12348 44541 -14915 1903 -1433 -6688 38858 -77022 -31223 55533 37932 -13722 -4075 -18111 -107893 35075 -45743 38353 -40742 3320 15106 12606 92566 7698 35772 -8557 5882 45132
-12764 -18322 -19835 23280 39205 24098 -29399 13772 25882 -51833 43912 -79195 67 125043 29849 -4554 -27145 37137 -110265 13489 -52902 10475 -51951 -25583 68708 -2651 120490 1700 -27135 -55481 32763 10075
13496 -18554 -28974 65821 -17534 591 15064 8226 39171 -61217 18351 -49429 -22794 76783 38339 11962 -13882 -28633 -78856 18000 -33373 28334 -83882 -67913 14067 -6928 59407 -659 -12368 -65754 42465 19546
17786 -4784 -8842 62904 -33337 -475 1980 16041 55711 -31617 4903 -89865 -28796 134302 48399 -22213 -11874 10299 -90479 20097 -39242 21494 -64413 -11166 -25940 -50471 122027 -44918 -9094 3143 35308 21910
11193 -19253 -48425 61550 -28419 -2258 -264 14778 38125 -43578 -4220 -77780 -21744 75688 56307 28142 -24357 -12768 -142427 12709 -50629 74745 -85891 -40021 6267 -35582 87666 -67252 -25483 -13703 47182 -3334
27346 12595 -54120 15637 10387 10523 2710 25770 25032 -49403 563 -43363 -27538 62190 42027 -62905 -44600 -13872 -93920 2304 -1897 25107 -44228 -24819 -11300 -36738 119576 -20128 25143 -18216 25318 14223
70938 26204 28354 67710 -28017 -16793 80612 17651 21018 -7406 -28329 -54116 -38800 74089 -16695 -31853 3504 -3475 -76179 15354 -37400 36905 -55251 -37801 28236 -20154 111641 -58704 12813 3809 55446 19948
27074 53555 -22513 28779 -10128 14867 -6119 28822 21519 18860 8438 -21408 -39922 87466 62809 24515 24722 12361 -99347 -3332 -21958 56816 -113499 -83839 37532 -30412 73615 -7381 6323 -16694 68853 10622
-22097 -8450 -41598 5839 48225 7316 -15241 27118 51301 -70349 18454 -31589 -3859 68608 59442 -10564 -7067 -9669 -105294 15842 -31781 49457 -57781 -50077 13032 -63104 108411 -40105 -33424 -40620 46504 -47677
19055 -377 -7531 31054 -50997 30882 40081 50140 14703 -17667 -48657 -74135 -10444 131493 68932 -14670 -3677 26716 -32513 15627 -18772 33870 -22023 -52453 31506 -33088 120908 -55489 -15255 -28967 17308 -8603
44969 -20531 3989 45980 -11453 -11977 -45888 15597 15552 -2475 12674 928 -5789 57837 14933 -34234 34043 1740 -93184 40150 -43974 56750 -35168 19475 18335 20616 86325 7568 -21780 -20563 23236 -40747
13832 1257 -1900 30276 -12319 14569 31423 21237 25323 -47064 -18830 -45220 -27382 107596 39562 -34492 5847 -25216 -75934 13453 -28250 -1831 -62181 -53810 -21000 -34300 115708 -53179 -54040 -31783 53706 8722
25425 32982 -6660 -1058 23193 -22111 60477 16088 19703 -9400 -15450 -50821 -11748 121619 54668 -51576 -2072 31608 -80993 17586 -29867 1195 -31930 -40508 25333 -39393 132976 -5308 -10356 -24998 37789 4572
