9469
-1925026036
-1066223086
-29844682
1030450498
758351755
2068736666
777806877
658668455
-1490352833
482972011
-2119844174
-714505454
705558204
-1965702118
38881
1668075212
1935028651
-730150349
-923621537
-1745928327
-1996883857
2142163425
-1994943081
-980516306
-868128301
-1536541937
-902745680
390164275
688561086
920632597
86582
1257366459
-1951118109
464750068
-1306475504
1289016260
1866335708
-1791007636
-2072729353
-1848588199
-1096337311
-2117248168
1578549418
-292410724
-467887136
-1466791325
15204
-1603179308
-1627429121
-910852684
-1927026257
-1827611489
1745679838
370677482
1589689147
320884545
431235413
1514779100
976642883
-225731
1603561997
114068238
81911
1933746694
832365522
588460876
1738029721
2067858208
1954648882
-26229798
1102571277
170342680
843624598
641881922
1825630820
366266955
263720129
1020596061
56845
1096042726
1694700630
-204197168
-1224512053
-754416280
1668291583
556961011
-106110748
1249675875
-261373560
-1056529963
-806833607
2089708347
1117159937
907352049
70174
-162254550
-598264124
822676402
1731561062
1993874445
-2047853542
1080890537
-212858875
-24074170
1854253923
463924199
-411162465
-749473119
-773435491
1864664203
119494
75665
199622997
-283017816
-1324335625
-386555847
1006673138
331273821
-1410245919
-174570239
-1307974511
-424495393
124896594
-1264791384
265577245
-144839153
77116
