48879
-1978211415
-222857270
-1102261002
1165712431
-1539906660
-302024484
-1256849984
1000577952
-2068933187
662880876
998360537
-1156163994
-922214946
1459535280
-760206664
-1086290978
-473260054
493819629
1945628977
-1901773667
-267440043
-1017777215
29498726
-1257021943
1349985782
-1575769945
1598979647
-191666638
1098256826
-2049655350
57005
-629347600
1955603997
-314855352
-718698859
-1106770776
1092181657
669472506
1808072476
-1428428693
1414459913
1300658661
64084788
1787894108
-243493750
120431466
-1291274120
2003757953
561784081
-1474985607
-393051744
450801769
1122492997
2060265926
1387348931
313222486
1711851262
1277707180
-863614984
-1344858938
1915215403
1010512077
57005
-618434832
1557430673
-564661880
-137769994
-1069732217
-254099378
25315392
658116839
-718776312
1799201410
902175778
1704178121
-1513783833
-1812883456
-929775022
807623436
-1474583369
45606731
-780545052
976104034
325334613
1647712780
-240555114
1189421594
1408791489
-294850970
-841417202
1200946839
-800789156
-1203336908
-1654487487
57005
-68455868
1676010188
266982778
-2033967160
-186524278
-1915990026
748030219
744595496
-1623230065
112500290
1786521108
1861826066
-622488840
-951329819
1104192399
-62422508
-1515578041
2031030136
2043776940
636173264
359281622
-1440794341
1466797900
-2126990065
-1373890529
-197618654
1831424992
2039819784
1172845911
-102491970
-1306907382
57005
-437925508
1322134751
1501109980
858527451
120934560
907929723
2146593471
-562144359
308930045
-2072175378
1506259878
-639883318
1826858006
348996779
1788794842
-253817211
179718901
437394386
-751458810
-1575517800
-510883549
-139036976
1245507269
650773610
-1081928689
602948298
1477667433
643240862
1643703844
1467765829
-1272169203
57005
1721409763
-1366347762
385934238
-318875179
1214338464
1170460318
-1930580710
-22236392
-94198197
-2090556234
-1055800730
-2022458600
-1170773713
-908737754
1508904906
-1632950088
-1971532660
1377897118
-592475425
1719643976
2131475802
-488685703
299307013
1824384250
1611375199
-533361410
-919252263
927680139
-873950431
-610225241
-508405797
57005
-257349229
-1208661077
1120558085
1367120226
-2082900110
160640066
-1959932289
-1465091198
-15921857
-2136004628
918010786
-2068336003
66223246
-386181298
-1001602634
710032921
1105754839
-1518852400
-1919273463
-625004621
-234178963
1220340704
-1376719832
-933077382
161767147
838561707
1343639450
-806486567
1572059965
1958505557
1653699036
57005
48830
-1201908584
-1923784098
884486965
150504137
1929072773
2135135475
764841763
1084407471
-225076982
-1914004099
1369944141
-1395631964
-724980240
920193447
2072604653
-900334387
121606111
640327702
1592070313
764037347
-1038449597
796181249
1489300471
1954611090
401515099
-1868326470
-747924100
506760849
1451743626
2056844721
4064
0
0
0
0
0
0
0
0
0
0
0
0
0
0
0
0
0
0
0
0
0
0
0
0
0
0
0
0
0
0
0
0
0
0
0
0
0
0
0
0
0
0
0
0
0
0
0
0
0
0
0
0
0
0
0
0
0
0
0
0
0
0
0
0
0
0
0
0
0
0
0
0
0
0
0
0
0
0
0
0
0
0
0
0
0
0
0
0
0
0
0
0
0
0
0
0
0
0
0
0
0
0
0
0
0
0
0
0
0
0
0
0
0
0
0
0
0
0
0
0
0
0
0
0
0
0
0
0
0
0
0
0
0
0
0
0
0
0
0
0
0
0
0
0
0
0
0
0
0
0
0
0
0
0
0
0
0
0
0
0
0
0
0
0
0
0
0
0
0
0
0
0
0
0
0
0
0
0
0
0
0
0
0
0
0
0
0
0
0
0
0
0
0
0
0
0
0
0
0
0
0
0
0
0
0
0
0
0
0
0
0
0
0
0
0
0
0
0
0
0
0
0
0
0
0
0
0
0
0
0
0
0
0
0
0
0
0
0
0
0
0
0
0
0
0
0
0
0
0
0
0
0
0
0
0
0
0
0
0
0
0
0
0
0
0
0
0
0
0
0
0
0
0
0
0
0
0
0
0
0
0
0
0
0
0
0
0
0
0
0
0
0
0
0
0
0
0
0
0
0
0
0
0
0
0
0
0
0
0
0
0
0
0
0
0
0
0
0
0
0
0
0
0
0
0
0
0
0
0
0
0
0
0
0
0
0
0
0
0
0
0
0
0
0
0
0
0
0
0
0
0
0
0
0
0
0
0
0
0
0
0
0
0
0
0
0
0
0
0
0
0
0
0
0
0
0
0
0
0
0
0
0
0
0
0
0
0
0
0
0
0
0
0
0
0
0
0
0
0
0
0
0
0
0
0
0
0
0
0
0
0
0
0
0
0
0
0
0
0
0
0
0
0
0
0
0
0
0
0
0
0
0
0
0
0
0
0
0
0
0
0
0
0
0
0
0
0
0
0
0
0
0
0
0
0
0
0
0
0
0
0
0
0
0
0
0
0
0
0
0
0
0
0
0
0
0
0
0
0
0
0
0
0
0
0
0
0
0
0
0
0
0
0
0
0
0
0
0
0
0
0
0
0
0
0
0
0
0
0
0
0
0
0
0
0
0
0
0
0
0
0
0
0
0
0
0
0
0
0
0
0
0
0
0
0
0
0
0
0
0
0
0
0
0
0
0
0
0
0
0
0
0
0
0
0
0
0
0
0
0
0
0
0
0
0
0
0
0
0
0
0
0
0
0
0
0
0
0
0
0
0
0
0
0
0
0
0
0
0
0
0
0
0
0
0
0
0
0
0
0
0
0
0
0
0
0
0
0
0
0
0
0
0
0
0
0
0
0
0
0
0
0
0
0
0
0
0
0
0
0
0
0
0
0
0
0
0
0
0
0
0
0
0
0
0
0
0
0
0
0
0
0
0
0
0
0
0
0
0
0
0
0
0
0
0
0
0
0
0
0
0
0
0
0
0
0
0
0
0
0
0
0
0
0
0
0
0
0
0
0
0
0
0
0
0
0
0
0
0
0
0
0
0
0
0
0
0
0
0
0
0
0
0
0
0
0
0
0
0
0
0
0
0
0
0
0
0
0
0
0
0
0
0
0
0
0
0
0
0
0
0
0
0
0
0
0
0
0
0
0
0
0
0
0
0
0
0
0
0
0
0
0
0
0
0
0
0
0
48879
531731549
-226028058
1982069510
-1330722841
-1406450070
412372623
-1181372774
-2095692384
-1920205135
892999384
1858369525
1725383433
-896012147
-1519043829
464079730
2061357558
1671501235
-980217066
-1914323408
-7770315
-718252541
710616434
-2120970823
1730196592
-1860899358
1580674442
-1544608885
1576743310
-1119291912
2105139428
57005
328408716
-1589788933
1380100789
1186552873
424299116
-221584331
1056960455
1903854260
742730736
708233958
-1646245057
67763196
433698301
-1619738242
-1645041147
1510682349
1732860342
774956453
-1183861260
-747361358
-109085502
-1172075303
529717980
-465047839
-2085282555
960102616
366334493
767152789
-11480366
-267606277
-308802129
57005
1711292211
-1752179264
1152898131
-266073148
1283818924
619437530
495356415
-2086447814
1243565506
-859392331
-1010480065
-559112456
452338746
-2059716339
1482408718
-635816821
1829071416
1142064239
-1067509816
940611535
368557116
-2028340252
1927404834
-1906259040
-105192721
804683165
67368060
1914874804
272100419
-1712214569
1026669744
57005
420771527
-953661900
1980200626
-1682786773
-125379061
-726440786
-68392130
-2146193225
-1944524902
-1712971374
462583909
486000691
301958615
-1293749136
-1317201974
1044742093
-1582543162
185171865
1742253898
-413756764
625290307
12353013
1479231268
-1287713368
788648199
670194114
-472722010
-1524501946
1401126558
-1724337422
1283276110
57005
595907097
-1352244007
657908319
-375298872
-1036843278
-1373192213
1233064544
-1175171968
196845306
-1558622449
-2082849140
1227603900
255681259
2107384390
-1959288970
1573257203
196913737
930602899
-1997168249
1686382772
-407920442
-1353419557
-1788707902
-1757896033
2003450399
293284957
-230809313
-1936070858
-460168920
-100785903
207343875
57005
-1188378283
2134452707
-1424236963
-2063610436
-588463214
1754102908
1753802014
-359945373
-302852140
1587057535
-279752244
-572543734
1610409784
-1950009888
-850190006
1394093505
-1103053847
-113844094
1989474384
1580325695
-458361251
629295844
392273229
951733098
2002210088
331308019
1631337374
-1624437523
1667242023
-1509600150
908068897
57005
1160382435
-1123992690
-1639884916
-766839473
2015884679
2085583273
854482198
1008933279
843906838
-1002223492
-554901492
354051203
-864623650
976704922
-1272405571
-716334302
-1770964393
1705001370
-1563056092
138281686
-897706874
-1005856196
-141107076
523553012
376204724
-140948186
1051347727
1085288226
1719768631
-1875067366
-29299390
57005
48830
792590331
2087187677
-577618209
254506007
434092206
-780488918
-2139035756
1746075997
-2144955593
-129674076
-577672580
-23528041
-1469543821
-145532228
-1997220649
1686343233
1647441107
710206565
-1966971350
1109623727
-1360428188
-12754018
1097769121
1041869562
-807230169
692112217
-662027950
-1116617965
2077177105
1223816258
4064
0
0
0
0
0
0
0
0
0
0
0
0
0
0
0
0
0
0
0
0
0
0
0
0
0
0
0
0
0
0
0
0
0
0
0
0
0
0
0
0
0
0
0
0
0
0
0
0
0
0
0
0
0
0
0
0
0
0
0
0
0
0
0
0
0
0
0
0
0
0
0
0
0
0
0
0
0
0
0
0
0
0
0
0
0
0
0
0
0
0
0
0
0
0
0
0
0
0
0
0
0
0
0
0
0
0
0
0
0
0
0
0
0
0
0
0
0
0
0
0
0
0
0
0
0
0
0
0
0
0
0
0
0
0
0
0
0
0
0
0
0
0
0
0
0
0
0
0
0
0
0
0
0
0
0
0
0
0
0
0
0
0
0
0
0
0
0
0
0
0
0
0
0
0
0
0
0
0
0
0
0
0
0
0
0
0
0
0
0
0
0
0
0
0
0
0
0
0
0
0
0
0
0
0
0
0
0
0
0
0
0
0
0
0
0
0
0
0
0
0
0
0
0
0
0
0
0
0
0
0
0
0
0
0
0
0
0
0
0
0
0
0
0
0
0
0
0
0
0
0
0
0
0
0
0
0
0
0
0
0
0
0
0
0
0
0
0
0
0
0
0
0
0
0
0
0
0
0
0
0
0
0
0
0
0
0
0
0
0
0
0
0
0
0
0
0
0
0
0
0
0
0
0
0
0
0
0
0
0
0
0
0
0
0
0
0
0
0
0
0
0
0
0
0
0
0
0
0
0
0
0
0
0
0
0
0
0
0
0
0
0
0
0
0
0
0
0
0
0
0
0
0
0
0
0
0
0
0
0
0
0
0
0
0
0
0
0
0
0
0
0
0
0
0
0
0
0
0
0
0
0
0
0
0
0
0
0
0
0
0
0
0
0
0
0
0
0
0
0
0
0
0
0
0
0
0
0
0
0
0
0
0
0
0
0
0
0
0
0
0
0
0
0
0
0
0
0
0
0
0
0
0
0
0
0
0
0
0
0
0
0
0
0
0
0
0
0
0
0
0
0
0
0
0
0
0
0
0
0
0
0
0
0
0
0
0
0
0
0
0
0
0
0
0
0
0
0
0
0
0
0
0
0
0
0
0
0
0
0
0
0
0
0
0
0
0
0
0
0
0
0
0
0
0
0
0
0
0
0
0
0
0
0
0
0
0
0
0
0
0
0
0
0
0
0
0
0
0
0
0
0
0
0
0
0
0
0
0
0
0
0
0
0
0
0
0
0
0
0
0
0
0
0
0
0
0
0
0
0
0
0
0
0
0
0
0
0
0
0
0
0
0
0
0
0
0
0
0
0
0
0
0
0
0
0
0
0
0
0
0
0
0
0
0
0
0
0
0
0
0
0
0
0
0
0
0
0
0
0
0
0
0
0
0
0
0
0
0
0
0
0
0
0
0
0
0
0
0
0
0
0
0
0
0
0
0
0
0
0
0
0
0
0
0
0
0
0
0
0
0
0
0
0
0
0
0
0
0
0
0
0
0
0
0
0
0
0
0
0
0
0
0
0
0
0
0
0
0
0
0
0
0
0
0
0
0
0
0
0
0
0
0
0
0
0
0
0
0
0
0
0
0
0
0
0
0
0
0
0
0
0
0
0
0
0
0
0
0
0
0
0
0
0
0
0
0
0
0
0
0
0
0
0
0
0
0
0
0
0
0
0
0
0
0
0
0
0
0
0
0
0
0
0
0
0
0
0
0
0
0
0
0
0
0
0
0
0
0
48879
1043431902
108627409
922947966
1919484519
1368654147
914472441
808636770
249621926
-754205012
-1407087753
1010128885
1478126370
-1846770086
-1348339711
-841546025
1088858068
1787614657
2134473572
371198047
-1961794449
-1873240847
-1356681786
94967785
-1499040248
-854014750
-1854023030
1225653843
422999842
408767528
-1959279974
57005
-1465140548
1718564032
1474654633
1340348411
-684530384
-1263795065
1614413407
1279644470
1135596146
-1669904776
-515556817
501258718
1040827665
2111578759
-1468009886
-1088014827
470858067
1075853570
-901771911
1080857187
-892221672
40418071
1691697903
-151084717
-673457642
-1839241489
-381509189
-181434972
703169912
-1405159810
1918204954
57005
-78412650
-38656238
1742656848
-592184809
-1959537186
-1497025561
-882507120
1355896240
168616384
501785733
-789143298
-872398125
201598119
1695248092
-1403853628
-954716756
453243398
-821209855
-1877686591
-1810547664
115507997
1908219253
281261664
-499887790
-1877927584
214854597
-1382707910
431064951
799201689
1721178430
-1025960124
57005
-189043966
-1464074854
514990309
1955489886
-640387564
1579222554
-1624662944
198744522
-1553117761
228451914
1804669503
-75289869
1766913134
286876273
1309825261
2064449486
-574609709
989510611
-415469709
-748688993
828800999
2076346121
1144598985
-852030303
-923396387
-837903730
1428791007
487777489
1662396272
1764173037
1371690835
57005
968378942
915188976
-94870532
455909477
-1715441952
100704305
331997265
-169044238
-2112643247
-680359221
1894413448
309307482
-1010463234
1307602624
607622602
1223697015
-1150364870
511036578
-1821599972
-1327097078
-14643490
2094869765
-328105989
-532640795
-634048554
-1704411806
-1772122145
-1093836454
-1542965469
62877097
-2139928142
57005
785192048
-230847281
-865030067
-708640792
330989063
-495914390
1197818140
658765071
-357759891
-656686816
1636112216
1239505666
678360280
-1418222226
1382981887
-122469177
-1916458484
280585785
-1728263635
-42428482
-210698206
1986026510
2086808099
1491991826
-1595942383
1338431963
-1456299841
193614227
-954618807
-1606897539
-353734356
57005
-841023106
1692240122
-1223792778
-2017527207
-96268305
1111377730
1993484513
137676143
215665964
-1126270109
-1215226329
1754993153
147479956
470407235
-882151819
479017743
92011678
220510200
-677000710
-1574121654
-667460224
1750851417
2140944328
-425963605
56303912
1779985000
-95022304
-1461946048
-1545468657
-903172607
-600380419
57005
48830
929104222
-114709960
1934447962
218378229
-68111023
-233142650
-1571963965
384600996
632140801
20953915
513753761
-1562779985
-897801457
-69621420
-1726335482
230114817
1474229559
-1019324952
-1476030736
349017439
-1716133109
-1758320254
296214078
1052858739
898216395
-172007330
1306635002
-570544537
-980177376
-1495346542
4064
0
0
0
0
0
0
0
0
0
0
0
0
0
0
0
0
0
0
0
0
0
0
0
0
0
0
0
0
0
0
0
0
0
0
0
0
0
0
0
0
0
0
0
0
0
0
0
0
0
0
0
0
0
0
0
0
0
0
0
0
0
0
0
0
0
0
0
0
0
0
0
0
0
0
0
0
0
0
0
0
0
0
0
0
0
0
0
0
0
0
0
0
0
0
0
0
0
0
0
0
0
0
0
0
0
0
0
0
0
0
0
0
0
0
0
0
0
0
0
0
0
0
0
0
0
0
0
0
0
0
0
0
0
0
0
0
0
0
0
0
0
0
0
0
0
0
0
0
0
0
0
0
0
0
0
0
0
0
0
0
0
0
0
0
0
0
0
0
0
0
0
0
0
0
0
0
0
0
0
0
0
0
0
0
0
0
0
0
0
0
0
0
0
0
0
0
0
0
0
0
0
0
0
0
0
0
0
0
0
0
0
0
0
0
0
0
0
0
0
0
0
0
0
0
0
0
0
0
0
0
0
0
0
0
0
0
0
0
0
0
0
0
0
0
0
0
0
0
0
0
0
0
0
0
0
0
0
0
0
0
0
0
0
0
0
0
0
0
0
0
0
0
0
0
0
0
0
0
0
0
0
0
0
0
0
0
0
0
0
0
0
0
0
0
0
0
0
0
0
0
0
0
0
0
0
0
0
0
0
0
0
0
0
0
0
0
0
0
0
0
0
0
0
0
0
0
0
0
0
0
0
0
0
0
0
0
0
0
0
0
0
0
0
0
0
0
0
0
0
0
0
0
0
0
0
0
0
0
0
0
0
0
0
0
0
0
0
0
0
0
0
0
0
0
0
0
0
0
0
0
0
0
0
0
0
0
0
0
0
0
0
0
0
0
0
0
0
0
0
0
0
0
0
0
0
0
0
0
0
0
0
0
0
0
0
0
0
0
0
0
0
0
0
0
0
0
0
0
0
0
0
0
0
0
0
0
0
0
0
0
0
0
0
0
0
0
0
0
0
0
0
0
0
0
0
0
0
0
0
0
0
0
0
0
0
0
0
0
0
0
0
0
0
0
0
0
0
0
0
0
0
0
0
0
0
0
0
0
0
0
0
0
0
0
0
0
0
0
0
0
0
0
0
0
0
0
0
0
0
0
0
0
0
0
0
0
0
0
0
0
0
0
0
0
0
0
0
0
0
0
0
0
0
0
0
0
0
0
0
0
0
0
0
0
0
0
0
0
0
0
0
0
0
0
0
0
0
0
0
0
0
0
0
0
0
0
0
0
0
0
0
0
0
0
0
0
0
0
0
0
0
0
0
0
0
0
0
0
0
0
0
0
0
0
0
0
0
0
0
0
0
0
0
0
0
0
0
0
0
0
0
0
0
0
0
0
0
0
0
0
0
0
0
0
0
0
0
0
0
0
0
0
0
0
0
0
0
0
0
0
0
0
0
0
0
0
0
0
0
0
0
0
0
0
0
0
0
0
0
0
0
0
0
0
0
0
0
0
0
0
0
0
0
0
0
0
0
0
0
0
0
0
0
0
0
0
0
0
0
0
0
0
0
0
0
0
0
0
0
0
0
0
0
0
0
0
0
0
0
0
0
0
0
0
0
0
0
0
0
0
0
0
0
0
0
0
0
0
0
0
0
0
0
0
0
0
0
0
0
0
0
0
0
0
0
0
0
0
0
0
0
0
0
0
0
0
0
0
0
0
0
0
0
0
0
0
0
0
48879
-70726000
607122132
-1404578522
-1685152164
1871767114
1745185966
1553869260
844332425
1194568131
1380559854
1347009635
228080212
-34327057
404772954
380946622
-1549987124
209550122
1755557510
-514406731
2022162201
-1526270916
669888693
-106503785
-1834765264
1123294148
-201688430
2035310734
249772595
2110532613
-1067585890
57005
-1378569340
-1235697769
1926924632
-1330880791
-1711822900
-988155266
-413658911
-1139227825
1772087272
1585787610
1528781003
1017247420
-77633825
-1119771314
-2074278508
-201071391
942304534
1837642257
-574084628
489717926
497121240
-374618806
-1503574729
96061047
1515508377
-1176765491
346077758
667644672
1242856610
524214589
1057263601
57005
-1689614340
680548292
-713195201
-543300989
1449968347
1376664816
729753996
404816327
-572178210
-618698709
-1587057063
-512743974
-229413025
-350614135
305716210
90797304
197655168
321231799
-845701914
293316829
-959694848
-1460902921
-802976945
-1218848345
1754038113
-1486846777
1993608585
-1406134091
-2052261461
-176772573
1285010088
57005
676709139
-654375482
2052321404
1865128118
1814068535
-1958067331
760731722
-286156641
-939040664
1146181629
-1409393213
53407166
-1046175627
-280816553
-1638945061
-306679954
-1819986938
1872703271
-2077915633
166282490
884707584
1638283600
-194711897
195995675
1922470472
-242203916
-292152468
-1178492048
751571413
2108944764
124976198
57005
68214468
-634392209
1261796986
-1319334369
-129338811
419092828
-1841715450
2108628069
-1411966887
-1745961556
1994928910
1995611060
-1010602990
953628528
909699606
-1649583705
-118913406
-1500470854
-772747694
-337230237
-1093014090
1416152467
1997141810
-834426963
-1016950557
227638867
617919691
1086460824
1805927004
148927374
661813009
57005
-1840010413
1260657919
-498878062
865560020
-1011258676
-877412560
347438980
-2011729041
1443333551
-1972868998
164193514
-1504436457
1933599102
-195104496
-891012790
-1312131369
1055873343
1851238293
-862660018
730092974
-1233484923
-1721551415
-1967431448
-38064933
307420704
1089960204
221621718
722461603
1639811069
-2007912923
-1475618847
57005
-1556063049
1299135693
137838785
-359087560
166882676
-2005148899
1031653297
350117912
1990802734
1104606031
1019082243
537262377
1002849391
1779279186
1595135523
-1469642595
1773672716
-391748512
1404682867
-2135893813
312826890
-1168440507
272777919
1836516780
186290318
-1530563158
-174089233
477435190
1682235377
-799268491
-516652204
57005
48830
-1584065756
-695426490
-895949420
1062764118
-999856227
279812042
1860895255
917036779
-1692652021
1546779058
-795638332
-1546401415
-147973803
-1330873591
1096415793
-29064297
-3396665
1495083918
28888390
-1106611460
-935231561
-640465767
1096875174
-1907723379
2094258650
2132281718
-291650391
1320363023
207833584
346216550
4064
0
0
0
0
0
0
0
0
0
0
0
0
0
0
0
0
0
0
0
0
0
0
0
0
0
0
0
0
0
0
0
0
0
0
0
0
0
0
0
0
0
0
0
0
0
0
0
0
0
0
0
0
0
0
0
0
0
0
0
0
0
0
0
0
0
0
0
0
0
0
0
0
0
0
0
0
0
0
0
0
0
0
0
0
0
0
0
0
0
0
0
0
0
0
0
0
0
0
0
0
0
0
0
0
0
0
0
0
0
0
0
0
0
0
0
0
0
0
0
0
0
0
0
0
0
0
0
0
0
0
0
0
0
0
0
0
0
0
0
0
0
0
0
0
0
0
0
0
0
0
0
0
0
0
0
0
0
0
0
0
0
0
0
0
0
0
0
0
0
0
0
0
0
0
0
0
0
0
0
0
0
0
0
0
0
0
0
0
0
0
0
0
0
0
0
0
0
0
0
0
0
0
0
0
0
0
0
0
0
0
0
0
0
0
0
0
0
0
0
0
0
0
0
0
0
0
0
0
0
0
0
0
0
0
0
0
0
0
0
0
0
0
0
0
0
0
0
0
0
0
0
0
0
0
0
0
0
0
0
0
0
0
0
0
0
0
0
0
0
0
0
0
0
0
0
0
0
0
0
0
0
0
0
0
0
0
0
0
0
0
0
0
0
0
0
0
0
0
0
0
0
0
0
0
0
0
0
0
0
0
0
0
0
0
0
0
0
0
0
0
0
0
0
0
0
0
0
0
0
0
0
0
0
0
0
0
0
0
0
0
0
0
0
0
0
0
0
0
0
0
0
0
0
0
0
0
0
0
0
0
0
0
0
0
0
0
0
0
0
0
0
0
0
0
0
0
0
0
0
0
0
0
0
0
0
0
0
0
0
0
0
0
0
0
0
0
0
0
0
0
0
0
0
0
0
0
0
0
0
0
0
0
0
0
0
0
0
0
0
0
0
0
0
0
0
0
0
0
0
0
0
0
0
0
0
0
0
0
0
0
0
0
0
0
0
0
0
0
0
0
0
0
0
0
0
0
0
0
0
0
0
0
0
0
0
0
0
0
0
0
0
0
0
0
0
0
0
0
0
0
0
0
0
0
0
0
0
0
0
0
0
0
0
0
0
0
0
0
0
0
0
0
0
0
0
0
0
0
0
0
0
0
0
0
0
0
0
0
0
0
0
0
0
0
0
0
0
0
0
0
0
0
0
0
0
0
0
0
0
0
0
0
0
0
0
0
0
0
0
0
0
0
0
0
0
0
0
0
0
0
0
0
0
0
0
0
0
0
0
0
0
0
0
0
0
0
0
0
0
0
0
0
0
0
0
0
0
0
0
0
0
0
0
0
0
0
0
0
0
0
0
0
0
0
0
0
0
0
0
0
0
0
0
0
0
0
0
0
0
0
0
0
0
0
0
0
0
0
0
0
0
0
0
0
0
0
0
0
0
0
0
0
0
0
0
0
0
0
0
0
0
0
0
0
0
0
0
0
0
0
0
0
0
0
0
0
0
0
0
0
0
0
0
0
0
0
0
0
0
0
0
0
0
0
0
0
0
0
0
0
0
0
0
0
0
0
0
0
0
0
0
0
0
0
0
0
0
0
0
0
0
0
0
0
0
0
0
0
0
0
0
0
0
0
0
0
0
0
0
0
0
0
0
0
0
0
0
0
0
0
0
0
0
0
0
0
0
0
0
0
0
0
0
0
0
0
0
0
0
0
0
0
0
0
0
0
0
0
-2124365457
-963784608
1193104655
1108278045
1374694981
-1238714471
-890615677
-1540029944
-1050910065
1558037618
2054033513
-1455402174
1834315095
-865180926
-1147603815
2130016018
-1404507943
-1091512747
918843127
-1854079549
-1607719135
-172553792
1215703453
1812654505
-1850940479
239564539
-1211187274
-383527751
68840257
-298468380
-857590857
917573060
-363354989
553360036
-668994679
1274466275
1044118911
1858438284
75357395
-1185673852
-1726816309
767354711
1436029115
1197241502
-1641450942
2007797357
1550464952
-529875188
1157144610
1247003898
239858039
682225064
1297022331
-2006950482
127681308
-614787666
-1689299016
1485017223
-187852062
1184153920
-1810217440
711881030
-288781285
1651933598
-1847047831
550081220
-519652733
-1905772406
-1500815897
-53130896
647369661
2098517575
603409415
-1113260009
-1811237227
2080532773
-2111573464
991350498
783827159
-744175632
-1652249117
-1840438650
-1108811064
-587925713
-1258801283
311481843
-1235762217
-1578230726
-1230846894
2028601167
725523900
1483278137
-633107220
-28907104
-1988176018
-1515077899
-1140033351
-1275337894
697554541
-1205833684
-1961798292
-1985667385
2144640491
1046822161
1508037339
-429465561
974055393
-1921178303
1932250031
1212221156
516525116
2117193240
-1250694791
-1568704124
24241806
517386055
1109774231
-810714122
-820983327
-2057425787
215220042
-1205582343
268800774
359379241
-172583785
549005620
-270059488
775407006
-649192268
-530382232
95570497
1851861185
-650303620
177501497
-238908586
474393925
1627790222
-902940617
-1768904291
1811584074
-1221883702
-87221279
1833685559
-629176056
-1454299506
1967137780
-1663214941
1343885388
-1797285465
-2114281538
-1517435234
-186076342
-1919131390
1423797501
259033518
-1961169434
-1923067087
-18204672
-878951598
1942059845
153684593
881322977
803745497
-1130650099
1081331710
1742210865
-1616154075
245518838
984976181
1427156706
573524857
-865546027
-897720990
-847482160
-1964458335
492409813
-335969381
1065118134
-237767575
-1612524804
-1001308313
1078180396
-1339978627
-208750810
-922172981
1049781282
109652324
-1285643503
-1328936878
1227684483
630073481
-2137274278
1934039706
-1543896649
-180363052
-1692679578
-1487535867
-2143907164
-591011468
820522945
633126054
1132918828
1067571968
1807649578
-1754413346
2146001160
1004025418
-1602828703
-1609682817
-469865669
-1003481981
842689799
-696388093
1507594506
1630515908
1410796901
-1034061876
-917848461
1908547939
1773356618
-192547276
2110117894
-904811893
-1853976396
-601575904
877748285
-988104971
1229476084
-378028958
490084498
538641387
386275518
-1854885403
-1925607994
-1099243447
-1163738271
-1032916276
-785480649
-1071032654
-116807152
-1277479864
1690948578
1376760552
-1781778301
-1811764968
636855576
-1351156363
567998087
1908885441
1114526794
-1727832977
-321040746
-1874650768
1534872756
-592606298
4064
0
0
0
0
0
0
0
0
0
0
0
0
0
0
0
0
0
0
0
0
0
0
0
0
0
0
0
0
0
0
0
0
0
0
0
0
0
0
0
0
0
0
0
0
0
0
0
0
0
0
0
0
0
0
0
0
0
0
0
0
0
0
0
0
0
0
0
0
0
0
0
0
0
0
0
0
0
0
0
0
0
0
0
0
0
0
0
0
0
0
0
0
0
0
0
0
0
0
0
0
0
0
0
0
0
0
0
0
0
0
0
0
0
0
0
0
0
0
0
0
0
0
0
0
0
0
0
0
0
0
0
0
0
0
0
0
0
0
0
0
0
0
0
0
0
0
0
0
0
0
0
0
0
0
0
0
0
0
0
0
0
0
0
0
0
0
0
0
0
0
0
0
0
0
0
0
0
0
0
0
0
0
0
0
0
0
0
0
0
0
0
0
0
0
0
0
0
0
0
0
0
0
0
0
0
0
0
0
0
0
0
0
0
0
0
0
0
0
0
0
0
0
0
0
0
0
0
0
0
0
0
0
0
0
0
0
0
0
0
0
0
0
0
0
0
0
0
0
0
0
0
0
0
0
0
0
0
0
0
0
0
0
0
0
0
0
0
0
0
0
0
0
0
0
0
0
0
0
0
0
0
0
0
0
0
0
0
0
0
0
0
0
0
0
0
0
0
0
0
0
0
0
0
0
0
0
0
0
0
0
0
0
0
0
0
0
0
0
0
0
0
0
0
0
0
0
0
0
0
0
0
0
0
0
0
0
0
0
0
0
0
0
0
0
0
0
0
0
0
0
0
0
0
0
0
0
0
0
0
0
0
0
0
0
0
0
0
0
0
0
0
0
0
0
0
0
0
0
0
0
0
0
0
0
0
0
0
0
0
0
0
0
0
0
0
0
0
0
0
0
0
0
0
0
0
0
0
0
0
0
0
0
0
0
0
0
0
0
0
0
0
0
0
0
0
0
0
0
0
0
0
0
0
0
0
0
0
0
0
0
0
0
0
0
0
0
0
0
0
0
0
0
0
0
0
0
0
0
0
0
0
0
0
0
0
0
0
0
0
0
0
0
0
0
0
0
0
0
0
0
0
0
0
0
0
0
0
0
0
0
0
0
0
0
0
0
0
0
0
0
0
0
0
0
0
0
0
0
0
0
0
0
0
0
0
0
0
0
0
0
0
0
0
0
0
0
0
0
0
0
0
0
0
0
0
0
0
0
0
0
0
0
0
0
0
0
0
0
0
0
0
0
0
0
0
0
0
0
0
0
0
0
0
0
0
0
0
0
0
0
0
0
0
0
0
0
0
0
0
0
0
0
0
0
0
0
0
0
0
0
0
0
0
0
0
0
0
0
0
0
0
0
0
0
0
0
0
0
0
0
0
0
0
0
0
0
0
0
0
0
0
0
0
0
0
0
0
0
0
0
0
0
0
0
0
0
0
0
0
0
0
0
0
0
0
0
0
0
0
0
0
0
0
0
0
0
0
0
0
0
0
0
0
0
0
0
0
0
0
0
0
0
0
0
0
0
0
0
0
0
0
0
0
0
0
0
0
0
0
0
0
0
0
0
0
0
0
0
0
0
0
0
0
0
0
0
0
0
0
0
0
0
0
0
0
0
0
0
0
0
0
0
0
0
0
0
0
0
0
0
0
0
0
0
0
0
0
0
0
0
0
0
0
0
0
0
0
0
0
0
0
0
0
0
0
0
0
0
0
0
0
0
0
0
0
0
0
0
248741149
-24529745
-1438763862
-612455827
1002182389
-1520004142
-103620877
458207600
-1409564175
-1515773342
-277940811
-677850413
1268821458
-2025043845
98531664
-1054935209
1167522175
-15477407
-1474400423
-1036741803
-94510598
389389014
2039535593
222632918
1972202075
-1904598313
1259250854
1425466787
-1300103385
-856679826
-727957610
1698047556
-1149431316
2092859763
-391573188
1773347157
-391550955
1036558014
581163096
1705852208
258685178
1172751359
-1886019158
-792399858
1087045440
943126803
1450664347
-1885862731
1325319502
-1218094173
-1658961513
-324368260
-1170959334
-37966211
-1960930530
-1914654801
1581048193
2055315109
-618912418
-801828957
-1702291911
-1890195801
260339758
-1770423702
1659046089
1600842112
-416504470
165878511
-1811369631
1531836629
1751152500
1308756734
-1206377524
1134730122
-190004623
1743201463
1338042260
-1016697212
-1837188892
-1019146690
-141500686
1483717679
664438330
-212362539
80053758
-977693948
1491897772
-1038440045
-754971471
1119505356
206734628
-399133871
-1848407657
696349984
-2061537450
-1640854105
168084348
-1696562653
-77214744
2096183851
425291454
-1281737867
928736059
607985838
-1522430291
358626060
-466347135
-731080211
-1284775113
416753673
997659048
-15186700
-645908985
-233395952
-1137228162
1340761302
-922334791
2033309912
-1498245848
-1977526993
2045755029
700911896
-1541310459
1300776545
756833583
-899918637
-1150904767
1830235986
-797935843
1230137697
-1582797306
-1645428317
-1427933636
-1914048073
966621582
1970977922
252307416
2125445200
1508947149
-2031898409
-1250881655
-2039566402
1134909587
-1534231646
1026129599
-1826370407
1283847202
-1889290403
1515621804
1139794548
615975875
479775531
-1541670901
-1059057292
1402973175
1414507749
112884267
211726217
-976711610
794041613
-1419506778
-839930258
-783337537
-1692890054
-72668713
-2013177849
-175628620
754087080
407316730
-463542160
1224772531
-230887111
1912574827
1323020110
-1743282949
-1804605834
775971221
-2067413183
670506952
-319950741
-1879121954
581648786
1650741253
1663362667
-1342184481
1940946818
255417172
637977115
-1926178647
1054503466
1519265903
-1626225029
-1668201362
-924939466
164043892
1199572096
-620634204
1949806819
-601789254
-1564565853
-2140831695
946643560
-1122368456
-1557594444
578293428
808408795
1809445727
-140647829
761232342
-1738337890
987124655
1573977430
767601698
-386877002
-1264926264
1358883317
1421687340
-855918192
2054621984
752760968
2016174235
-1287405769
-779564589
206914931
1104637654
867368682
-1902907190
375989576
-404796424
1638091393
-489262168
-222893161
776270849
1517513239
-717840954
-1411944667
-294654403
432542997
-920170679
1779969524
-2110028905
1640268679
1580219949
1735476977
794752186
1204803539
1206019806
-1814752636
-821972997
43493884
197034953
864427064
-718555732
569251392
-1259265216
4064
0
0
0
0
0
0
0
0
0
0
0
0
0
0
0
0
0
0
0
0
0
0
0
0
0
0
0
0
0
0
0
0
0
0
0
0
0
0
0
0
0
0
0
0
0
0
0
0
0
0
0
0
0
0
0
0
0
0
0
0
0
0
0
0
0
0
0
0
0
0
0
0
0
0
0
0
0
0
0
0
0
0
0
0
0
0
0
0
0
0
0
0
0
0
0
0
0
0
0
0
0
0
0
0
0
0
0
0
0
0
0
0
0
0
0
0
0
0
0
0
0
0
0
0
0
0
0
0
0
0
0
0
0
0
0
0
0
0
0
0
0
0
0
0
0
0
0
0
0
0
0
0
0
0
0
0
0
0
0
0
0
0
0
0
0
0
0
0
0
0
0
0
0
0
0
0
0
0
0
0
0
0
0
0
0
0
0
0
0
0
0
0
0
0
0
0
0
0
0
0
0
0
0
0
0
0
0
0
0
0
0
0
0
0
0
0
0
0
0
0
0
0
0
0
0
0
0
0
0
0
0
0
0
0
0
0
0
0
0
0
0
0
0
0
0
0
0
0
0
0
0
0
0
0
0
0
0
0
0
0
0
0
0
0
0
0
0
0
0
0
0
0
0
0
0
0
0
0
0
0
0
0
0
0
0
0
0
0
0
0
0
0
0
0
0
0
0
0
0
0
0
0
0
0
0
0
0
0
0
0
0
0
0
0
0
0
0
0
0
0
0
0
0
0
0
0
0
0
0
0
0
0
0
0
0
0
0
0
0
0
0
0
0
0
0
0
0
0
0
0
0
0
0
0
0
0
0
0
0
0
0
0
0
0
0
0
0
0
0
0
0
0
0
0
0
0
0
0
0
0
0
0
0
0
0
0
0
0
0
0
0
0
0
0
0
0
0
0
0
0
0
0
0
0
0
0
0
0
0
0
0
0
0
0
0
0
0
0
0
0
0
0
0
0
0
0
0
0
0
0
0
0
0
0
0
0
0
0
0
0
0
0
0
0
0
0
0
0
0
0
0
0
0
0
0
0
0
0
0
0
0
0
0
0
0
0
0
0
0
0
0
0
0
0
0
0
0
0
0
0
0
0
0
0
0
0
0
0
0
0
0
0
0
0
0
0
0
0
0
0
0
0
0
0
0
0
0
0
0
0
0
0
0
0
0
0
0
0
0
0
0
0
0
0
0
0
0
0
0
0
0
0
0
0
0
0
0
0
0
0
0
0
0
0
0
0
0
0
0
0
0
0
0
0
0
0
0
0
0
0
0
0
0
0
0
0
0
0
0
0
0
0
0
0
0
0
0
0
0
0
0
0
0
0
0
0
0
0
0
0
0
0
0
0
0
0
0
0
0
0
0
0
0
0
0
0
0
0
0
0
0
0
0
0
0
0
0
0
0
0
0
0
0
0
0
0
0
0
0
0
0
0
0
0
0
0
0
0
0
0
0
0
0
0
0
0
0
0
0
0
0
0
0
0
0
0
0
0
0
0
0
0
0
0
0
0
0
0
0
0
0
0
0
0
0
0
0
0
0
0
0
0
0
0
0
0
0
0
0
0
0
0
0
0
0
0
0
0
0
0
0
0
0
0
0
0
0
0
0
0
0
0
0
0
0
0
0
0
0
0
0
0
0
0
0
0
0
0
0
0
0
0
0
0
0
0
0
0
0
0
0
0
0
0
0
0
0
0
0
0
0
0
0
0
0
0
0
0
0
0
0
0
0
0
0
0
0
0
-1016686454
-2095303473
266034177
1038429303
-838532954
-1144417424
-1883342444
-1369279081
-1729508194
577965458
841837812
159436877
1261814386
-896397968
590133890
-48623958
441590766
-435997752
-861708275
273147545
1643484154
-1538495819
-1565572919
-1168545058
-485136206
567884507
281563019
-126551331
1423423864
-941529737
-157179909
1965115948
1856324329
-722139114
471285023
1387589772
1884873363
1457251284
-940814727
1655010244
-557414611
-490375947
304157961
522384346
-271291548
1964827763
979639607
648338254
1095453572
1931515352
1571455984
-1873707776
479013808
1902102566
-1277562051
1964555224
-1010327990
10209600
-1589642474
-388852987
-2110391744
497993539
-896515789
-912114901
-641284762
1427531003
1911161309
1102111738
1806872785
561256583
-1898164420
2131145626
-2027708668
-1978317650
-354803091
-771318894
18851730
-1339802069
93052378
2039180368
-1440179665
581874617
-1467543098
2105331425
1028860543
-1594922739
996747669
-438632390
1601262554
1877279549
-1449348099
1116018808
557819501
-1219429180
-1053042489
851570522
1767190110
1492357531
-1732575228
-1443718940
-1996609691
-71909454
913678735
1795673877
46717465
350937980
1798989014
1470264424
-319480024
1160564890
-1840389306
1902693830
-522524842
-71185827
-1927440766
1189614803
-453159888
-69855031
-2066087811
-460421824
240491806
-386708253
186581716
-1041749273
-564297834
-78485040
-1498397057
-1363164334
-531479666
-62560094
-1763684509
1315125585
1132532835
-1491786840
1064767993
137732114
-719188465
-48619968
394581547
-1715569312
1779811703
-1591571646
1749984289
-658413611
2058811179
551506584
774362784
843339949
1413569984
-961743572
-527100174
1393488073
-1483081433
855367088
-638736828
-754909546
-819428512
942720664
572163897
-845366438
-1502836872
-1990364375
-1905790470
802130718
-646087678
51800939
808240695
-1573929311
-1719574355
-994945671
440941761
881752639
346278804
-524151919
99929470
-1919160293
1779351227
-1779274539
-781076529
1853563556
-162384583
1284105391
1165972095
4958323
-1126487682
752894696
724471751
-1948141502
1175320273
-15289697
1073760031
922821619
538909003
45597212
418015143
878659507
-1098270026
1947575690
-1061825299
-811579930
1830270564
-1694402691
1326517976
-1125514971
1878833231
-817579331
-620363149
56946704
-987222984
-1664785323
-1923441050
-636157966
1377558490
1299791195
-100949484
-4366474
1575746166
2122834825
1382466899
2100089261
637818061
1823654587
-1928906224
-1120155668
184580961
706487279
-895094169
457928123
1517841273
131641353
-590121323
-2043847474
-438406503
-1425041383
1793328719
-307557416
1455043312
1331054673
1829384328
1849193777
1116769857
-278887142
559468154
-508674668
-774263862
-1543153249
64366939
-127642579
1014950394
323333064
1424211258
612102774
1947567160
1505382310
1361124169
4064
0
0
0
0
0
0
0
0
0
0
0
0
0
0
0
0
0
0
0
0
0
0
0
0
0
0
0
0
0
0
0
0
0
0
0
0
0
0
0
0
0
0
0
0
0
0
0
0
0
0
0
0
0
0
0
0
0
0
0
0
0
0
0
0
0
0
0
0
0
0
0
0
0
0
0
0
0
0
0
0
0
0
0
0
0
0
0
0
0
0
0
0
0
0
0
0
0
0
0
0
0
0
0
0
0
0
0
0
0
0
0
0
0
0
0
0
0
0
0
0
0
0
0
0
0
0
0
0
0
0
0
0
0
0
0
0
0
0
0
0
0
0
0
0
0
0
0
0
0
0
0
0
0
0
0
0
0
0
0
0
0
0
0
0
0
0
0
0
0
0
0
0
0
0
0
0
0
0
0
0
0
0
0
0
0
0
0
0
0
0
0
0
0
0
0
0
0
0
0
0
0
0
0
0
0
0
0
0
0
0
0
0
0
0
0
0
0
0
0
0
0
0
0
0
0
0
0
0
0
0
0
0
0
0
0
0
0
0
0
0
0
0
0
0
0
0
0
0
0
0
0
0
0
0
0
0
0
0
0
0
0
0
0
0
0
0
0
0
0
0
0
0
0
0
0
0
0
0
0
0
0
0
0
0
0
0
0
0
0
0
0
0
0
0
0
0
0
0
0
0
0
0
0
0
0
0
0
0
0
0
0
0
0
0
0
0
0
0
0
0
0
0
0
0
0
0
0
0
0
0
0
0
0
0
0
0
0
0
0
0
0
0
0
0
0
0
0
0
0
0
0
0
0
0
0
0
0
0
0
0
0
0
0
0
0
0
0
0
0
0
0
0
0
0
0
0
0
0
0
0
0
0
0
0
0
0
0
0
0
0
0
0
0
0
0
0
0
0
0
0
0
0
0
0
0
0
0
0
0
0
0
0
0
0
0
0
0
0
0
0
0
0
0
0
0
0
0
0
0
0
0
0
0
0
0
0
0
0
0
0
0
0
0
0
0
0
0
0
0
0
0
0
0
0
0
0
0
0
0
0
0
0
0
0
0
0
0
0
0
0
0
0
0
0
0
0
0
0
0
0
0
0
0
0
0
0
0
0
0
0
0
0
0
0
0
0
0
0
0
0
0
0
0
0
0
0
0
0
0
0
0
0
0
0
0
0
0
0
0
0
0
0
0
0
0
0
0
0
0
0
0
0
0
0
0
0
0
0
0
0
0
0
0
0
0
0
0
0
0
0
0
0
0
0
0
0
0
0
0
0
0
0
0
0
0
0
0
0
0
0
0
0
0
0
0
0
0
0
0
0
0
0
0
0
0
0
0
0
0
0
0
0
0
0
0
0
0
0
0
0
0
0
0
0
0
0
0
0
0
0
0
0
0
0
0
0
0
0
0
0
0
0
0
0
0
0
0
0
0
0
0
0
0
0
0
0
0
0
0
0
0
0
0
0
0
0
0
0
0
0
0
0
0
0
0
0
0
0
0
0
0
0
0
0
0
0
0
0
0
0
0
0
0
0
0
0
0
0
0
0
0
0
0
0
0
0
0
0
0
0
0
0
0
0
0
0
0
0
0
0
0
0
0
0
0
0
0
0
0
0
0
0
0
0
0
0
0
0
0
0
0
0
0
0
0
0
0
0
0
0
0
0
0
0
0
0
0
0
0
0
0
0
0
0
0
0
0
0
0
0
0
0
0
0
0
0
0
0
0
0
0
0
0
0
0
0
0
0
-97657646
-733901468
1134479674
-1458265753
-1735289291
-608385564
1096218568
-1169221414
1812751470
1519181945
1771237694
-2007484309
1557700713
-707913742
1757488441
208696985
90425525
517202618
1770377055
459610605
-943971925
71702696
1864997634
-1636117840
-1434743213
-171058384
2028040527
857380853
1714931190
-1150856671
-1031541379
287419154
380398656
-2023200030
-573214721
-138964458
-1645261203
2063090363
463293663
-2072395711
1367126423
-1903087866
-1343878506
-1952558318
566295692
1521029500
1923814843
-1540661155
893149801
1358078312
-1030673126
1799679126
988282309
1692831540
1978278567
348892564
-1941627273
1349610538
-1204114940
-1722766874
-1980307829
339095431
172975445
-1654148875
2112036034
-783752410
-261596097
696992480
-1389580569
-966739627
2088630148
521927966
1625669368
1474266861
23851944
-852612927
-1339768360
81602187
-1810486992
440469900
-671550732
-1225496316
-702556671
-2036405274
-1992320522
-504763574
-2122431993
-45318860
393192322
-896401716
1985725134
-1029635201
-313061776
1959228432
1017873690
347314206
-1613319618
-1096200780
-1781711125
1133512781
-883038517
-366683988
1170758203
-769105280
-983675329
2091357425
176152933
-799678928
-180171430
-487812529
-614391744
1568481857
-1324367341
-828626474
1505866263
-144191105
642151260
-1790256891
-1268029774
-525010790
-639946798
-937859014
-608254160
1806382381
1119464138
-986342216
-1020825248
-2068521069
-1408205607
-231767634
454096420
56579731
1634866523
1730291238
-514214798
2125075982
-409521981
-1923576319
-1707945161
-1037689759
2113898068
969301318
391675572
138259685
1521358761
-615113476
-79803379
1229302603
-1334157757
154621180
1567702949
-1261512293
-1279847216
-857753594
571156757
-417816977
1998337697
-251594586
-1573160127
360897864
-605633267
1733043160
1637978246
1457914789
889554459
1189026063
1514957988
-611354499
-1164534163
-867212589
764322500
-977623845
1520966718
1360179343
1236924317
-999102483
1165407294
-349538662
1118801401
889253980
393530035
244154635
-241702286
-1095873127
-27273508
37122657
1819489500
1910857505
-160248151
-404613183
2127705626
1877024852
1197594529
-1385430089
-1722972627
1042101810
-1296962751
1169066814
-290001450
-1874457782
1859867940
-1454377665
-969877563
1116825081
424134867
-2028664283
1633982817
-359089582
485507755
-232444200
-90520321
-219348512
-755898801
-280604000
-1206478302
1818832226
286873061
246818758
664048920
1828818566
568451876
-1619276218
-302598043
-51669151
-71944402
-2011943752
1859605240
-809117825
-972774898
1279111262
-1305702911
1066536509
1695472058
2114180006
-80920889
-517609028
23119340
-309719974
481092730
-703204815
1064725573
1887555035
-1020048846
265860172
-535580552
-1217082768
1325694405
1182466562
-605982775
1959437583
-733657389
-1235798910
1590547389
241825251
375606434
4064
0
0
0
0
0
0
0
0
0
0
0
0
0
0
0
0
0
0
0
0
0
0
0
0
0
0
0
0
0
0
0
0
0
0
0
0
0
0
0
0
0
0
0
0
0
0
0
0
0
0
0
0
0
0
0
0
0
0
0
0
0
0
0
0
0
0
0
0
0
0
0
0
0
0
0
0
0
0
0
0
0
0
0
0
0
0
0
0
0
0
0
0
0
0
0
0
0
0
0
0
0
0
0
0
0
0
0
0
0
0
0
0
0
0
0
0
0
0
0
0
0
0
0
0
0
0
0
0
0
0
0
0
0
0
0
0
0
0
0
0
0
0
0
0
0
0
0
0
0
0
0
0
0
0
0
0
0
0
0
0
0
0
0
0
0
0
0
0
0
0
0
0
0
0
0
0
0
0
0
0
0
0
0
0
0
0
0
0
0
0
0
0
0
0
0
0
0
0
0
0
0
0
0
0
0
0
0
0
0
0
0
0
0
0
0
0
0
0
0
0
0
0
0
0
0
0
0
0
0
0
0
0
0
0
0
0
0
0
0
0
0
0
0
0
0
0
0
0
0
0
0
0
0
0
0
0
0
0
0
0
0
0
0
0
0
0
0
0
0
0
0
0
0
0
0
0
0
0
0
0
0
0
0
0
0
0
0
0
0
0
0
0
0
0
0
0
0
0
0
0
0
0
0
0
0
0
0
0
0
0
0
0
0
0
0
0
0
0
0
0
0
0
0
0
0
0
0
0
0
0
0
0
0
0
0
0
0
0
0
0
0
0
0
0
0
0
0
0
0
0
0
0
0
0
0
0
0
0
0
0
0
0
0
0
0
0
0
0
0
0
0
0
0
0
0
0
0
0
0
0
0
0
0
0
0
0
0
0
0
0
0
0
0
0
0
0
0
0
0
0
0
0
0
0
0
0
0
0
0
0
0
0
0
0
0
0
0
0
0
0
0
0
0
0
0
0
0
0
0
0
0
0
0
0
0
0
0
0
0
0
0
0
0
0
0
0
0
0
0
0
0
0
0
0
0
0
0
0
0
0
0
0
0
0
0
0
0
0
0
0
0
0
0
0
0
0
0
0
0
0
0
0
0
0
0
0
0
0
0
0
0
0
0
0
0
0
0
0
0
0
0
0
0
0
0
0
0
0
0
0
0
0
0
0
0
0
0
0
0
0
0
0
0
0
0
0
0
0
0
0
0
0
0
0
0
0
0
0
0
0
0
0
0
0
0
0
0
0
0
0
0
0
0
0
0
0
0
0
0
0
0
0
0
0
0
0
0
0
0
0
0
0
0
0
0
0
0
0
0
0
0
0
0
0
0
0
0
0
0
0
0
0
0
0
0
0
0
0
0
0
0
0
0
0
0
0
0
0
0
0
0
0
0
0
0
0
0
0
0
0
0
0
0
0
0
0
0
0
0
0
0
0
0
0
0
0
0
0
0
0
0
0
0
0
0
0
0
0
0
0
0
0
0
0
0
0
0
0
0
0
0
0
0
0
0
0
0
0
0
0
0
0
0
0
0
0
0
0
0
0
0
0
0
0
0
0
0
0
0
0
0
0
0
0
0
0
0
0
0
0
0
0
0
0
0
0
0
0
0
0
0
0
0
0
0
0
0
0
0
0
0
0
0
0
0
0
0
0
0
0
0
0
0
0
0
0
0
0
0
0
0
0
0
0
0
0
0
0
0
0
0
0
0
0
0
0
0
0
0
0
0
0
0
0
0
0
0
0
