-5.0951581
5.929774284
6.069750786
-0.4522657394
8.05654335
0.6921069622
8.428545952
-10.6280098
-1.750064373
2.365994215
0.8399529457
2.463418961
0.2816746235
-5.407982349
1.445839405
12.19335461
7.383040428
5.406403065
5.258253098
-4.688995361
20.56199646
-6.825604439
-1.570060015
-5.700685501
-1.035212994
-3.943852186
-7.058495522
9.078744888
3.566672802
-2.282488346
0.2621326447
-9.993911743
6.26768446
-12.32332802
1.202736497
-5.017724514
-2.218785286
1.735782146
-6.038416386
-0.5084924698
-4.146126747
2.143708706
-7.162834644
4.440933704
-3.363098145
4.01410675
-6.159145355
-10.64611721
-13.11892128
-3.431138039
17.15675926
-6.147658825
16.41111183
-3.213624477
-1.800038338
-1.234601498
15.45300674
-0.9676446915
3.632882118
-0.8146810532
-8.146578789
7.184567928
-1.838666558
5.375338554
-4.803998947
-5.153058052
4.715507507
-5.812716961
14.32888412
-6.404266834
-9.760394096
6.832138062
-8.8947258
4.089728832
-4.493952751
-3.317360163
-10.49087906
2.58399272
10.64226341
-9.181363106
-9.361789703
10.14545059
6.287783146
-0.1770610809
6.592748642
7.847302437
-16.95942116
-0.2686905861
-3.259865284
-1.926607132
-7.644565582
-9.932275772
-11.10677338
-13.42729187
2.000810623
-7.046422958
-22.94304657
-5.778666973
-3.71191597
14.25214195
-0.5685396194
13.16301537
-1.84114182
-0.04214763641
-6.071677208
-10.58992004
-10.79302979
-14.16588402
-10.35080814
0.6380815506
2.1655159
-6.297809601
-9.088611603
-11.46434975
-22.29990387
-4.405910492
13.96163368
-12.38258362
-13.23545551
10.36091614
-16.03772736
-11.12505245
-4.187944889
-19.86570358
-8.622720718
1.886410713
-7.937639713
2.912323236
