12
-118
35
-20
65
78
96
-107
-17
-66
-77
-36
6
-43
-117
61
-75
-1
87
-8
114
115
-106
-87
78
113
126
-74
87
-67
-32
67
84
119
122
-13
-63
77
-112
-58
-54
-12
-76
-107
-49
98
94
-59
-24
-53
-88
-83
127
-77
-53
107
-113
65
-52
69
89
69
-18
65
-113
-117
-74
-115
-113
81
92
123
-99
17
-86
-10
-40
18
4
-60
111
-88
-127
-83
104
-35
124
40
12
125
108
24
-125
-34
38
108
-84
-22
-14
84
-27
-51
0
74
67
27
52
104
-51
6
-108
26
12
-120
105
-72
-89
-26
-66
96
-89
102
95
99
125
69
49
-48
-85
-28
-114
-120
99
-73
-43
-9
65
71
29
-7
-118
123
43
108
-29
-97
16
109
104
87
123
-102
-21
-100
-105
74
-32
110
-78
120
-31
-79
-84
82
-3
-39
125
92
13
54
52
40
-25
-35
102
53
126
67
94
-21
-68
27
47
-108
-33
-71
-116
-106
27
58
-33
-53
-112
-67
92
80
54
121
109
24
87
-109
69
48
-23
79
31
-45
-126
-94
28
-29
-69
28
-51
-1
-117
-73
-100
92
-73
-24
-94
95
-20
-97
-21
-87
39
-24
31
-35
10
-61
-39
-114
110
126
78
109
-119
80
121
-12
19
73
12
-78
74
-92
-76
72
104
-59
24
-94
97
22
77
75
92
-31
98
10
-52
-97
73
115
-84
-41
-109
-46
79
-70
-88
69
-49
-80
93
-34
-74
-125
114
64
-93
40
-19
80
-81
-10
-116
5
39
8
-29
-8
-121
81
76
76
-121
-113
-86
105
-71
-14
56
48
-100
-29
-43
7
50
-81
70
-114
22
-43
59
43
114
-51
-32
118
27
-74
57
49
69
-66
50
-22
113
85
49
86
58
83
-41
29
-47
-78
76
124
-120
-118
-95
116
45
73
-117
36
-91
-2
-107
125
-39
-55
-4
-50
78
-25
126
103
-14
59
30
4
-71
-116
-28
19
106
-85
-12
-36
63
-81
111
-103
-95
98
-111
-119
89
64
-98
-120
65
102
103
-13
17
114
-89
-105
82
-49
113
27
-83
40
14
82
-100
-113
-81
53
-104
47
77
-101
26
-56
-25
124
-89
-77
-50
123
-74
-82
-39
113
116
-102
-60
20
-55
45
58
-35
-73
75
113
-23
-6
-28
7
-11
-8
-111
-67
-86
-7
98
93
-88
-67
-34
-30
79
-23
15
57
-91
33
-90
100
-97
93
21
18
106
-69
17
-118
-55
120
-16
33
19
-117
71
7
-113
-37
62
-120
52
79
-29
116
-32
-13
-66
13
-46
22
118
-123
-115
-87
79
5
90
64
9
45
-10
10
-65
47
7
-76
-18
87
55
-1
-40
92
-127
-112
-19
-118
-95
-117
69
72
117
97
63
-65
76
-100
104
-84
5
69
-115
103
-62
-70
-35
-42
8
-110
-107
83
-71
-59
28
81
-34
108
-120
95
25
37
84
47
-1
26
102
32
32
-75
28
-55
-84
54
97
76
-66
-1
80
88
44
-33
26
-110
-59
61
-92
-108
10
-120
34
68
117
-39
69
120
70
108
91
1
-26
93
71
1
47
-93
34
119
-120
3
55
16
-78
-16
-110
91
-86
65
60
-41
50
-53
97
-49
68
5
-5
74
-5
122
-64
-83
-48
-77
-63
107
-81
-4
87
-111
59
-13
78
-64
56
-9
-61
80
80
1
111
-95
-8
45
68
102
65
-101
-33
-100
115
89
-118
-73
-66
81
68
-16
104
57
69
-95
-114
79
10
127
89
10
-97
-53
99
-64
-75
-102
-84
-40
-95
107
-41
-39
90
104
-86
126
52
118
109
7
113
28
-47
120
-7
-3
45
-9
98
-55
58
69
107
111
45
98
55
-123
-88
-49
127
-108
18
-6
-26
-74
-48
-100
-45
-7
-94
-109
-60
4
-28
107
-40
-27
120
1
-110
60
-56
125
97
9
16
53
-79
24
-54
-23
63
-19
118
-106
-16
54
120
-116
-105
122
-98
-101
12
-102
51
28
105
110
-64
-105
-29
-123
86
85
-111
-75
-66
124
-11
20
79
-46
-111
-94
-12
126
62
99
75
17
-8
-1
-64
-51
109
-27
37
125
-46
-33
20
-47
-18
-66
10
73
72
65
-89
45
125
111
-110
-68
-113
-39
52
-86
6
31
67
-47
-82
11
-94
-79
74
35
11
-73
10
-79
-39
-98
29
-109
12
-116
-118
-55
-71
-25
-78
-21
61
-28
29
-92
24
80
5
-63
1
110
-124
-15
-18
-114
-86
-16
-95
44
94
15
-108
-16
17
10
-1
81
0
49
64
-104
43
-120
110
38
-74
-61
76
-29
44
-39
-67
59
10
-18
-9
23
50
-89
-12
-25
-39
-47
-31
-15
13
33
13
-66
89
7
-114
-39
-127
-114
-31
-50
-16
95
75
38
18
92
69
48
-26
-104
-105
-110
33
-127
-79
86
-31
-28
46
109
-88
-123
-62
88
11
-38
-119
-117
74
-14
20
18
-16
-115
96
52
65
-93
1
-6
-103
111
55
103
25
-29
-80
100
18
17
-90
24
113
78
38
11
29
59
-114
82
-84
95
71
-95
104
47
-116
-35
-70
77
96
-43
30
-93
-6
-47
-59
121
-11
51
-73
-102
-83
123
-32
113
-108
-34
-106
71
44
89
-122
86
7
30
-7
49
-7
115
113
-83
116
-29
4
108
-104
67
-43
-41
-43
95
-86
-26
106
-84
88
-121
7
-110
-114
126
-35
18
71
18
127
22
73
71
106
-126
27
108
25
-84
-33
15
-106
-29
2
-77
93
-46
-38
30
-122
-101
-7
60
-1
-34
-29
-13
33
-104
80
92
13
-119
104
-27
31
19
-4
-117
39
38
4
-105
-38
-103
-123
-121
56
104
-123
-51
-31
-106
-102
112
107
-6
-29
66
16
67
54
85
68
-19
90
-6
-30
4
80
73
-106
111
55
-29
-29
-9
-65
124
9
-63
-92
8
55
-69
-101
83
84
47
-82
69
-86
-6
-117
-16
-35
-23
127
8
-8
56
113
-73
46
-74
-44
69
86
121
72
56
93
-124
0
69
-113
108
-41
-56
-15
-11
77
-63
83
41
-50
-101
88
41
-121
-127
40
-47
-99
27
119
98
17
83
-91
-70
39
107
-85
-107
41
-24
56
-86
78
26
101
-99
-50
-33
17
-74
-95
-107
-100
8
-79
-17
-43
118
-18
0
7
-48
96
112
-14
-39
-17
-7
-71
-35
51
-3
26
41
-92
33
32
-87
108
65
83
-79
115
93
-121
-123
63
-102
-105
80
-78
20
-69
96
-26
-27
-86
6
-113
105
-100
46
110
12
52
36
93
83
12
65
-74
-36
-110
118
-30
-69
-23
-30
-27
-55
-69
-101
77
-54
91
-33
27
5
44
-107
-79
96
-82
65
-44
108
-17
-94
117
18
97
122
72
-36
29
-70
-11
52
-21
52
-22
86
-25
-122
5
-1
-102
-29
44
-96
105
100
62
-105
93
110
39
-80
115
119
40
-125
-108
-126
-116
77
-105
121
-116
28
-60
87
73
26
-112
14
-55
-104
-98
-76
62
-100
-61
-89
-108
-90
55
-1
-6
-9
77
16
-54
-6
-79
-33
-3
24
-91
88
25
75
-108
81
87
126
-53
-49
-87
-21
-40
-60
73
23
-28
-28
-70
43
-116
-127
-123
-52
126
-23
77
76
19
-75
29
-14
89
114
-100
13
-107
-91
108
-49
26
-61
-82
84
10
-88
-11
62
127
71
-17
27
-63
95
-36
-105
76
-29
-82
-83
114
54
-26
-87
66
45
80
29
83
71
50
60
99
-18
-40
72
50
10
42
16
123
107
125
-6
-31
41
-113
55
-96
-28
59
-50
112
-124
-117
106
-8
-82
-97
17
95
-38
0
11
-37
39
99
120
111
81
114
127
-71
68
-77
-31
88
49
98
42
73
-70
-83
34
112
120
-87
83
-110
7
19
53
99
11
-67
-41
108
91
28
4
65
-51
126
117
101
115
-67
70
-17
87
-119
-66
60
69
-14
-65
6
-94
102
-11
51
-121
-56
-64
22
-13
53
-106
87
-34
-71
-113
106
-51
-69
-64
-17
-17
28
57
-28
-44
29
-83
74
3
28
-26
69
116
65
50
102
121
122
26
-127
98
-77
126
70
9
29
-40
25
96
-72
-49
-39
49
52
113
70
-52
83
-90
125
-68
-82
-124
-118
-54
-43
-23
-89
-34
118
-30
-83
93
120
-75
82
-65
-67
127
-71
114
102
-27
-101
10
-120
80
44
-22
-47
50
-49
-14
-4
-109
-57
12
-52
27
-48
-75
97
-120
91
46
53
-30
110
-40
-23
-54
66
83
1
-69
-54
-18
-75
-58
73
-83
-122
-64
54
-19
-116
111
-77
-66
-83
11
-7
-105
122
-66
63
87
127
28
58
-35
-31
-9
13
121
7
83
-98
20
-98
97
124
-106
38
50
-85
-24
81
-109
97
77
-114
10
73
119
-7
-4
117
81
-92
27
-50
-22
116
126
-4
-1
-127
2
22
8
-72
-13
-53
-14
13
120
-86
49
123
68
59
4
81
-89
42
113
14
-117
59
-101
-47
56
66
85
-73
-11
60
111
6
-11
104
-74
-4
74
49
73
-120
111
30
121
89
-83
94
77
-46
-54
-72
94
55
-93
15
41
-110
-65
-122
68
-126
-86
36
-34
115
-32
25
-18
6
-122
99
111
9
86
12
-104
69
-23
49
79
112
13
-123
-31
-102
41
61
-35
65
114
-96
-40
98
-36
-32
107
-19
16
78
37
-90
-33
-19
8
36
-83
-43
85
-64
57
-28
-114
-51
16
126
72
-77
15
-113
77
-7
-2
-7
-7
-89
-105
-58
-39
116
-121
-2
-25
-96
-50
10
23
5
3
-97
18
-39
36
113
-74
29
92
-62
-68
9
39
-16
104
40
22
81
-42
52
-117
-101
3
-1
-48
88
-35
-58
-36
-6
90
-66
-69
-99
-124
52
103
109
-47
-18
-37
-61
-127
-70
108
-54
-7
118
51
-32
111
127
-108
87
-30
96
55
-94
-21
-95
83
107
64
-3
40
-2
-73
72
18
123
111
114
100
24
-106
-81
-103
27
-77
109
-108
-73
91
-43
-84
15
-49
14
-39
52
-86
54
-24
6
-125
123
-45
-96
87
-126
-104
112
-59
93
1
15
43
-116
6
-24
22
-50
116
-75
-92
-15
-52
-68
-46
-117
-71
-29
-126
-88
-85
7
-7
96
102
-116
-112
-36
111
32
57
-1
-12
-89
-53
-60
94
-105
-88
-105
41
9
96
-10
-105
-97
-49
32
-33
17
46
-118
112
-22
-90
-113
36
57
-109
101
33
-70
124
-44
-53
-122
-42
55
110
-9
80
-81
-125
-92
67
72
63
-59
-8
-41
-119
-34
69
25
-12
-5
-76
98
48
-65
2
-109
-114
-93
-63
82
127
75
7
-24
81
42
-98
-43
86
67
103
57
-27
68
101
-1
-50
13
-31
82
36
-74
-31
27
-48
-6
125
14
-58
-79
-101
-31
86
-38
-110
-54
-100
-64
