48879
-471428825
1652180210
-61298677
2095738150
-132481594
-275728581
-1240422323
-696919492
647622597
331455541
-614810376
1943856229
1282956919
-660008750
-797725838
1246942810
1680806904
-402279455
1620951478
195454921
1199474490
-533097200
1735887270
-468386135
-1903032349
-2087199067
1415749198
-852098134
-1375899375
-861283727
57005
1672850252
1374718198
1330252281
193420119
692053253
1711310868
-1603290078
-36654412
1447340033
1620377901
260609930
-702093025
905716248
-871984045
74250703
-1370516237
-1489832696
1490422196
1362306142
-584732234
-380587660
1726199606
-1112002590
-1865450898
-913678591
1830432167
290082923
1366285578
323191917
1190489302
1683608513
57005
629730469
-1019824012
-350885845
1952583285
-1029069527
-1827439900
-1225028721
-532344448
649991979
-1149476978
764065935
381270826
1845733514
-138039244
332170881
1715958174
-1474159582
-509736115
1584185563
494939821
1768561963
-232056885
131085124
1213613831
644824479
-771250682
-2038730685
-251495495
-218800884
-806090539
82899217
57005
1624087202
322160245
-1390097315
-1178733980
-325308226
101852150
1122510647
1373265559
2118786506
-880624197
-150353447
1625101335
-112913536
1868261916
406894006
340522301
-127872573
-1999346268
227342450
-1789645704
-1768756401
2058188082
-1864764393
1098997359
-1492225506
1151923246
-475776544
-1738812794
-672541088
365393249
-1696185330
57005
-1527202882
-630967890
157133415
-1588245587
-1140010037
668988041
-274654591
-318994653
-837256304
906439220
1394585949
-925293266
173087242
-2125440836
-275166072
1541366469
-111143089
-445711633
-1611850210
-784595912
285664998
-1838850784
468180944
-1914316900
-658636298
-836377779
-1479533398
678933876
1718636879
-1748640731
-2050270392
57005
2039065500
-2028090237
-1853253203
1390452162
490498314
-22023840
-1725484696
1144409496
572736565
1808906835
-1712750066
-1429205619
980662298
1271708267
383696212
1979124869
-1471890851
1813818196
-839395602
1021278478
-205384539
-17562340
-1911718623
-1905219666
-533790713
1314614634
1712277881
965849283
1003498693
963075813
-6460367
57005
1362007296
1211887069
689977307
1295616089
-840257221
1549018495
-734383796
1903165233
-270452518
-1778772007
-1238339620
-288172730
1381521776
1736268278
-182231657
1516327626
1886342969
-1063499643
-246791167
-1263931566
-2002301714
-598044084
1085301203
307208522
-961406609
-432490392
-764236167
331460329
96619324
-248604310
1704215640
57005
48830
-922609013
448034799
-1165287953
273468441
946504248
1411195234
96330024
1257971306
-1295825669
1390996864
689117912
1876228375
-89410015
2136540972
884445998
-542530787
1266830105
1196628263
1419946443
583982292
382382719
-1497416143
1134207855
-603290363
-2653000
1181534135
-1932099504
145848386
-1990392315
1997579902
4064
0
0
0
0
0
0
0
0
0
0
0
0
0
0
0
0
0
0
0
0
0
0
0
0
0
0
0
0
0
0
0
0
0
0
0
0
0
0
0
0
0
0
0
0
0
0
0
0
0
0
0
0
0
0
0
0
0
0
0
0
0
0
0
0
0
0
0
0
0
0
0
0
0
0
0
0
0
0
0
0
0
0
0
0
0
0
0
0
0
0
0
0
0
0
0
0
0
0
0
0
0
0
0
0
0
0
0
0
0
0
0
0
0
0
0
0
0
0
0
0
0
0
0
0
0
0
0
0
0
0
0
0
0
0
0
0
0
0
0
0
0
0
0
0
0
0
0
0
0
0
0
0
0
0
0
0
0
0
0
0
0
0
0
0
0
0
0
0
0
0
0
0
0
0
0
0
0
0
0
0
0
0
0
0
0
0
0
0
0
0
0
0
0
0
0
0
0
0
0
0
0
0
0
0
0
0
0
0
0
0
0
0
0
0
0
0
0
0
0
0
0
0
0
0
0
0
0
0
0
0
0
0
0
0
0
0
0
0
0
0
0
0
0
0
0
0
0
0
0
0
0
0
0
0
0
0
0
0
0
0
0
0
0
0
0
0
0
0
0
0
0
0
0
0
0
0
0
0
0
0
0
0
0
0
0
0
0
0
0
0
0
0
0
0
0
0
0
0
0
0
0
0
0
0
0
0
0
0
0
0
0
0
0
0
0
0
0
0
0
0
0
0
0
0
0
0
0
0
0
0
0
0
0
0
0
0
0
0
0
0
0
0
0
0
0
0
0
0
0
0
0
0
0
0
0
0
0
0
0
0
0
0
0
0
0
0
0
0
0
0
0
0
0
0
0
0
0
0
0
0
0
0
0
0
0
0
0
0
0
0
0
0
0
0
0
0
0
0
0
0
0
0
0
0
0
0
0
0
0
0
0
0
0
0
0
0
0
0
0
0
0
0
0
0
0
0
0
0
0
0
0
0
0
0
0
0
0
0
0
0
0
0
0
0
0
0
0
0
0
0
0
0
0
0
0
0
0
0
0
0
0
0
0
0
0
0
0
0
0
0
0
0
0
0
0
0
0
0
0
0
0
0
0
0
0
0
0
0
0
0
0
0
0
0
0
0
0
0
0
0
0
0
0
0
0
0
0
0
0
0
0
0
0
0
0
0
0
0
0
0
0
0
0
0
0
0
0
0
0
0
0
0
0
0
0
0
0
0
0
0
0
0
0
0
0
0
0
0
0
0
0
0
0
0
0
0
0
0
0
0
0
0
0
0
0
0
0
0
0
0
0
0
0
0
0
0
0
0
0
0
0
0
0
0
0
0
0
0
0
0
0
0
0
0
0
0
0
0
0
0
0
0
0
0
0
0
0
0
0
0
0
0
0
0
0
0
0
0
0
0
0
0
0
0
0
0
0
0
0
0
0
0
0
0
0
0
0
0
0
0
0
0
0
0
0
0
0
0
0
0
0
0
0
0
0
0
0
0
0
0
0
0
0
0
0
0
0
0
0
0
0
0
0
0
0
0
0
0
0
0
0
0
0
0
0
0
0
0
0
0
0
0
0
0
0
0
0
0
0
0
0
0
0
0
0
0
0
0
0
0
0
0
0
0
0
0
0
0
0
0
0
0
0
0
0
0
0
0
0
0
0
0
0
0
0
0
0
0
0
0
0
0
0
0
0
0
0
0
0
0
0
0
0
0
0
0
0
0
0
0
0
0
0
0
0
0
0
0
48879
962773135
1196953257
587419153
-1908872257
-377932508
-1946755721
1897285998
116116425
-1143396256
-1341458993
-2077384315
-704461904
1757567400
1649271599
-1243993269
380884860
2072260201
-7283265
-1738105319
199669807
-1959561268
1015805522
95793030
1242058464
1636050491
-92032035
1312348107
-217484928
102034815
-1284951495
57005
-1751895087
-835054012
-1681455722
-1688702590
1426195102
-87400249
-1786628228
-1342739858
-1261854211
-1943873613
606108685
1786134638
-426983331
706296668
-1759060234
707451291
1852594555
122017803
1520981470
-750697573
-1429701584
-1598784120
620626152
1583422195
-267044756
-616587150
278308309
1326727258
1337395361
-1599977579
620202901
57005
-1456763787
-1499533269
-322241035
645711536
-1284040852
1534833132
-1929821466
1472793469
-1539954406
650020191
301804516
-1391735951
-2063753187
-1763970455
-1643399560
1191960688
578947858
-1665219950
-1915313824
428229998
1272821007
1920457086
-372828253
-266480444
-479648129
314801031
-528717842
-1290525882
931328510
-838227972
602707914
57005
1009349898
-890554402
992031728
-151114767
1490477289
-680531069
-510298968
80194691
-310054462
-109791379
1679701333
-1955283783
-32371748
-1680883495
-161700665
-1101541095
1518634906
-282325904
-1713150737
2044801847
598625817
2045383516
-1438955103
-105604277
1433539290
-1879578220
2100840228
1553153418
-446635467
1002897067
834796280
57005
-206432715
355807390
-1294213122
412565476
-1335162133
-1363593192
1205645210
1094110665
1637435782
1112975376
-128242055
-628082730
1310529148
-1194204656
-1228493714
-711747312
1194291293
1912322985
236778589
308988364
898865759
-328820462
744975888
-383322109
1303651520
828919451
260161545
-966501287
-2027546567
-1049267088
1785901823
57005
942014506
131855696
-894202668
-2018858276
1716579408
1348806703
-1769639081
-1807937030
937057850
-1800912792
1390458038
1358825909
-1254515025
-562380390
1097383135
2077611309
-1320688099
-1582902099
-1290334921
-241533684
1716580829
1519988044
-1570647946
-880697135
-370624047
1009728303
-744759406
1552127729
-1578561359
1822043508
1966142625
57005
1737325421
2062591741
-116909866
1151312255
1990282211
-1832043468
-1113010270
-1309221038
-1963323741
722595157
-1169213956
-228386234
1827159687
1692576350
1570855685
286479007
530092304
300771140
1128822840
1014920068
-1714275782
1440629463
-1107798529
-1260604178
-360184046
660170169
414520870
591219179
-265054980
2038159270
1618768601
57005
48830
-1200715526
1512858327
-1944013722
-1368274320
890704908
1692285712
1662961323
1524878446
735559160
155814841
1323451824
-1904059147
-675594071
-1527045988
371428597
-673902815
-1451588761
-1599903643
-483606448
258859569
2047071234
2079836477
-2141743815
356563804
994872057
-241297287
580431185
480172862
-1812711003
2114107851
4064
0
0
0
0
0
0
0
0
0
0
0
0
0
0
0
0
0
0
0
0
0
0
0
0
0
0
0
0
0
0
0
0
0
0
0
0
0
0
0
0
0
0
0
0
0
0
0
0
0
0
0
0
0
0
0
0
0
0
0
0
0
0
0
0
0
0
0
0
0
0
0
0
0
0
0
0
0
0
0
0
0
0
0
0
0
0
0
0
0
0
0
0
0
0
0
0
0
0
0
0
0
0
0
0
0
0
0
0
0
0
0
0
0
0
0
0
0
0
0
0
0
0
0
0
0
0
0
0
0
0
0
0
0
0
0
0
0
0
0
0
0
0
0
0
0
0
0
0
0
0
0
0
0
0
0
0
0
0
0
0
0
0
0
0
0
0
0
0
0
0
0
0
0
0
0
0
0
0
0
0
0
0
0
0
0
0
0
0
0
0
0
0
0
0
0
0
0
0
0
0
0
0
0
0
0
0
0
0
0
0
0
0
0
0
0
0
0
0
0
0
0
0
0
0
0
0
0
0
0
0
0
0
0
0
0
0
0
0
0
0
0
0
0
0
0
0
0
0
0
0
0
0
0
0
0
0
0
0
0
0
0
0
0
0
0
0
0
0
0
0
0
0
0
0
0
0
0
0
0
0
0
0
0
0
0
0
0
0
0
0
0
0
0
0
0
0
0
0
0
0
0
0
0
0
0
0
0
0
0
0
0
0
0
0
0
0
0
0
0
0
0
0
0
0
0
0
0
0
0
0
0
0
0
0
0
0
0
0
0
0
0
0
0
0
0
0
0
0
0
0
0
0
0
0
0
0
0
0
0
0
0
0
0
0
0
0
0
0
0
0
0
0
0
0
0
0
0
0
0
0
0
0
0
0
0
0
0
0
0
0
0
0
0
0
0
0
0
0
0
0
0
0
0
0
0
0
0
0
0
0
0
0
0
0
0
0
0
0
0
0
0
0
0
0
0
0
0
0
0
0
0
0
0
0
0
0
0
0
0
0
0
0
0
0
0
0
0
0
0
0
0
0
0
0
0
0
0
0
0
0
0
0
0
0
0
0
0
0
0
0
0
0
0
0
0
0
0
0
0
0
0
0
0
0
0
0
0
0
0
0
0
0
0
0
0
0
0
0
0
0
0
0
0
0
0
0
0
0
0
0
0
0
0
0
0
0
0
0
0
0
0
0
0
0
0
0
0
0
0
0
0
0
0
0
0
0
0
0
0
0
0
0
0
0
0
0
0
0
0
0
0
0
0
0
0
0
0
0
0
0
0
0
0
0
0
0
0
0
0
0
0
0
0
0
0
0
0
0
0
0
0
0
0
0
0
0
0
0
0
0
0
0
0
0
0
0
0
0
0
0
0
0
0
0
0
0
0
0
0
0
0
0
0
0
0
0
0
0
0
0
0
0
0
0
0
0
0
0
0
0
0
0
0
0
0
0
0
0
0
0
0
0
0
0
0
0
0
0
0
0
0
0
0
0
0
0
0
0
0
0
0
0
0
0
0
0
0
0
0
0
0
0
0
0
0
0
0
0
0
0
0
0
0
0
0
0
0
0
0
0
0
0
0
0
0
0
0
0
0
0
0
0
0
0
0
0
0
0
0
0
0
0
0
0
0
0
0
0
0
0
0
0
0
0
0
0
0
0
0
0
0
0
0
0
0
0
0
0
0
0
0
0
0
0
0
0
0
0
0
0
0
0
0
0
0
0
0
0
0
0
0
0
0
0
0
0
0
0
48879
-1385055242
946844585
-128528174
1024371223
-1884504409
-1066565595
-1993265993
649991414
283703790
1013006380
-1133488675
-1152949006
959230275
369006044
-1417845490
-1297014461
-1307028112
-807579646
-1827835153
-221843201
-2058957344
-1978304350
1721530187
182689460
970673707
952106434
-1224941396
1089971638
-508840884
576660875
57005
-1881593467
1531257170
44593646
827958377
-1526301280
1772826507
-1903989688
-588856390
-1412594688
1230347466
1048160242
1525479809
457682002
-1042854969
451506669
583334074
-431495226
2129792913
-294099251
948977931
252870980
-1741501149
714398740
-220003308
1295688283
1629213210
-407826334
1270963162
-1054379108
892568640
440646389
57005
-77064428
-812508886
-102500825
-879841954
1410740746
453645589
-719723983
-261132782
195602171
328831912
466165415
1925148012
-716977776
675215629
2141080265
-438645275
-539312760
-1653776726
1746134093
-1820102382
-1383798861
1870134141
10271476
-1558134222
-705934706
-798232133
-630105340
-111899179
-413200409
401882598
-425566395
57005
-1857912031
1338725467
-200786304
-1121870728
1734180773
-956405130
-1019682219
1110570275
1161890465
863549415
-918883906
1535575285
1243200068
615336746
-482950761
811816588
281250495
979342196
1513536947
1900372232
920467798
-1751907574
1356714440
-1160684558
468770192
-1804089692
59910944
-1183353415
-787326444
1800648440
-535308385
57005
876038216
-1912513127
306609755
83103310
1205936368
2108477844
1674991243
2047045754
-56712716
1927554955
1305910050
-1441021129
920736575
1643995331
994735310
-61155482
895445793
-1459979948
678885652
-1676430568
2030682328
666518022
1875952317
1108320127
-314046177
-1477956044
1565856280
-1241538415
1620314864
-2145317055
911813920
57005
1664095564
215029838
138334323
-1777624152
-1833134334
-916088572
-803227154
-1004230827
-140211133
-1861242775
1343204667
-693357312
308599987
-1248808624
123835481
-352718125
1925087490
-1985159023
-1539710015
448349552
1326913720
1816531862
1860275277
-526345497
-1624765216
1699723870
-971384947
612991376
473021137
1437039535
-1146770366
57005
-1826033239
-1837385145
940425903
2134223513
719088103
2071198646
633536270
539012342
1083453307
433953979
1415978067
-245836127
-301021783
-1853289443
80256608
-1759088398
340075491
2032655114
-351420862
959931228
-1607516808
1545612619
1602341819
2011506405
1298710139
-931444750
-217566309
-1840112789
-646230236
-1310729007
-1055733864
57005
48830
-296399641
1924086569
1791366738
-1406013529
1090508646
1557941862
768925559
-1097147082
837219358
-367774437
-1381547308
-52695966
-897199431
711072870
-1433658607
-1323510135
1466282149
-445408690
1714340759
-516968918
-888632955
-1563372342
-989973328
-1444302639
1656918518
1768293718
-1866671640
-541084512
1440694235
-77840129
4064
0
0
0
0
0
0
0
0
0
0
0
0
0
0
0
0
0
0
0
0
0
0
0
0
0
0
0
0
0
0
0
0
0
0
0
0
0
0
0
0
0
0
0
0
0
0
0
0
0
0
0
0
0
0
0
0
0
0
0
0
0
0
0
0
0
0
0
0
0
0
0
0
0
0
0
0
0
0
0
0
0
0
0
0
0
0
0
0
0
0
0
0
0
0
0
0
0
0
0
0
0
0
0
0
0
0
0
0
0
0
0
0
0
0
0
0
0
0
0
0
0
0
0
0
0
0
0
0
0
0
0
0
0
0
0
0
0
0
0
0
0
0
0
0
0
0
0
0
0
0
0
0
0
0
0
0
0
0
0
0
0
0
0
0
0
0
0
0
0
0
0
0
0
0
0
0
0
0
0
0
0
0
0
0
0
0
0
0
0
0
0
0
0
0
0
0
0
0
0
0
0
0
0
0
0
0
0
0
0
0
0
0
0
0
0
0
0
0
0
0
0
0
0
0
0
0
0
0
0
0
0
0
0
0
0
0
0
0
0
0
0
0
0
0
0
0
0
0
0
0
0
0
0
0
0
0
0
0
0
0
0
0
0
0
0
0
0
0
0
0
0
0
0
0
0
0
0
0
0
0
0
0
0
0
0
0
0
0
0
0
0
0
0
0
0
0
0
0
0
0
0
0
0
0
0
0
0
0
0
0
0
0
0
0
0
0
0
0
0
0
0
0
0
0
0
0
0
0
0
0
0
0
0
0
0
0
0
0
0
0
0
0
0
0
0
0
0
0
0
0
0
0
0
0
0
0
0
0
0
0
0
0
0
0
0
0
0
0
0
0
0
0
0
0
0
0
0
0
0
0
0
0
0
0
0
0
0
0
0
0
0
0
0
0
0
0
0
0
0
0
0
0
0
0
0
0
0
0
0
0
0
0
0
0
0
0
0
0
0
0
0
0
0
0
0
0
0
0
0
0
0
0
0
0
0
0
0
0
0
0
0
0
0
0
0
0
0
0
0
0
0
0
0
0
0
0
0
0
0
0
0
0
0
0
0
0
0
0
0
0
0
0
0
0
0
0
0
0
0
0
0
0
0
0
0
0
0
0
0
0
0
0
0
0
0
0
0
0
0
0
0
0
0
0
0
0
0
0
0
0
0
0
0
0
0
0
0
0
0
0
0
0
0
0
0
0
0
0
0
0
0
0
0
0
0
0
0
0
0
0
0
0
0
0
0
0
0
0
0
0
0
0
0
0
0
0
0
0
0
0
0
0
0
0
0
0
0
0
0
0
0
0
0
0
0
0
0
0
0
0
0
0
0
0
0
0
0
0
0
0
0
0
0
0
0
0
0
0
0
0
0
0
0
0
0
0
0
0
0
0
0
0
0
0
0
0
0
0
0
0
0
0
0
0
0
0
0
0
0
0
0
0
0
0
0
0
0
0
0
0
0
0
0
0
0
0
0
0
0
0
0
0
0
0
0
0
0
0
0
0
0
0
0
0
0
0
0
0
0
0
0
0
0
0
0
0
0
0
0
0
0
0
0
0
0
0
0
0
0
0
0
0
0
0
0
0
0
0
0
0
0
0
0
0
0
0
0
0
0
0
0
0
0
0
0
0
0
0
0
0
0
0
0
0
0
0
0
0
0
0
0
0
0
0
0
0
0
0
0
0
0
0
0
0
0
0
0
0
0
0
0
0
0
0
0
0
0
0
0
0
0
0
0
0
0
0
0
0
48879
-654226098
560705242
-1714210426
2127015156
880311971
-256840989
261112610
-691977378
2043652114
-551140067
1712269273
1061856284
-1776896856
258581979
1166624403
1552609571
-1448921730
177735565
25531852
-1508869786
-1458307539
379635941
-570202881
1849007399
1333838054
-201506920
476719855
1219174704
766886978
-1717331671
57005
-2143015257
-494288691
1471522301
352697510
912500568
1471832204
677889876
441949949
-568066394
1191285553
25437327
-1426000238
1026501505
1981305397
2085241581
1685164667
-30315252
719651099
-730164175
-802264128
1133921788
-1055794653
1311617529
1430060026
1100426527
1269089563
577355602
346019551
-1606324690
-1134496873
-1763755291
57005
-2081069968
662489647
1476396185
-1201336161
1261211670
-705759335
1026334496
1848420713
-859377709
1957178349
-1582776218
2064939621
-1554447065
188462698
1616576300
1242676693
-1914155818
1782890968
-34284003
-212360721
195574995
-348210174
-851636396
-617796120
-568791957
-494626228
919287780
1298493447
-1708100218
-2029941804
-1731734301
57005
-275004092
-522242756
-1734622726
-1038751662
-479591118
967814152
-104806456
568163712
145446128
194981229
-1380011607
-1706463601
137205167
284201592
578672115
578680523
981011186
-1505680196
2074686405
-2113271936
-303777833
646827264
-1925811256
-1956918280
317348835
1421946196
96560688
-287982704
287980202
1662900922
193944521
57005
2030838579
2050415230
1024048972
-1436296920
1364454405
1554763470
-224358107
617942828
-1673178774
1567388859
-1107217480
1277384308
69594812
-1870515409
1114370530
1361556971
-816488153
1065030429
-1233190297
-1919254369
-1271018169
-1943895648
-823360389
992011708
-1396198436
907476926
991499367
-227739424
-2074404298
396068276
-647592987
57005
-1232091379
992616841
-1068316490
390558455
257934136
825370168
-1588097157
-158599006
1948119034
1187275130
-1313996849
-1317396113
1926900678
16732449
441119573
-1963221419
1695237117
1200652136
703556804
1185314062
522309052
-1457759581
1566333954
2077745728
-460146632
1527628991
-2119970457
1237875200
-238024960
555546128
-118150365
57005
520978514
-522550593
156526784
810758941
866508623
1008071653
1098249755
-1507605298
-161226935
1878872539
535499166
1133145569
-2038928411
194752477
1412970701
-1543271186
-711469495
-752365571
1651304627
1626461980
-1332750773
825952035
80908733
-1237804412
-643142150
481588068
930454273
977381230
136886033
-351036985
-1528701528
57005
48830
-1757587022
1096109042
-2062201353
-1727761490
-751960341
749463664
869884421
-586632611
-770198541
-263894880
-2139138707
-1607051967
-1606133316
-48559185
-110624244
1368535493
-995498331
1214709320
1906747227
-1404237082
757272432
-586679122
-524875107
-1475198605
1604830974
31565860
-1073921830
499386488
-475692875
741696172
4064
0
0
0
0
0
0
0
0
0
0
0
0
0
0
0
0
0
0
0
0
0
0
0
0
0
0
0
0
0
0
0
0
0
0
0
0
0
0
0
0
0
0
0
0
0
0
0
0
0
0
0
0
0
0
0
0
0
0
0
0
0
0
0
0
0
0
0
0
0
0
0
0
0
0
0
0
0
0
0
0
0
0
0
0
0
0
0
0
0
0
0
0
0
0
0
0
0
0
0
0
0
0
0
0
0
0
0
0
0
0
0
0
0
0
0
0
0
0
0
0
0
0
0
0
0
0
0
0
0
0
0
0
0
0
0
0
0
0
0
0
0
0
0
0
0
0
0
0
0
0
0
0
0
0
0
0
0
0
0
0
0
0
0
0
0
0
0
0
0
0
0
0
0
0
0
0
0
0
0
0
0
0
0
0
0
0
0
0
0
0
0
0
0
0
0
0
0
0
0
0
0
0
0
0
0
0
0
0
0
0
0
0
0
0
0
0
0
0
0
0
0
0
0
0
0
0
0
0
0
0
0
0
0
0
0
0
0
0
0
0
0
0
0
0
0
0
0
0
0
0
0
0
0
0
0
0
0
0
0
0
0
0
0
0
0
0
0
0
0
0
0
0
0
0
0
0
0
0
0
0
0
0
0
0
0
0
0
0
0
0
0
0
0
0
0
0
0
0
0
0
0
0
0
0
0
0
0
0
0
0
0
0
0
0
0
0
0
0
0
0
0
0
0
0
0
0
0
0
0
0
0
0
0
0
0
0
0
0
0
0
0
0
0
0
0
0
0
0
0
0
0
0
0
0
0
0
0
0
0
0
0
0
0
0
0
0
0
0
0
0
0
0
0
0
0
0
0
0
0
0
0
0
0
0
0
0
0
0
0
0
0
0
0
0
0
0
0
0
0
0
0
0
0
0
0
0
0
0
0
0
0
0
0
0
0
0
0
0
0
0
0
0
0
0
0
0
0
0
0
0
0
0
0
0
0
0
0
0
0
0
0
0
0
0
0
0
0
0
0
0
0
0
0
0
0
0
0
0
0
0
0
0
0
0
0
0
0
0
0
0
0
0
0
0
0
0
0
0
0
0
0
0
0
0
0
0
0
0
0
0
0
0
0
0
0
0
0
0
0
0
0
0
0
0
0
0
0
0
0
0
0
0
0
0
0
0
0
0
0
0
0
0
0
0
0
0
0
0
0
0
0
0
0
0
0
0
0
0
0
0
0
0
0
0
0
0
0
0
0
0
0
0
0
0
0
0
0
0
0
0
0
0
0
0
0
0
0
0
0
0
0
0
0
0
0
0
0
0
0
0
0
0
0
0
0
0
0
0
0
0
0
0
0
0
0
0
0
0
0
0
0
0
0
0
0
0
0
0
0
0
0
0
0
0
0
0
0
0
0
0
0
0
0
0
0
0
0
0
0
0
0
0
0
0
0
0
0
0
0
0
0
0
0
0
0
0
0
0
0
0
0
0
0
0
0
0
0
0
0
0
0
0
0
0
0
0
0
0
0
0
0
0
0
0
0
0
0
0
0
0
0
0
0
0
0
0
0
0
0
0
0
0
0
0
0
0
0
0
0
0
0
0
0
0
0
0
0
0
0
0
0
0
0
0
0
0
0
0
0
0
0
0
0
0
0
0
0
0
0
0
0
0
0
0
0
0
0
0
0
0
0
0
0
0
0
0
0
0
0
0
0
0
0
0
0
0
0
0
0
0
0
0
0
0
0
0
0
0
