98551
-471357726
1652406887
-61505642
2095754942
-132359900
-275722276
-1240324144
-696971957
647664007
331376485
-614801617
1943776988
1282722478
-660118005
-797627059
1247052241
1680699513
-402290437
1621007029
195615466
1199568948
-533076792
1735969952
-468446071
-1903226586
-2087145303
1415798197
-851979531
-1376045711
-861253787
209502
1672874545
1374823406
1330234081
193489135
691974222
1711229516
-1603319971
-36744538
1447351301
1620184802
260637722
-702006400
905474072
-871854073
74291386
-1370455011
-1489840101
1490554790
1362294980
-584791488
-380600004
1726233009
-1112027991
-1865630131
-913650706
1830551571
289924249
1366137332
323351999
1190527639
1683623885
-34276
629615890
-1019882953
-350906398
1952619932
-1029054313
-1827511810
-1224964464
-532325312
649930410
-1149403186
763881117
381210787
1845815338
-138031036
332299803
1715856952
-1474290523
-509818055
1584382681
495034413
1768465405
-232262325
131173396
1213651176
644852794
-771206375
-2038816855
-251626031
-218802498
-806155199
82951539
83088
1624086223
322374719
-1390164324
-1178754345
-325082605
101689559
1122498540
1373093109
2118709523
-880673541
-150232382
1624988595
-112783554
1868356791
406819550
340351200
-128028632
-1999447671
227346927
-1789613891
-1768789435
2057988733
-1864808525
1099049536
-1492279280
1151794443
-475915492
-1738882669
-672520117
365514872
-1696227290
12839
-1527041783
-631131271
157021179
-1588479863
-1139977117
668880212
-274719758
-319027618
-837377932
906485741
1394668747
-925567533
172864703
-2125287556
-275042843
1541456449
-110957456
-445896572
-1611887689
-784908957
285624761
-1838753862
468244713
-1914285149
-658470777
-836464316
-1479549993
678807552
1718744970
-1748554629
-2050358260
151871
2039063162
-2028223985
-1853243667
1390575402
490485374
-21819802
-1725442575
1144590650
573069754
1808812478
-1712872512
-1429384704
980646606
1271679075
383842395
1979169521
-1471893537
1813969727
-839429245
1021276228
-205487556
-17533493
-1911809448
-1904940881
-533832619
1314640086
1712578531
965937747
1003559966
962967932
-6641794
280207
1362114873
1211838934
690080381
1295564040
-840259403
1548999878
-734284171
1903323458
-270210929
-1778716829
-1238308527
-288229535
1381536870
1736356193
-182405443
1516360544
1886224098
-1063489970
-246882974
-1263896666
-2002395473
-598133645
1085259100
307313484
-961282963
-432421409
-764267357
331579876
96560210
-248679109
1704282132
76496
211647
-922575205
448178087
-1165369290
273616886
946555140
1411327118
96107848
1257983205
-1295923331
1391129756
689054660
1876320311
-89270151
2136498287
884452697
-542751637
1267205269
1196570321
1420065393
583900483
382280057
-1497217883
1134154914
-603275268
-2636361
1181483695
-1932003800
145859278
-1990398209
1997593148
64000
0
0
0
0
0
0
0
0
0
0
0
0
0
0
0
0
0
0
0
0
0
0
0
0
0
0
0
0
0
0
0
0
0
0
0
0
0
0
0
0
0
0
0
0
0
0
0
0
0
0
0
0
0
0
0
0
0
0
0
0
0
0
0
0
0
0
0
0
0
0
0
0
0
0
0
0
0
0
0
0
0
0
0
0
0
0
0
0
0
0
0
0
0
0
0
0
0
0
0
0
0
0
0
0
0
0
0
0
0
0
0
0
0
0
0
0
0
0
0
0
0
0
0
0
0
0
0
0
0
0
0
0
0
0
0
0
0
0
0
0
0
0
0
0
0
0
0
0
0
0
0
0
0
0
0
0
0
0
0
0
0
0
0
0
0
0
0
0
0
0
0
0
0
0
0
0
0
0
0
0
0
0
0
0
0
0
0
0
0
0
0
0
0
0
0
0
0
0
0
0
0
0
0
0
0
0
0
0
0
0
0
0
0
0
0
0
0
0
0
0
0
0
0
0
0
0
0
0
0
0
0
0
0
0
0
0
0
0
0
0
0
0
0
0
0
0
0
0
0
0
0
0
0
0
0
0
0
0
0
0
0
0
0
0
0
0
0
0
0
0
0
0
0
0
0
0
0
0
0
0
0
0
0
0
0
0
0
0
0
0
0
0
0
0
0
0
0
0
0
0
0
0
0
0
0
0
0
0
0
0
0
0
0
0
0
0
0
0
0
0
0
0
0
0
0
0
0
0
0
0
0
0
0
0
0
0
0
0
0
0
0
0
0
0
0
0
0
0
0
0
0
0
0
0
0
0
0
0
0
0
0
0
0
0
0
0
0
0
0
0
0
0
0
0
0
0
0
0
0
0
0
0
0
0
0
0
0
0
0
0
0
0
0
0
0
0
0
0
0
0
0
0
0
0
0
0
0
0
0
0
0
0
0
0
0
0
0
0
0
0
0
0
0
0
0
0
0
0
0
0
0
0
0
0
0
0
0
0
0
0
0
0
0
0
0
0
0
0
0
0
0
0
0
0
0
0
0
0
0
0
0
0
0
0
0
0
0
0
0
0
0
0
0
0
0
0
0
0
0
0
0
0
0
0
0
0
0
0
0
0
0
0
0
0
0
0
0
0
0
0
0
0
0
0
0
0
0
0
0
0
0
0
0
0
0
0
0
0
0
0
0
0
0
0
0
0
0
0
0
0
0
0
0
0
0
0
0
0
0
0
0
0
0
0
0
0
0
0
0
0
0
0
0
0
0
0
0
0
0
0
0
0
0
0
0
0
0
0
0
0
0
0
0
0
0
0
0
0
0
0
0
0
0
0
0
0
0
0
0
0
0
0
0
0
0
0
0
0
0
0
0
0
0
0
0
0
0
0
0
0
0
0
0
0
0
0
0
0
0
0
0
0
0
0
0
0
0
0
0
0
0
0
0
0
0
0
0
0
0
0
0
0
0
0
0
0
0
0
0
0
0
0
0
0
0
0
0
0
0
0
0
0
0
0
0
0
0
0
0
0
0
0
0
0
0
0
0
0
0
0
0
0
0
0
0
0
0
0
0
0
0
0
0
0
0
0
0
0
0
0
0
0
0
0
0
0
0
0
0
0
0
0
0
0
0
0
0
0
0
0
0
0
0
0
0
0
0
0
0
0
0
0
0
0
0
0
0
0
0
0
0
0
0
0
0
0
0
0
0
0
0
0
0
0
0
0
0
0
0
0
0
0
0
0
0
0
0
0
154550
962947318
1197055640
587451295
-1908691031
-377678569
-1946759964
1897260666
116219887
-1143306401
-1341467063
-2077555999
-704627536
1757362238
1649298927
-1243955559
380897838
2072319303
-7133851
-1738102830
199747643
-1959341137
1015961300
95738798
1242103033
1635874705
-92289073
1312371635
-217624372
102095171
-1284839520
176719
-1751769533
-834836855
-1681569869
-1688620884
1426212906
-87401895
-1786689436
-1342670257
-1262000207
-1943628531
606149952
1786232751
-427045803
706356401
-1758952891
707481425
1852509200
121889820
1521172759
-750827381
-1429785101
-1598756388
620716823
1583395211
-266698392
-616512123
278300874
1326526547
1337438072
-1599847576
620319425
205124
-1456806551
-1499710357
-322230027
645603469
-1284060814
1534982632
-1929566669
1472689227
-1540048190
650031772
301880383
-1391800759
-2063804297
-1763861973
-1643371865
1191935407
579042056
-1665398959
-1915279632
428234353
1272754097
1920417061
-372610202
-266533823
-479406247
314663069
-528800296
-1290453236
931406487
-838067658
602593593
175200
1009442647
-890527676
992215136
-151269481
1490352200
-680518784
-510254893
80193714
-309998898
-109679229
1679632893
-1955510952
-32315367
-1680633009
-161820162
-1101571373
1518602566
-282514693
-1713249049
2044680943
598533950
2045342547
-1438889804
-105631303
1433523050
-1879454338
2100792366
1553221471
-446541833
1002910206
834626868
27883
-206473943
355879483
-1294350123
412706163
-1335200898
-1363537381
1205825503
1094178355
1637549175
1112831328
-128314629
-627939197
1310565013
-1194143444
-1228470239
-711796027
1194134657
1912294667
236695755
309046233
898801354
-328817562
745002439
-383452627
1303531654
828810473
260273339
-966364563
-2027481451
-1049309999
1785803681
281302
941924798
131667836
-894249261
-2019068376
1716633872
1348845828
-1769649861
-1807806604
937014586
-1801149440
1390294373
1358974858
-1254756902
-562368954
1097367860
2077395721
-1320788583
-1582919154
-1290362219
-241747803
1716674684
1520038826
-1570732104
-880749060
-370719019
1009494174
-744938322
1552013478
-1578543176
1821949960
1966179932
-49224
1737260961
2062655921
-116934212
1151131937
1990417308
-1832095486
-1113004818
-1309237275
-1963418177
722738785
-1169221938
-228447998
1827269043
1692623907
1571032155
286544925
530064620
300535968
1128680260
1015072179
-1714244765
1440642225
-1107829171
-1260831909
-360445540
660072177
414710350
591193303
-265106471
2038011942
1618906607
-87843
79217
-1200804996
1512776127
-1943879799
-1368258330
890674634
1692248943
1662862617
1524870813
735601746
155708781
1323429208
-1903939259
-675644852
-1526994141
371514354
-673833222
-1451398155
-1599864693
-483723940
258899905
2047042828
2079782631
-2141599166
356488911
995153452
-241437267
580503147
480371968
-1812713023
2114238865
35033
0
0
0
0
0
0
0
0
0
0
0
0
0
0
0
0
0
0
0
0
0
0
0
0
0
0
0
0
0
0
0
0
0
0
0
0
0
0
0
0
0
0
0
0
0
0
0
0
0
0
0
0
0
0
0
0
0
0
0
0
0
0
0
0
0
0
0
0
0
0
0
0
0
0
0
0
0
0
0
0
0
0
0
0
0
0
0
0
0
0
0
0
0
0
0
0
0
0
0
0
0
0
0
0
0
0
0
0
0
0
0
0
0
0
0
0
0
0
0
0
0
0
0
0
0
0
0
0
0
0
0
0
0
0
0
0
0
0
0
0
0
0
0
0
0
0
0
0
0
0
0
0
0
0
0
0
0
0
0
0
0
0
0
0
0
0
0
0
0
0
0
0
0
0
0
0
0
0
0
0
0
0
0
0
0
0
0
0
0
0
0
0
0
0
0
0
0
0
0
0
0
0
0
0
0
0
0
0
0
0
0
0
0
0
0
0
0
0
0
0
0
0
0
0
0
0
0
0
0
0
0
0
0
0
0
0
0
0
0
0
0
0
0
0
0
0
0
0
0
0
0
0
0
0
0
0
0
0
0
0
0
0
0
0
0
0
0
0
0
0
0
0
0
0
0
0
0
0
0
0
0
0
0
0
0
0
0
0
0
0
0
0
0
0
0
0
0
0
0
0
0
0
0
0
0
0
0
0
0
0
0
0
0
0
0
0
0
0
0
0
0
0
0
0
0
0
0
0
0
0
0
0
0
0
0
0
0
0
0
0
0
0
0
0
0
0
0
0
0
0
0
0
0
0
0
0
0
0
0
0
0
0
0
0
0
0
0
0
0
0
0
0
0
0
0
0
0
0
0
0
0
0
0
0
0
0
0
0
0
0
0
0
0
0
0
0
0
0
0
0
0
0
0
0
0
0
0
0
0
0
0
0
0
0
0
0
0
0
0
0
0
0
0
0
0
0
0
0
0
0
0
0
0
0
0
0
0
0
0
0
0
0
0
0
0
0
0
0
0
0
0
0
0
0
0
0
0
0
0
0
0
0
0
0
0
0
0
0
0
0
0
0
0
0
0
0
0
0
0
0
0
0
0
0
0
0
0
0
0
0
0
0
0
0
0
0
0
0
0
0
0
0
0
0
0
0
0
0
0
0
0
0
0
0
0
0
0
0
0
0
0
0
0
0
0
0
0
0
0
0
0
0
0
0
0
0
0
0
0
0
0
0
0
0
0
0
0
0
0
0
0
0
0
0
0
0
0
0
0
0
0
0
0
0
0
0
0
0
0
0
0
0
0
0
0
0
0
0
0
0
0
0
0
0
0
0
0
0
0
0
0
0
0
0
0
0
0
0
0
0
0
0
0
0
0
0
0
0
0
0
0
0
0
0
0
0
0
0
0
0
0
0
0
0
0
0
0
0
0
0
0
0
0
0
0
0
0
0
0
0
0
0
0
0
0
0
0
0
0
0
0
0
0
0
0
0
0
0
0
0
0
0
0
0
0
0
0
0
0
0
0
0
0
0
0
0
0
0
0
0
0
0
0
0
0
0
0
0
0
0
0
0
0
0
0
0
0
0
0
0
0
0
0
0
0
0
0
0
0
0
0
0
0
0
0
0
0
0
0
0
0
0
0
0
0
0
0
0
0
0
0
0
0
0
0
0
0
0
0
0
0
0
0
0
0
0
0
0
0
0
0
0
0
0
0
0
0
0
0
0
0
0
0
0
0
0
0
0
86644
-1385111394
946716327
-128470429
1024229408
-1884464895
-1066402957
-1993247258
650062496
283764571
1013073873
-1133520049
-1152817872
959332843
369121775
-1417799032
-1297300222
-1306891471
-807446460
-1827814538
-222119730
-2059011982
-1978182429
1721788853
182708750
970782306
951985362
-1225018507
1089927007
-508880188
576726838
76756
-1881689890
1531341201
44613068
828074524
-1526299670
1772760203
-1904088701
-588683584
-1412703021
1230331263
1048202888
1525483990
457725380
-1042805326
451527194
583363354
-431329200
2129730111
-293979755
949069215
252930414
-1741585624
714396601
-220038217
1295821717
1629249013
-407863573
1270940728
-1054374050
892509676
440681073
225128
-77044852
-812536194
-102572747
-879795196
1410747604
453724783
-719642893
-261167244
195665690
328720751
466366649
1925046790
-716975617
675386494
2141011806
-438755631
-539196442
-1653817330
1745919265
-1819975514
-1383667389
1870284305
10362713
-1558209415
-705961364
-798368944
-630241331
-111845455
-413232174
401971006
-425787632
17812
-1858009523
1338654073
-200769320
-1121568433
1734332462
-956352701
-1019872513
1110562856
1161896548
863344931
-918917955
1535584634
1243174415
615457222
-482894708
811740898
281122252
979385754
1513682115
1900422282
920320718
-1751906785
1356788265
-1160723095
468902479
-1804098924
59959247
-1183456923
-787366448
1800626699
-535332796
107777
875949117
-1912520944
306618524
83133257
1205968223
2108502570
1674957858
2047053742
-56834147
1927410766
1305983958
-1441230285
920698744
1644105125
994746820
-61235011
895469379
-1460084223
679024946
-1676500811
2030637605
666549755
1875995133
1108335287
-314062178
-1477960344
1565808547
-1241615801
1620220490
-2145112734
911864980
167271
1664078603
215055803
138576291
-1777667513
-1833150424
-915959063
-803102782
-1004313274
-140152311
-1861287410
1343328221
-693328181
308701464
-1248720752
123810113
-352693880
1925183036
-1985001123
-1539698886
448388077
1326788243
1816493585
1860161489
-526217284
-1624619258
1699552974
-971351029
612910266
473076435
1437206309
-1146785835
477098
-1825903902
-1837325876
940567433
2134155387
719032629
2071324231
633790485
539127255
1083527993
434055499
1415891853
-245780418
-300962317
-1853208367
80131112
-1759082769
340110119
2032743923
-351301182
959919464
-1607757463
1545687835
1602313825
2011451612
1298613888
-931664258
-217465262
-1840080715
-646108175
-1310645574
-1055764828
12587
55174
-296408373
1924260560
1791205071
-1405887358
1090498997
1558008311
769104457
-1097073265
837371300
-367779258
-1381603532
-52847620
-897161937
710962341
-1433538016
-1323431116
1466214279
-445621715
1714351624
-516788988
-888575419
-1563201881
-990043319
-1444344660
1656815758
1768412893
-1866854183
-541041026
1440701462
-77934811
48790
0
0
0
0
0
0
0
0
0
0
0
0
0
0
0
0
0
0
0
0
0
0
0
0
0
0
0
0
0
0
0
0
0
0
0
0
0
0
0
0
0
0
0
0
0
0
0
0
0
0
0
0
0
0
0
0
0
0
0
0
0
0
0
0
0
0
0
0
0
0
0
0
0
0
0
0
0
0
0
0
0
0
0
0
0
0
0
0
0
0
0
0
0
0
0
0
0
0
0
0
0
0
0
0
0
0
0
0
0
0
0
0
0
0
0
0
0
0
0
0
0
0
0
0
0
0
0
0
0
0
0
0
0
0
0
0
0
0
0
0
0
0
0
0
0
0
0
0
0
0
0
0
0
0
0
0
0
0
0
0
0
0
0
0
0
0
0
0
0
0
0
0
0
0
0
0
0
0
0
0
0
0
0
0
0
0
0
0
0
0
0
0
0
0
0
0
0
0
0
0
0
0
0
0
0
0
0
0
0
0
0
0
0
0
0
0
0
0
0
0
0
0
0
0
0
0
0
0
0
0
0
0
0
0
0
0
0
0
0
0
0
0
0
0
0
0
0
0
0
0
0
0
0
0
0
0
0
0
0
0
0
0
0
0
0
0
0
0
0
0
0
0
0
0
0
0
0
0
0
0
0
0
0
0
0
0
0
0
0
0
0
0
0
0
0
0
0
0
0
0
0
0
0
0
0
0
0
0
0
0
0
0
0
0
0
0
0
0
0
0
0
0
0
0
0
0
0
0
0
0
0
0
0
0
0
0
0
0
0
0
0
0
0
0
0
0
0
0
0
0
0
0
0
0
0
0
0
0
0
0
0
0
0
0
0
0
0
0
0
0
0
0
0
0
0
0
0
0
0
0
0
0
0
0
0
0
0
0
0
0
0
0
0
0
0
0
0
0
0
0
0
0
0
0
0
0
0
0
0
0
0
0
0
0
0
0
0
0
0
0
0
0
0
0
0
0
0
0
0
0
0
0
0
0
0
0
0
0
0
0
0
0
0
0
0
0
0
0
0
0
0
0
0
0
0
0
0
0
0
0
0
0
0
0
0
0
0
0
0
0
0
0
0
0
0
0
0
0
0
0
0
0
0
0
0
0
0
0
0
0
0
0
0
0
0
0
0
0
0
0
0
0
0
0
0
0
0
0
0
0
0
0
0
0
0
0
0
0
0
0
0
0
0
0
0
0
0
0
0
0
0
0
0
0
0
0
0
0
0
0
0
0
0
0
0
0
0
0
0
0
0
0
0
0
0
0
0
0
0
0
0
0
0
0
0
0
0
0
0
0
0
0
0
0
0
0
0
0
0
0
0
0
0
0
0
0
0
0
0
0
0
0
0
0
0
0
0
0
0
0
0
0
0
0
0
0
0
0
0
0
0
0
0
0
0
0
0
0
0
0
0
0
0
0
0
0
0
0
0
0
0
0
0
0
0
0
0
0
0
0
0
0
0
0
0
0
0
0
0
0
0
0
0
0
0
0
0
0
0
0
0
0
0
0
0
0
0
0
0
0
0
0
0
0
0
0
0
0
0
0
0
0
0
0
0
0
0
0
0
0
0
0
0
0
0
0
0
0
0
0
0
0
0
0
0
0
0
0
0
0
0
0
0
0
0
0
0
0
0
0
0
0
0
0
0
0
0
0
0
0
0
0
0
0
0
0
0
0
0
0
0
0
0
0
0
0
0
0
0
0
0
0
0
0
0
0
0
0
0
0
0
0
0
0
0
0
0
0
153446
-654164352
560811678
-1714109559
2127013324
880222115
-256839983
261032670
-691843571
2043636129
-551186060
1712208712
1061940093
-1777064913
258588560
1166735984
1552612440
-1448795345
177777160
25522803
-1508900903
-1458412561
379486374
-570140119
1849093831
1333900765
-201595959
476855292
1219012645
766815103
-1717210265
-127223
-2142891973
-494226233
1471557932
352723697
912410379
1471895430
677839649
441867982
-568195100
1191288274
25471113
-1426000516
1026574272
1981378665
2085220483
1685241128
-30295410
719706305
-730113305
-802120130
1134091990
-1055849681
1311648342
1430188235
1100382036
1269065405
577185073
346048346
-1606272172
-1134522516
-1763796035
52994
-2081082216
662576885
1476697027
-1201295758
1261196539
-705642248
1026303665
1848154598
-859351777
1957116538
-1582878683
2064938514
-1554249594
188507787
1616442654
1242718617
-1914252123
1783078675
-34156360
-212340692
195471822
-348382200
-851666164
-617751027
-568785455
-494600887
919211562
1298617108
-1707974789
-2030008828
-1731821039
65494
-275028236
-522162172
-1734532176
-1038880591
-479436255
967854767
-104889517
568193785
145341346
194997646
-1380030383
-1706506200
137175745
284307522
578573309
578735679
980938004
-1505782551
2074863495
-2113253031
-303956431
646896765
-1925845139
-1956640690
317382524
1421970557
96672010
-288007165
287956375
1662851417
193893776
29439
2030824572
2050346170
1024109293
-1436399756
1364472121
1554680793
-224301397
617883878
-1673435492
1567426701
-1107272152
1277340686
69611649
-1870658269
1114474757
1361555474
-816359218
1065174222
-1233341769
-1919293228
-1271126383
-1943846467
-823524023
991917021
-1396164939
907459087
991534485
-227653718
-2074214016
396254429
-647731496
142809
-1232160698
992573332
-1068392586
390370824
257934776
825393623
-1588059777
-158547166
1948141630
1187185998
-1313974124
-1317479055
1926852273
16883203
440918510
-1963423000
1695073557
1200810986
703615767
1185178952
522284874
-1457762185
1566335014
2077645690
-460065387
1527429244
-2120096875
1237947558
-238184954
555595643
-118140932
180063
520910842
-522684826
156771018
810821465
866518831
1007955430
1098124532
-1507642105
-161132243
1878879810
535566563
1133100694
-2038739690
194711326
1412931125
-1543295743
-711248696
-752607691
1651316315
1626361552
-1332861518
825960703
80761989
-1237807578
-643165181
481484921
930379567
977356814
136850707
-350891254
-1528792399
51695
78618
-1757412729
1096252361
-2062231801
-1727744487
-751965045
749368801
869983518
-586740923
-770073304
-263944370
-2139154071
-1607059729
-1606019456
-48534540
-110651096
1368506379
-995618800
1214977284
1906669279
-1404165745
757271942
-586642918
-525072155
-1475178025
1604886159
31849354
-1074195551
499459170
-475766450
741641789
-45530
0
0
0
0
0
0
0
0
0
0
0
0
0
0
0
0
0
0
0
0
0
0
0
0
0
0
0
0
0
0
0
0
0
0
0
0
0
0
0
0
0
0
0
0
0
0
0
0
0
0
0
0
0
0
0
0
0
0
0
0
0
0
0
0
0
0
0
0
0
0
0
0
0
0
0
0
0
0
0
0
0
0
0
0
0
0
0
0
0
0
0
0
0
0
0
0
0
0
0
0
0
0
0
0
0
0
0
0
0
0
0
0
0
0
0
0
0
0
0
0
0
0
0
0
0
0
0
0
0
0
0
0
0
0
0
0
0
0
0
0
0
0
0
0
0
0
0
0
0
0
0
0
0
0
0
0
0
0
0
0
0
0
0
0
0
0
0
0
0
0
0
0
0
0
0
0
0
0
0
0
0
0
0
0
0
0
0
0
0
0
0
0
0
0
0
0
0
0
0
0
0
0
0
0
0
0
0
0
0
0
0
0
0
0
0
0
0
0
0
0
0
0
0
0
0
0
0
0
0
0
0
0
0
0
0
0
0
0
0
0
0
0
0
0
0
0
0
0
0
0
0
0
0
0
0
0
0
0
0
0
0
0
0
0
0
0
0
0
0
0
0
0
0
0
0
0
0
0
0
0
0
0
0
0
0
0
0
0
0
0
0
0
0
0
0
0
0
0
0
0
0
0
0
0
0
0
0
0
0
0
0
0
0
0
0
0
0
0
0
0
0
0
0
0
0
0
0
0
0
0
0
0
0
0
0
0
0
0
0
0
0
0
0
0
0
0
0
0
0
0
0
0
0
0
0
0
0
0
0
0
0
0
0
0
0
0
0
0
0
0
0
0
0
0
0
0
0
0
0
0
0
0
0
0
0
0
0
0
0
0
0
0
0
0
0
0
0
0
0
0
0
0
0
0
0
0
0
0
0
0
0
0
0
0
0
0
0
0
0
0
0
0
0
0
0
0
0
0
0
0
0
0
0
0
0
0
0
0
0
0
0
0
0
0
0
0
0
0
0
0
0
0
0
0
0
0
0
0
0
0
0
0
0
0
0
0
0
0
0
0
0
0
0
0
0
0
0
0
0
0
0
0
0
0
0
0
0
0
0
0
0
0
0
0
0
0
0
0
0
0
0
0
0
0
0
0
0
0
0
0
0
0
0
0
0
0
0
0
0
0
0
0
0
0
0
0
0
0
0
0
0
0
0
0
0
0
0
0
0
0
0
0
0
0
0
0
0
0
0
0
0
0
0
0
0
0
0
0
0
0
0
0
0
0
0
0
0
0
0
0
0
0
0
0
0
0
0
0
0
0
0
0
0
0
0
0
0
0
0
0
0
0
0
0
0
0
0
0
0
0
0
0
0
0
0
0
0
0
0
0
0
0
0
0
0
0
0
0
0
0
0
0
0
0
0
0
0
0
0
0
0
0
0
0
0
0
0
0
0
0
0
0
0
0
0
0
0
0
0
0
0
0
0
0
0
0
0
0
0
0
0
0
0
0
0
0
0
0
0
0
0
0
0
0
0
0
0
0
0
0
0
0
0
0
0
0
0
0
0
0
0
0
0
0
0
0
0
0
0
0
0
0
0
0
0
0
0
0
0
0
0
0
0
0
0
0
0
0
0
0
0
0
0
0
0
0
0
0
0
0
0
0
0
0
0
0
0
0
0
0
0
0
0
0
0
0
0
0
0
0
0
0
0
0
0
0
0
0
0
0
0
0
0
0
0
0
0
0
