9 42 14 82 47 85 20 59 115 107 95 49 22 12 68 3 91 77 71 8 120 114 34 100 20 57 17 96 71 114 112 127 80 42 94 97 5 85 77 66 11 99 11 108 65 1 14 22 28 80 95 6 93 27 13 43 29 80 31 109 69 114 87 5
26 81 87 100 119 23 101 33 39 46 78 74 85 117 23 64 17 43 75 56 106 27 103 123 70 22 84 33 10 85 105 34 115 92 41 27 122 81 77 81 91 23 7 105 117 108 52 71 3 90 99 4 96 48 97 29 71 102 62 46 25 56 36 97
6 126 39 91 38 61 102 91 126 77 52 113 101 3 105 81 107 111 24 6 101 27 68 66 107 94 110 105 121 19 82 111 123 10 103 66 86 6 22 60 70 109 33 105 18 57 8 47 114 81 40 47 44 105 24 115 77 107 24 18 38 118 78 79
26 103 73 62 67 114 18 126 27 84 122 110 77 32 111 9 82 29 21 2 100 104 81 74 47 1 75 53 5 106 122 39 107 92 122 93 1 72 110 1 92 96 73 97 107 54 71 100 117 59 96 110 5 107 126 103 108 18 95 26 0 106 115 32
125 39 31 68 16 125 7 56 41 97 8 119 86 34 113 70 78 52 53 83 113 24 66 123 61 54 45 23 97 45 21 10 47 7 38 106 34 48 45 37 7 53 36 90 91 39 33 95 78 107 126 16 32 46 109 51 117 79 92 8 32 59 112 92
76 20 57 84 68 9 5 119 114 120 12 64 19 56 110 45 7 9 72 112 104 66 10 11 9 24 48 48 88 10 61 117 35 38 52 89 77 102 55 103 0 55 117 3 124 29 11 119 34 76 51 30 101 106 86 67 51 79 6 21 92 74 55 96
57 92 63 122 102 11 6 127 122 54 102 105 61 111 89 103 72 104 97 108 76 54 118 35 88 23 43 16 1 12 30 92 113 27 59 26 14 94 103 78 32 19 41 11 100 72 22 71 95 111 13 90 24 76 118 84 108 30 100 111 121 106 53 4
12 27 42 88 114 98 46 102 70 37 95 66 61 108 38 36 118 113 85 125 7 80 51 90 32 109 80 41 75 111 109 125 26 111 7 22 123 105 124 112 63 122 125 92 113 19 15 16 79 18 119 119 7 37 37 52 92 104 99 89 30 43 59 75
118 16 78 72 38 41 47 11 95 88 102 17 78 95 5 121 107 42 115 34 97 101 119 53 120 61 68 81 15 7 88 95 125 89 115 85 30 106 9 55 120 75 116 91 69 122 19 4 22 8 57 58 92 79 53 45 21 63 7 122 19 50 77 38
36 49 33 74 117 103 32 30 122 53 43 33 113 70 121 112 117 61 22 45 55 6 117 88 60 2 122 37 83 33 112 43 127 107 29 16 58 9 98 83 127 17 44 107 90 58 61 58 48 99 62 86 31 9 10 101 69 122 104 61 46 33 99 100
16 103 103 53 75 84 39 18 66 81 52 114 63 82 46 5 15 71 111 17 51 47 42 38 127 48 112 11 108 9 70 109 54 0 48 35 20 36 115 23 54 24 6 126 105 80 92 93 70 96 70 121 23 10 72 11 34 62 67 99 91 56 12 22
82 105 100 38 87 79 96 11 33 70 74 30 92 127 61 12 30 1 102 14 56 74 33 102 67 74 28 65 124 15 38 76 36 80 20 43 123 18 70 101 7 76 100 65 40 125 74 87 69 60 25 70 120 102 82 69 106 28 106 102 65 18 67 57
69 112 56 36 60 91 29 70 72 24 96 126 64 114 5 17 9 91 10 96 64 76 100 83 64 51 66 81 104 77 30 90 16 54 109 92 35 100 25 52 16 85 124 24 1 118 85 4 3 35 5 115 20 76 117 100 118 88 25 54 38 83 32 13
55 99 80 20 45 15 109 15 119 83 28 91 7 87 2 88 18 96 65 78 85 123 73 81 21 45 112 90 12 32 4 89 76 26 120 127 77 23 66 110 114 62 112 93 98 47 62 77 11 27 43 92 42 16 39 48 84 56 86 83 63 74 56 120
97 73 73 106 123 69 99 87 75 42 118 22 26 57 120 108 36 5 64 5 49 21 104 87 24 124 78 89 71 50 87 47 101 124 69 117 98 105 64 59 45 35 57 75 37 10 11 41 113 38 70 10 35 51 30 32 12 17 40 57 55 23 72 127
30 54 124 104 9 59 1 101 14 2 42 30 69 66 55 62 74 14 108 115 91 9 37 46 56 49 113 70 14 17 81 115 104 87 1 103 83 97 42 25 70 37 93 41 4 10 64 33 119 0 82 1 84 19 60 86 20 87 67 126 11 21 19 81
0 29 125 96 23 13 35 68 74 23 59 94 54 76 79 23 76 23 53 25 65 79 37 109 64 112 74 50 34 42 28 36 80 57 53 38 41 27 28 42 2 115 9 58 105 13 75 46 41 93 31 31 41 31 25 114 0 55 124 121 105 1 80 29
119 102 70 51 90 8 21 33 109 48 0 72 83 52 82 99 123 39 44 67 8 104 127 21 17 75 105 42 38 72 5 82 47 125 110 6 79 68 15 0 114 36 102 82 117 36 124 80 63 89 85 61 71 60 124 32 65 29 110 19 59 81 106 120
73 23 119 3 36 3 76 88 76 17 124 122 87 65 47 32 57 82 72 27 34 120 102 124 9 64 41 84 8 59 110 14 98 56 68 104 121 21 63 40 86 70 55 22 107 24 90 104 5 118 33 62 8 59 124 48 96 50 59 69 36 30 97 40
61 92 57 13 35 35 116 78 7 25 35 47 84 27 67 61 79 85 75 79 50 103 101 41 100 28 126 81 9 105 38 81 0 38 20 64 14 3 59 60 19 9 86 104 33 123 109 47 32 97 102 60 9 53 83 64 76 0 4 79 14 112 27 94
22 111 108 106 16 112 97 12 13 10 27 41 95 98 60 122 63 30 80 110 72 9 7 20 76 58 49 68 69 29 94 16 74 19 47 72 1 36 0 3 99 53 121 24 2 8 85 86 75 73 33 42 73 93 21 69 113 1 93 65 31 105 15 75
0 116 71 47 49 12 14 52 43 7 73 45 68 113 18 110 37 122 10 116 42 19 19 20 81 56 49 73 97 25 29 72 109 114 30 41 118 67 60 60 69 77 67 89 110 111 102 16 18 124 50 112 69 62 92 74 79 29 24 103 74 127 70 25
55 21 88 18 30 25 41 40 99 22 46 12 88 65 65 15 72 27 76 34 40 76 30 84 31 53 97 71 58 40 111 65 101 95 53 39 121 27 36 104 64 104 73 54 3 98 125 9 46 74 13 37 11 44 16 79 34 65 74 124 40 66 28 17
19 110 13 33 48 53 30 57 103 41 57 127 81 29 24 62 124 18 71 91 7 94 2 66 107 126 85 80 99 16 13 114 8 61 93 20 75 36 95 10 19 34 52 46 109 74 51 7 3 26 43 39 101 46 93 43 47 111 90 84 51 83 123 67
10 76 124 72 3 75 72 76 47 127 25 101 105 76 38 91 57 18 87 82 112 76 76 57 27 116 65 9 125 85 76 57 72 96 13 124 111 83 14 95 32 16 23 29 61 12 61 122 46 111 15 65 80 95 42 7 115 2 124 11 83 15 77 79
58 116 48 62 61 106 48 50 117 32 29 58 75 14 81 126 91 125 22 77 93 96 44 61 78 70 14 115 105 45 63 101 45 55 120 117 43 74 28 94 61 88 51 53 87 56 82 65 21 19 32 71 24 45 72 97 56 86 4 54 60 88 7 15
117 47 108 115 60 14 64 21 2 101 53 13 35 81 110 104 81 66 9 48 102 110 64 90 56 26 74 112 4 70 82 56 119 92 14 98 110 100 118 75 29 19 36 2 72 121 40 38 25 1 22 22 122 84 15 8 12 27 26 50 63 51 80 37
99 64 17 62 50 8 12 39 54 108 78 42 43 109 67 32 23 35 114 127 104 9 99 19 125 104 108 107 74 11 61 17 93 107 111 100 62 83 24 11 20 24 10 63 72 125 49 61 126 88 98 115 95 48 13 0 80 24 58 71 68 4 104 98
18 22 8 117 93 49 15 32 1 13 109 0 89 57 88 15 78 89 46 43 79 13 92 23 110 54 14 82 71 33 1 26 73 98 86 112 71 91 22 67 13 62 116 105 92 64 67 127 62 95 96 112 89 80 102 86 63 31 115 78 12 123 65 123
18 23 108 87 10 58 85 14 9 40 26 59 72 51 127 27 64 16 94 43 9 62 100 125 92 81 46 37 102 112 69 103 75 52 77 43 118 73 53 19 78 30 6 57 104 9 9 111 124 38 27 29 36 118 66 113 42 78 84 51 100 55 75 67
110 8 102 105 124 91 22 62 108 60 39 43 85 23 50 57 89 93 32 15 21 112 56 61 113 106 81 70 113 89 71 69 29 102 22 31 85 105 106 56 108 8 30 70 8 12 57 2 34 96 20 63 94 51 33 95 120 34 14 119 95 5 125 108
84 96 31 51 82 96 27 94 84 117 97 63 78 77 18 106 125 14 5 115 72 100 83 97 37 25 81 91 124 118 50 72 95 122 52 55 58 69 77 91 57 87 124 12 42 75 50 18 20 90 121 82 23 25 44 27 109 119 81 107 99 105 28 16
