110 0 0 0 0 0 0 0 0 0 0 0 0 0 0 0 0 0 0 0 0 0 0 0 0 0 0 0 0 0 0 0
50 0 0 0 0 0 0 0 0 0 0 0 0 0 0 0 0 0 0 0 0 0 0 0 0 0 0 0 0 0 0 0
15 -92 121 0 0 0 0 0 0 0 0 0 0 0 0 0 0 0 0 0 0 0 0 0 0 0 0 0 0 0 0 0
-20 -120 126 2 0 0 0 0 0 0 0 0 0 0 0 0 0 0 0 0 0 0 0 0 0 0 0 0 0 0 0 0
-114 -41 -34 124 95 0 0 0 0 0 0 0 0 0 0 0 0 0 0 0 0 0 0 0 0 0 0 0 0 0 0 0
-39 -35 125 14 34 -68 0 0 0 0 0 0 0 0 0 0 0 0 0 0 0 0 0 0 0 0 0 0 0 0 0 0
-77 101 -93 59 -31 -107 57 0 0 0 0 0 0 0 0 0 0 0 0 0 0 0 0 0 0 0 0 0 0 0 0 0
76 -62 -113 50 44 106 -90 -13 0 0 0 0 0 0 0 0 0 0 0 0 0 0 0 0 0 0 0 0 0 0 0 0
19 -119 -32 118 -119 105 -121 -53 -85 0 0 0 0 0 0 0 0 0 0 0 0 0 0 0 0 0 0 0 0 0 0 0
-23 -90 79 17 48 111 125 -110 97 19 0 0 0 0 0 0 0 0 0 0 0 0 0 0 0 0 0 0 0 0 0 0
-95 28 -33 -83 124 -124 -10 59 -116 79 -4 0 0 0 0 0 0 0 0 0 0 0 0 0 0 0 0 0 0 0 0 0
100 81 -48 125 37 -63 -50 -32 96 -126 76 11 0 0 0 0 0 0 0 0 0 0 0 0 0 0 0 0 0 0 0 0
102 100 -101 -102 -89 69 -119 -8 -69 -44 50 88 78 0 0 0 0 0 0 0 0 0 0 0 0 0 0 0 0 0 0 0
-106 105 124 -86 38 15 19 13 -15 -72 -124 -35 50 -81 0 0 0 0 0 0 0 0 0 0 0 0 0 0 0 0 0 0
37 28 35 -85 69 -88 127 -53 100 81 91 -31 21 -2 89 0 0 0 0 0 0 0 0 0 0 0 0 0 0 0 0 0
-65 118 22 -2 124 -57 -103 -74 73 -27 -107 -118 -16 -121 -91 -65 0 0 0 0 0 0 0 0 0 0 0 0 0 0 0 0
12 -127 -19 0 45 -23 -64 -29 32 99 58 80 -103 65 116 75 7 0 0 0 0 0 0 0 0 0 0 0 0 0 0 0
-73 116 111 -40 86 125 46 -103 -10 115 114 30 90 113 13 91 -8 79 0 0 0 0 0 0 0 0 0 0 0 0 0 0
-104 86 -38 52 72 98 -51 -124 -56 -59 -18 -101 -97 9 45 126 -116 117 -34 0 0 0 0 0 0 0 0 0 0 0 0 0
15 13 79 16 100 -113 -99 54 13 98 -57 126 13 23 -62 97 -61 -44 19 -5 0 0 0 0 0 0 0 0 0 0 0 0
-43 -28 65 101 53 57 -77 43 71 38 -23 23 -16 57 -65 -21 -117 12 -71 -10 -97 0 0 0 0 0 0 0 0 0 0 0
-78 -107 1 112 39 -56 -119 105 -86 69 126 4 -39 46 60 114 79 -27 -35 -50 -127 88 0 0 0 0 0 0 0 0 0 0
49 -83 118 22 -92 100 49 86 70 -68 -6 45 -116 -63 61 12 28 35 -119 55 -54 81 -73 0 0 0 0 0 0 0 0 0
-32 79 -86 -94 91 -79 5 49 -8 -105 -9 29 25 -70 22 93 -119 -69 88 7 61 105 40 25 0 0 0 0 0 0 0 0
125 -107 37 95 -55 93 -46 57 -36 -36 25 -51 72 -61 -33 -64 121 106 -118 -16 -57 -33 -105 -73 72 0 0 0 0 0 0 0
75 -39 -124 28 84 -30 -113 -80 -16 -121 -38 95 71 -120 -73 11 117 -76 -36 -39 -11 34 -87 -98 80 -98 0 0 0 0 0 0
-74 -108 -33 -55 -78 56 50 74 -31 15 -113 -12 46 74 -74 -32 -27 68 34 -51 -4 51 -45 36 -17 26 -92 0 0 0 0 0
65 80 18 -112 120 -73 -57 -52 84 -26 -37 125 74 93 92 7 39 -20 -70 73 -44 -28 118 -108 -126 -70 122 -78 0 0 0 0
-86 10 46 -27 119 -1 4 -71 47 -106 43 -112 124 -72 23 68 -45 -63 -69 28 -93 116 -38 0 -14 -106 -33 43 14 0 0 0
28 7 -87 -48 -122 -23 115 85 104 -43 50 -122 -71 -23 47 -118 59 125 -53 -11 -16 70 -51 -102 -26 106 22 -76 -69 -99 0 0
-27 -87 -73 -12 11 -44 -6 -82 120 -95 121 -80 81 100 36 -125 -55 -32 -25 2 36 -5 -91 27 109 -50 -39 -87 -72 -77 27 0
17 79 -17 -72 -84 -4 96 78 86 -30 28 -44 -11 -60 -26 -56 2 -15 -42 23 69 -19 78 -50 90 -51 101 -123 -33 -118 120 -11
15 -68 68 -119 119 -38 49 110 -39 -116 19 -14 6 123 -114 82 -54 -74 -51 84 -28 -8 -106 -31 -67 63 -111 -91 -16 -12 19 -21
37 21 70 -89 29 -10 -95 99 -20 -66 0 123 -84 50 -55 -98 99 15 -91 -96 -16 106 -42 -63 68 -17 93 40 -122 93 -8 19
13 -72 -70 99 -34 78 -52 91 23 29 -98 -98 -91 -14 126 -8 -18 -103 119 56 -15 -44 -96 -66 -78 -22 -14 -99 -60 -46 -73 109
41 68 -57 4 -111 -118 38 -65 -72 -73 -124 120 -34 122 124 -19 51 84 -106 -66 31 51 -122 -66 46 -124 75 49 22 -105 -42 91
-29 -51 -44 103 69 -83 87 -66 24 114 -123 -57 71 96 4 -72 100 96 -120 120 18 -31 109 -55 45 125 100 103 -119 -55 35 -46
-113 81 9 -22 -73 7 -90 24 -74 -45 12 64 43 12 -68 -91 -84 -65 -111 54 31 -82 96 41 28 68 77 72 96 -109 -40 75
13 -18 59 70 -64 89 -93 -4 -28 52 73 -126 -93 -44 -61 -28 51 84 -116 -22 -62 -5 101 107 -63 -51 -98 -16 89 -124 87 -22
79 66 -55 -73 -37 25 54 36 -24 116 -24 -29 -127 -35 34 91 -57 32 -32 41 -45 101 101 -23 -116 65 -97 115 87 92 1 -7
88 -61 86 32 -101 -22 -3 -106 -7 -64 -70 -2 4 65 111 -28 -82 -47 45 -55 31 -24 4 34 -19 58 -27 -89 -22 111 52 -102
62 73 17 123 52 108 -27 86 -101 15 -7 69 -94 109 -7 -9 -57 83 65 -16 -94 -126 -37 74 -41 -67 67 40 -78 -89 31 -26
120 92 54 -31 84 -38 -61 -25 -76 -23 92 125 -27 37 -86 -3 69 -95 -85 14 -116 -114 16 51 -44 16 -7 119 -110 -50 5 99
87 -107 -112 -127 -94 60 -91 119 107 -80 47 2 -122 107 49 -32 -95 -74 15 101 -17 41 68 1 37 60 70 115 125 36 86 67
-52 -7 -87 -50 -22 30 -1 15 60 -104 -67 -90 -8 60 -64 -86 -18 86 -125 116 55 -84 -72 29 4 98 -8 59 -85 -16 -97 -2
103 117 28 75 -76 92 19 -85 41 -126 -55 -111 -16 57 -16 -109 -114 -58 76 -122 96 -83 -20 -48 -3 -81 111 -75 15 44 26 -74
-73 -30 41 -5 -106 -126 -73 125 -59 -124 -60 -7 -88 -89 -123 -26 -27 82 -100 -25 -41 86 60 -26 -114 -49 116 -79 -29 -46 -29 -50
126 73 -11 -120 -96 -107 120 -113 9 -65 117 18 -22 -53 15 -57 -79 -11 -95 -2 -92 -18 -8 106 26 -74 127 65 -69 112 -26 66
-116 8 -93 -18 32 72 28 104 -1 40 -58 53 20 11 -39 -9 -42 -107 8 -10 -36 21 -72 40 71 -37 63 17 -76 10 -54 13
116 48 22 57 39 -47 55 67 -67 85 -84 -29 100 85 -93 -59 66 113 99 -57 -30 -88 -44 -126 -35 113 125 126 -45 -81 127 92
-34 -96 -45 115 -94 73 41 26 -57 4 -113 -33 65 -44 -65 29 -43 61 -33 -105 -88 -36 51 36 -46 89 -48 -19 -63 102 -29 -98
-33 4 -53 47 77 -55 104 45 14 -114 -2 -7 59 99 27 78 8 -102 -68 32 -52 -115 -28 29 -102 -34 5 -96 -112 -12 9 77
-26 46 -29 -19 -15 -107 -51 -87 126 88 -49 -76 23 -37 67 21 -56 -111 80 8 72 57 -27 109 -86 47 38 78 -120 -18 119 -101
-6 -115 -67 14 -117 94 85 70 71 78 112 -55 -87 117 -17 54 -68 2 71 56 -84 -87 -64 -4 112 -10 95 56 50 -15 -121 -70
3 57 85 41 14 60 -113 92 4 -13 -27 -35 -76 52 125 25 36 -42 90 12 -88 -85 42 29 27 101 69 1 -123 -29 77 32
94 117 42 33 -110 -75 125 67 97 124 -47 -119 -60 43 -97 -62 119 -57 64 -45 112 85 6 -53 -101 -46 -41 -123 38 46 -62 -66
-87 29 29 124 104 102 112 -60 -15 29 46 -6 121 -65 71 26 46 -57 -35 -57 -86 79 112 84 65 6 -40 106 -27 14 113 89
-62 -97 -56 93 -103 92 -17 101 61 13 -27 92 -41 122 -46 -52 27 100 -75 15 47 28 117 -32 27 111 21 -23 17 41 -38 11
110 126 -92 74 -2 -87 87 -33 0 -38 59 -42 -3 109 -38 14 -109 -7 -14 48 75 54 29 -35 68 45 40 -57 2 -4 -67 -82
-22 25 16 73 33 31 41 32 -112 84 -18 73 -6 -117 75 -80 126 -101 -77 9 -57 18 -97 69 -19 102 -105 -45 -21 -112 75 55
-111 4 -34 -13 -23 -69 109 -125 -1 -24 -99 5 -4 90 98 -106 -13 27 18 98 66 84 108 -111 -21 -78 122 112 108 41 -114 -96
117 -63 73 109 -97 125 -108 -62 -20 -80 51 -105 36 13 123 -67 82 24 -87 -115 -33 66 -75 4 127 -100 -14 -11 104 -90 80 0
31 -98 -4 64 -62 48 54 93 99 43 -123 37 120 97 80 -53 -6 -79 -41 111 -21 48 18 -20 88 50 60 -104 8 81 -86 5
-47 52 -102 -107 -43 -13 -5 -19 29 -83 46 -67 -114 111 64 -13 -53 -93 28 -33 -125 1 -117 17 49 -117 -121 -23 -91 -55 -6 120
0 -41 41 -43 54 -85 -88 103 87 53 73 -71 -6 -25 -43 78 78 109 -59 -112 103 -34 102 8 105 43 6 -2 -16 78 -83 125
0 0 -86 -71 -27 -17 122 91 -85 -97 85 -106 -45 -38 -60 31 -96 72 98 -71 106 44 -69 -43 -116 -56 100 -6 -45 90 124 -111
0 0 0 -91 -86 107 49 -52 118 108 29 1 -45 -54 -25 -98 -32 -57 118 -45 103 -60 58 100 34 -29 -30 -109 51 -100 123 -117
0 0 0 0 -36 -75 -7 -21 12 113 -124 -15 115 114 51 127 -68 105 -54 19 112 11 62 66 23 13 -83 34 -62 58 -118 5
0 0 0 0 0 80 -9 -97 -106 -78 15 62 85 34 101 5 -38 -75 -57 123 57 122 -116 36 -14 -110 -19 -94 69 34 60 -101
0 0 0 0 0 0 76 -7 120 -59 68 -96 -80 3 44 10 -42 -125 97 77 66 120 37 -3 -106 -110 110 -13 77 64 120 -110
0 0 0 0 0 0 0 58 -72 56 64 -67 -108 28 58 119 110 73 -104 36 61 10 -96 -50 -85 11 80 111 105 91 -84 81
0 0 0 0 0 0 0 0 -43 123 125 -92 92 -75 122 90 96 21 -31 -11 30 23 -29 -29 29 19 -43 -99 -24 -77 -56 29
0 0 0 0 0 0 0 0 0 -69 -41 61 122 73 78 16 -67 -19 -111 -113 -30 -64 -120 -107 -41 83 -51 -7 75 124 87 47
0 0 0 0 0 0 0 0 0 0 24 -52 -111 21 -24 91 103 -122 -114 -61 -40 34 -114 -52 -88 21 37 -60 104 -126 -54 -127
0 0 0 0 0 0 0 0 0 0 0 28 72 81 56 -77 67 -39 -108 37 -121 -34 -44 -105 -28 -86 82 -107 78 105 -50 -8
0 0 0 0 0 0 0 0 0 0 0 0 -91 53 -30 -55 120 -79 -2 -17 35 105 -2 -9 48 -112 -56 -16 88 108 -48 -60
0 0 0 0 0 0 0 0 0 0 0 0 0 -107 -43 -2 -37 96 67 -51 -67 59 -27 -28 94 28 26 -82 14 90 -69 42
0 0 0 0 0 0 0 0 0 0 0 0 0 0 33 -43 -104 48 -51 77 69 46 -104 -92 122 -86 -6 29 -46 80 105 -126
0 0 0 0 0 0 0 0 0 0 0 0 0 0 0 2 32 -6 -2 -30 -39 30 13 113 -61 -89 20 -121 -35 -55 -104 -8
0 0 0 0 0 0 0 0 0 0 0 0 0 0 0 0 101 -47 97 76 -45 -46 -63 105 65 122 70 -87 42 -122 -10 -79
0 0 0 0 0 0 0 0 0 0 0 0 0 0 0 0 0 119 54 127 18 -50 -127 -59 -105 -18 -51 -49 -46 -118 -91 -87
0 0 0 0 0 0 0 0 0 0 0 0 0 0 0 0 0 0 -45 37 4 118 -123 39 118 -49 6 105 38 -26 68 33
0 0 0 0 0 0 0 0 0 0 0 0 0 0 0 0 0 0 0 28 88 9 -29 91 -67 -114 110 113 30 -89 20 44
0 0 0 0 0 0 0 0 0 0 0 0 0 0 0 0 0 0 0 0 15 -120 2 -113 28 55 -53 -97 68 -41 -76 -122
0 0 0 0 0 0 0 0 0 0 0 0 0 0 0 0 0 0 0 0 0 -127 82 35 114 126 69 34 -124 -90 124 86
0 0 0 0 0 0 0 0 0 0 0 0 0 0 0 0 0 0 0 0 0 0 -21 -117 -5 -84 90 2 56 125 1 71
0 0 0 0 0 0 0 0 0 0 0 0 0 0 0 0 0 0 0 0 0 0 0 -100 54 -90 94 10 -34 -99 75 125
0 0 0 0 0 0 0 0 0 0 0 0 0 0 0 0 0 0 0 0 0 0 0 0 -78 60 45 45 -40 -111 82 -10
0 0 0 0 0 0 0 0 0 0 0 0 0 0 0 0 0 0 0 0 0 0 0 0 0 -93 123 15 -31 81 29 -49
0 0 0 0 0 0 0 0 0 0 0 0 0 0 0 0 0 0 0 0 0 0 0 0 0 0 96 10 107 -92 52 -11
0 0 0 0 0 0 0 0 0 0 0 0 0 0 0 0 0 0 0 0 0 0 0 0 0 0 0 28 90 42 40 80
0 0 0 0 0 0 0 0 0 0 0 0 0 0 0 0 0 0 0 0 0 0 0 0 0 0 0 0 9 111 3 51
0 0 0 0 0 0 0 0 0 0 0 0 0 0 0 0 0 0 0 0 0 0 0 0 0 0 0 0 0 24 70 127
0 0 0 0 0 0 0 0 0 0 0 0 0 0 0 0 0 0 0 0 0 0 0 0 0 0 0 0 0 0 63 -13
0 0 0 0 0 0 0 0 0 0 0 0 0 0 0 0 0 0 0 0 0 0 0 0 0 0 0 0 0 0 0 4
0 0 0 0 0 0 0 0 0 0 0 0 0 0 0 0 0 0 0 0 0 0 0 0 0 0 0 0 0 0 0 0
