-1.828125
0.4650878906
0.006774902344
-0.1672363281
-0.2976074219
-0.7143554688
-0.06823730469
-0.0432434082
0.6840820312
2.3828125
-1.065429688
-2.40234375
-0.3894042969
0.8618164062
-1.328125
-0.3432617188
0.4592285156
-0.775390625
-0.451171875
-0.4084472656
0.6328125
0.5639648438
0.1983642578
1.375976562
0.9809570312
-0.3259277344
0.04794311523
-0.8232421875
-1.411132812
0.8154296875
-0.4816894531
-1.37109375
1.728515625
-1.712890625
1.157226562
0.3894042969
-0.333984375
0.2998046875
1.836914062
-0.4997558594
0.3857421875
0.765625
0.9848632812
-0.1687011719
0.01837158203
1.483398438
0.4392089844
-0.3369140625
0.26171875
1.126953125
-0.5131835938
0.04055786133
0.6049804688
0.2252197266
-0.4782714844
-0.01103210449
0.9873046875
1.525390625
0.587890625
0.5864257812
1.362304688
0.1680908203
-2.0703125
0.4523925781
-0.4426269531
-0.7016601562
0.3666992188
-0.4118652344
0.3247070312
0.6713867188
1.639648438
1.25
0.2502441406
-0.06088256836
-1.454101562
-1.774414062
0.27734375
0.4033203125
0.8208007812
-1.340820312
-0.4423828125
-0.1126098633
-1.987304688
0.5126953125
0.7543945312
0.81640625
-1.102539062
-1.13671875
0.5166015625
0.108215332
-2.033203125
1.215820312
2.279296875
1.084960938
0.4558105469
3.171875
1.723632812
-0.5024414062
-0.6630859375
-1.499023438
-0.7192382812
-0.1032714844
-0.8442382812
-1.579101562
-0.2741699219
1.473632812
-0.716796875
-2.15625
0.8349609375
1.399414062
-0.2340087891
-0.23828125
-2.162109375
-1.124023438
2.171875
1.233398438
0.275390625
0.3386230469
0.2854003906
-0.9702148438
0.4936523438
-0.06750488281
0.724609375
0.02534484863
-0.04513549805
-0.6879882812
0.6328125
1.016601562
0.4084472656
0.6245117188
0.1956787109
0.7954101562
0.002531051636
-2.0390625
-0.419921875
-0.06210327148
0.4836425781
0.7802734375
-0.6064453125
0.4924316406
1.979492188
0.05517578125
0.8969726562
-0.4226074219
0.2313232422
-0.1488037109
-1.430664062
0.2188720703
1.173828125
2.318359375
-0.501953125
-0.4328613281
1.3828125
-0.1304931641
-0.1944580078
0.6767578125
1.6171875
-1.413085938
-0.8037109375
1.50390625
1.615234375
-0.755859375
1.03515625
0.8081054688
-1.3125
-0.6948242188
1.108398438
-1.682617188
-0.5048828125
0.830078125
0.02235412598
0.810546875
0.7705078125
-0.7387695312
-0.796875
0.8608398438
-0.4143066406
0.2880859375
0.7075195312
0.2149658203
-1.666992188
1.4140625
1.143554688
0.7978515625
-0.06884765625
0.802734375
-0.1385498047
-0.4338378906
1.123046875
-0.3374023438
-1.094726562
1.153320312
-0.28515625
-1.627929688
0.8115234375
0.4345703125
1.932617188
1.655273438
1.399414062
0.3403320312
2.31640625
0.212890625
-2.64453125
0.564453125
1.25
1.901367188
0.7783203125
-0.6245117188
-0.8618164062
-0.5874023438
-0.478515625
0.1812744141
1.010742188
0.93359375
-1.1796875
0.1979980469
0.9702148438
-0.05404663086
0.4497070312
-0.1108398438
-1.044921875
-0.1958007812
2.203125
-1.020507812
-0.01362609863
-1.813476562
0.9296875
-0.904296875
0.470703125
0.2707519531
1.163085938
-0.3454589844
0.07543945312
0.3115234375
4.1953125
0.2342529297
-0.6928710938
-0.1041870117
-0.05743408203
0.6098632812
0.5639648438
1.2109375
0.7578125
0.8842773438
0.2283935547
-0.8276367188
-0.5859375
-1.03515625
0.002349853516
1.208007812
-0.478515625
0.8793945312
-1.227539062
-1.126953125
-0.4841308594
-0.1065673828
0.102355957
0.03308105469
1.604492188
-0.1141357422
0.9350585938
0.1990966797
1.630859375
0.2235107422
1.59765625
0.4523925781
0.4597167969
0.1497802734
-0.1259765625
1.358398438
-0.3984375
0.4406738281
0.7548828125
-0.1711425781
0.5395507812
2.47265625
0.7104492188
1.380859375
-0.4487304688
-1.362304688
-1.603515625
0.4599609375
-0.2117919922
-0.1815185547
-1.424804688
0.2479248047
-0.4428710938
0.9975585938
0.03677368164
0.26171875
1.25390625
-0.958984375
-0.5034179688
-1.211914062
0.1534423828
-1.186523438
-0.9125976562
-0.2272949219
-0.591796875
-0.4106445312
-1.458007812
1.131835938
-0.2595214844
-0.8803710938
0.732421875
-1.060546875
-1.322265625
0.8715820312
-1.116210938
-0.1821289062
-2.392578125
-0.001713752747
0.2990722656
0.3000488281
1.424804688
0.6284179688
-0.6025390625
-1.779296875
-0.3469238281
1.970703125
0.03857421875
-0.4055175781
0.2961425781
-0.7421875
0.9887695312
-0.4465332031
1.06640625
0.4504394531
0.5361328125
-0.6567382812
-1.018554688
-0.453125
-0.5732421875
-0.0135269165
-0.3796386719
1.671875
0.1929931641
-0.9008789062
-0.3078613281
-0.97265625
-0.9047851562
-1.012695312
-0.623046875
0.9711914062
0.1436767578
0.1750488281
0.02206420898
1.310546875
-1.150390625
0.8251953125
0.4138183594
1.018554688
1.283203125
1.330078125
0.6206054688
0.3898925781
1.583984375
0.1297607422
-0.9404296875
-1.172851562
1.369140625
0.8041992188
-0.1939697266
0.09088134766
0.04360961914
1.670898438
-0.3583984375
0.2631835938
-1.827148438
-1.078125
-0.4272460938
-2.1640625
-1.200195312
-1.41015625
-0.7416992188
0.06076049805
0.912109375
0.6577148438
1.103515625
-0.4333496094
1.350585938
-0.5068359375
-0.2175292969
1.609375
0.8671875
0.693359375
-0.7055664062
0.9345703125
0.4287109375
0.7504882812
-0.6918945312
-0.05661010742
2.66796875
-0.8115234375
-1.462890625
0.4951171875
0.9365234375
-0.6723632812
-1.647460938
3.04296875
0.02214050293
0.7416992188
-1.698242188
-0.1810302734
0.9208984375
0.5219726562
0.2088623047
0.4011230469
-0.8432617188
1.204101562
-0.1335449219
1.032226562
-1.0546875
-0.5146484375
-0.9526367188
-1.25390625
-0.5903320312
0.4638671875
-0.9873046875
1.202148438
1.247070312
0.19140625
0.07397460938
1.444335938
1.000976562
-1.055664062
0.6840820312
0.6079101562
-1.294921875
2.091796875
0.2841796875
0.9028320312
-0.7373046875
0.8896484375
-0.2719726562
0.7045898438
1.76171875
-0.99609375
-0.3525390625
1.168945312
0.3388671875
-0.9272460938
-0.7368164062
-1.69140625
-1.049804688
-0.44140625
0.2766113281
1.307617188
0.9331054688
0.8637695312
1.313476562
0.5751953125
-1.208007812
0.6440429688
0.4467773438
-0.5834960938
-1.09765625
-1.018554688
-0.1638183594
-0.6376953125
0.3989257812
-0.2788085938
-2.21875
1.4921875
0.6362304688
1.310546875
0.4208984375
-0.2366943359
-1.603515625
-1.918945312
1.262695312
-0.072265625
0.2751464844
2.22265625
1.543945312
1.942382812
-0.3840332031
0.1187133789
-1.46484375
0.2204589844
2.517578125
0.4150390625
-2.583984375
0.6376953125
-0.787109375
-0.7705078125
-0.3088378906
-1.255859375
0.07415771484
-1.198242188
2.08984375
0.3142089844
0.2353515625
-1.375
-1.299804688
0.1292724609
-0.9799804688
1.970703125
0.3601074219
-0.05505371094
-1.01953125
0.591796875
-1.80078125
0.1632080078
-0.09808349609
0.1711425781
0.9692382812
-0.5322265625
-0.07366943359
-2.828125
-1.569335938
0.3046875
