87 0 0 0 0 0 0 0 0 0 0 0 0 0 0 0 0 0 0 0 0 0 0 0 0 0 0 0 0 0 0 0
113 93 0 0 0 0 0 0 0 0 0 0 0 0 0 0 0 0 0 0 0 0 0 0 0 0 0 0 0 0 0 0
62 -124 -46 0 0 0 0 0 0 0 0 0 0 0 0 0 0 0 0 0 0 0 0 0 0 0 0 0 0 0 0 0
25 113 -35 95 0 0 0 0 0 0 0 0 0 0 0 0 0 0 0 0 0 0 0 0 0 0 0 0 0 0 0 0
-76 48 93 86 94 0 0 0 0 0 0 0 0 0 0 0 0 0 0 0 0 0 0 0 0 0 0 0 0 0 0 0
-6 -124 65 -66 25 -12 0 0 0 0 0 0 0 0 0 0 0 0 0 0 0 0 0 0 0 0 0 0 0 0 0 0
9 113 -69 53 117 13 39 0 0 0 0 0 0 0 0 0 0 0 0 0 0 0 0 0 0 0 0 0 0 0 0 0
-47 67 -67 -56 110 108 82 99 0 0 0 0 0 0 0 0 0 0 0 0 0 0 0 0 0 0 0 0 0 0 0 0
-39 -14 25 -5 20 79 57 33 18 0 0 0 0 0 0 0 0 0 0 0 0 0 0 0 0 0 0 0 0 0 0 0
-89 53 -88 98 106 -35 -55 -112 -112 59 0 0 0 0 0 0 0 0 0 0 0 0 0 0 0 0 0 0 0 0 0 0
93 66 42 -83 -52 35 -65 15 56 109 106 0 0 0 0 0 0 0 0 0 0 0 0 0 0 0 0 0 0 0 0 0
-3 -106 96 -28 96 42 50 -74 -79 108 42 -25 0 0 0 0 0 0 0 0 0 0 0 0 0 0 0 0 0 0 0 0
2 76 68 -115 63 -66 -119 -46 -11 -7 111 -20 -111 0 0 0 0 0 0 0 0 0 0 0 0 0 0 0 0 0 0 0
61 47 -121 20 -82 27 -35 79 -66 115 -40 -7 -2 -114 0 0 0 0 0 0 0 0 0 0 0 0 0 0 0 0 0 0
-68 35 78 -99 -32 27 38 -13 -88 17 109 68 -118 66 31 0 0 0 0 0 0 0 0 0 0 0 0 0 0 0 0 0
-56 -6 -64 -44 11 100 -15 60 58 -103 88 -18 12 30 -73 24 0 0 0 0 0 0 0 0 0 0 0 0 0 0 0 0
-42 -107 3 113 -106 -95 114 105 -121 -61 -123 -125 -54 59 25 99 99 0 0 0 0 0 0 0 0 0 0 0 0 0 0 0
-9 -36 -110 20 -103 75 6 -60 -111 5 -72 11 32 -21 122 127 42 -20 0 0 0 0 0 0 0 0 0 0 0 0 0 0
4 44 20 94 -82 -104 -101 -17 91 -24 107 -88 59 99 98 -91 -25 -94 60 0 0 0 0 0 0 0 0 0 0 0 0 0
55 6 -79 33 -64 -113 -116 67 -49 64 95 -83 -30 98 102 -71 -67 -44 30 -83 0 0 0 0 0 0 0 0 0 0 0 0
61 -96 -70 -24 74 -46 25 -110 -47 32 -111 -30 -70 -88 88 -115 90 101 5 123 -30 0 0 0 0 0 0 0 0 0 0 0
-3 -104 -77 -106 75 40 -18 94 -113 -2 51 -116 60 121 -37 -4 -8 41 43 -63 119 3 0 0 0 0 0 0 0 0 0 0
-114 -116 20 -84 26 -67 32 111 78 108 108 75 22 64 115 77 79 -3 113 -4 94 -115 -91 0 0 0 0 0 0 0 0 0
-48 120 3 -91 -46 -1 67 114 -33 71 80 56 -70 17 -40 -97 109 -90 111 122 70 49 13 43 0 0 0 0 0 0 0 0
-17 74 103 109 -124 70 -125 -5 124 38 -111 -101 -36 87 10 -19 -105 -95 -56 -39 -125 -89 -125 -110 40 0 0 0 0 0 0 0
114 79 -35 89 -110 92 18 -1 6 -31 -96 -2 -56 93 -102 -10 35 42 -122 123 -55 -8 56 45 32 90 0 0 0 0 0 0
-43 88 6 -118 -44 -88 -20 83 -87 -119 -126 -117 108 -68 -107 98 65 112 10 88 5 -60 -122 -65 14 -32 55 0 0 0 0 0
68 1 123 -20 -52 2 -107 -2 22 60 -122 97 -83 -44 46 -81 46 -106 -58 32 19 48 14 -123 -82 -8 99 87 0 0 0 0
-30 -95 119 -85 123 -34 103 15 -108 -91 -22 -55 -95 89 100 89 80 98 90 83 -21 -48 -38 -27 -123 -40 30 -5 -20 0 0 0
-35 -3 -127 -120 -2 61 -23 -58 97 60 -32 -114 -25 105 -95 -119 17 -27 -99 -8 30 53 40 18 -30 -74 -117 114 -89 -89 0 0
5 89 -26 19 29 98 20 -127 17 -29 24 -72 75 95 77 124 38 -35 59 -124 123 71 30 -36 70 -117 -81 -66 -60 -82 -113 0
-60 98 33 110 -97 -32 89 -14 5 -5 -102 -78 -23 82 32 30 -26 48 -75 -44 81 82 -54 -89 -31 -91 -23 87 -51 18 116 -8
-121 -107 -80 -79 4 80 -26 -78 -50 -108 -39 -120 49 -69 118 -87 33 41 121 -120 -122 -29 -78 105 31 -69 -68 56 49 98 62 -99
-107 -33 13 -91 96 -26 14 -123 -99 2 -120 121 -28 51 3 -116 -14 -51 8 60 -49 19 13 -114 96 -46 -69 48 -61 -119 25 -91
74 86 -20 86 79 113 -109 -75 111 57 73 43 -100 112 -32 28 -41 76 -12 -117 -65 -101 57 105 64 98 -28 -80 77 -5 -29 71
-64 97 92 -54 -109 -84 -93 70 -80 -42 -89 127 76 -62 94 -23 74 -116 -120 26 86 86 46 69 -89 47 -65 -126 41 -100 92 -108
-55 -93 55 9 -89 -94 100 44 98 -59 47 95 -91 -127 35 -41 36 115 13 -56 22 51 118 -78 3 -113 -99 28 78 -115 69 -99
44 8 -121 114 -102 13 -50 -113 -26 -46 -23 -94 56 -108 -71 101 -86 122 -93 -103 50 -25 -40 117 116 123 -9 76 -68 -51 -21 77
8 -126 -31 -43 -59 -119 31 -3 -85 90 13 -38 65 111 -102 -64 -123 44 -11 61 -83 -36 66 -87 -11 71 -127 -99 36 -49 93 -83
116 84 -26 -5 18 47 -113 -57 68 48 -117 105 62 -73 43 -99 -10 127 -114 -30 -35 115 -66 38 17 2 3 -70 29 123 94 -116
-68 98 -125 81 -58 -61 -79 -118 63 112 -41 -29 -105 92 -9 50 -127 84 65 -50 100 54 -6 -44 -25 -52 -40 -35 -4 -53 99 -91
78 -27 125 16 -93 41 -86 99 88 -72 -11 -58 72 -45 66 90 23 -9 -100 40 -126 -62 63 19 -66 -38 -7 -56 64 38 -12 52
-103 -108 116 14 -98 -30 103 -10 -20 -6 113 -76 -82 -18 -19 114 43 44 -93 -7 76 -9 -49 79 -73 -17 46 -82 11 44 -113 -96
-118 -49 82 106 -92 109 87 68 -3 98 -7 42 110 114 78 -53 64 74 -90 70 -21 56 -91 34 -31 110 123 -6 32 -64 53 34
-25 -39 -60 -118 -116 97 -105 -98 -115 39 33 -3 61 -101 -20 -54 1 70 30 -44 101 37 36 -59 36 7 -28 -1 114 79 77 -104
21 -4 2 45 -103 111 23 -36 -12 -79 41 -9 42 -86 29 -5 66 -40 -65 -14 23 117 47 -83 38 -122 -52 45 -121 15 -48 81
55 118 -76 -2 60 66 -79 -14 -13 -120 -68 113 21 -56 56 111 43 46 126 -55 82 0 -69 101 23 109 -89 -79 8 75 98 -74
-99 -11 102 93 -117 -116 -103 -86 109 -24 22 2 75 81 24 -92 28 109 -119 -74 33 17 -2 -59 76 -81 -87 42 -34 93 -44 -22
72 -31 -102 -49 -76 50 -96 125 38 -62 -10 -84 60 103 22 80 -44 -93 -107 -125 71 41 -102 -83 33 37 -97 -66 115 85 -9 80
118 121 -118 126 21 36 125 0 -74 -46 -23 -123 58 -123 -104 48 -79 68 8 23 -43 -39 -39 8 -76 113 -79 11 118 -13 31 -75
-14 -32 -41 114 68 10 -4 31 -32 -95 45 -43 84 -92 44 60 -91 26 -10 16 -21 -102 85 48 -81 -48 51 113 -118 -68 58 58
89 -118 -120 -85 -70 -94 87 38 -72 -36 36 -93 -126 -24 69 -101 -82 15 -37 -121 -22 119 -56 15 -115 104 50 78 -8 67 -3 118
-24 -14 21 -64 1 60 -76 -70 103 79 13 -33 30 91 120 -51 32 -109 35 -91 -74 36 -48 -80 -63 -55 -15 106 -116 -84 -10 -17
37 110 -106 36 10 -19 104 -16 -8 50 73 -97 -114 88 121 -20 93 21 -60 92 -60 1 30 -81 66 -52 117 -52 -4 106 -72 -114
-64 61 7 116 12 -90 51 -107 124 39 -65 87 -50 -63 106 73 -63 -97 -120 90 71 -78 44 18 -11 70 122 -51 91 -9 -108 28
-108 -22 -31 23 30 -37 -17 24 -100 -46 5 101 -45 -108 -18 30 65 -7 -81 102 -26 32 24 -8 -126 -4 28 71 31 -56 -120 53
60 -53 -30 56 108 84 104 96 99 75 104 -63 -12 9 18 -48 78 -53 -98 121 72 -86 -117 -109 45 49 15 -11 15 105 -39 114
83 -71 16 107 -125 96 85 -126 -16 24 119 99 -115 63 -29 93 -74 6 -61 21 -73 -78 -96 10 -28 -22 -51 -103 93 21 75 -82
-10 22 45 115 89 63 75 44 -10 92 -111 -94 105 85 -66 21 -68 110 -61 52 -44 80 -61 39 73 -68 -81 4 -92 26 19 -60
-10 -83 24 -108 95 -118 -10 -42 -96 -115 -47 5 -120 93 90 125 -55 63 -3 -48 62 70 -22 118 -19 -50 39 -5 -38 75 25 -68
35 109 33 -19 -111 119 21 -109 22 51 53 95 20 59 52 114 99 28 6 52 -121 23 22 62 -84 110 -51 74 13 -39 -77 -116
10 1 70 17 -52 -9 -58 0 -105 107 46 32 8 -107 86 29 109 -121 62 32 3 52 26 82 30 -3 -92 125 -39 -9 -34 -113
75 -48 -104 -47 70 -98 -57 -72 -82 29 -39 -15 -33 -24 104 72 38 85 27 110 -35 99 -114 68 72 -7 -70 104 57 18 22 75
61 20 16 -71 123 -124 -70 -124 83 103 -98 -106 -8 16 25 -70 49 -86 53 -36 -13 -85 41 -55 82 103 -73 -125 101 126 19 -10
0 41 88 54 -28 -19 20 102 93 -27 91 -89 -36 21 -96 -55 31 -49 -107 -46 86 -121 126 6 15 -73 -96 16 -42 -31 25 36
0 0 33 15 95 -58 -77 112 -11 -114 58 27 -20 -99 99 -96 66 -18 17 -86 101 -114 -48 2 -103 21 -122 33 -116 -58 36 -126
0 0 0 50 48 -22 -87 117 -81 31 -125 4 -62 -17 -115 -6 -4 79 100 60 13 45 71 16 -68 13 35 35 117 17 2 3
0 0 0 0 -11 71 89 54 19 91 -28 88 -17 41 -103 82 -96 98 50 11 -41 -15 32 101 124 23 -11 -62 22 -112 16 87
0 0 0 0 0 68 21 77 46 42 15 64 101 -3 -16 0 -126 94 -117 67 52 -40 -23 36 125 -31 83 98 -37 43 76 12
0 0 0 0 0 0 -1 42 -58 -68 -93 70 -109 -48 4 -115 101 -99 -9 -118 -79 15 45 64 81 -42 -124 -97 8 2 15 -90
0 0 0 0 0 0 0 106 26 -84 -20 -82 -81 48 58 -108 9 -17 85 -89 -113 -92 83 83 -111 99 5 -124 115 21 35 -42
0 0 0 0 0 0 0 0 121 108 -55 60 26 -50 45 -73 10 116 8 79 113 -111 -2 7 -59 -8 113 126 -25 -123 98 82
0 0 0 0 0 0 0 0 0 -57 -8 -83 -71 115 -4 100 116 -104 36 -22 52 -116 40 -60 115 32 9 60 55 -88 83 68
0 0 0 0 0 0 0 0 0 0 -42 0 100 -97 -59 -53 -34 4 118 -42 58 -101 105 18 -50 -100 44 41 11 2 -111 34
0 0 0 0 0 0 0 0 0 0 0 119 14 56 -44 -35 -25 55 -8 99 106 16 -78 47 55 -23 -77 65 1 63 -66 -27
0 0 0 0 0 0 0 0 0 0 0 0 -95 -71 -21 24 -64 9 -15 126 26 -38 -56 -33 -110 73 41 107 -41 2 21 91
0 0 0 0 0 0 0 0 0 0 0 0 0 -47 37 -44 89 37 -38 55 -104 -91 -70 1 79 21 25 89 58 -27 -68 -76
0 0 0 0 0 0 0 0 0 0 0 0 0 0 24 -70 -46 -92 84 16 97 34 102 -74 -20 115 13 104 -6 -123 -120 -80
0 0 0 0 0 0 0 0 0 0 0 0 0 0 0 -67 -107 122 85 -79 -59 18 30 85 -116 -123 23 126 -69 -9 -123 -51
0 0 0 0 0 0 0 0 0 0 0 0 0 0 0 0 -67 -46 -21 30 21 121 -65 -46 -74 81 -125 -40 21 -50 62 -34
0 0 0 0 0 0 0 0 0 0 0 0 0 0 0 0 0 -30 -59 57 24 -54 116 -12 19 104 78 65 -84 -2 -4 127
0 0 0 0 0 0 0 0 0 0 0 0 0 0 0 0 0 0 -100 3 -107 -20 64 -67 -15 31 -25 -114 4 77 8 122
0 0 0 0 0 0 0 0 0 0 0 0 0 0 0 0 0 0 0 58 -41 68 -22 -123 10 123 60 21 -7 -24 -106 -82
0 0 0 0 0 0 0 0 0 0 0 0 0 0 0 0 0 0 0 0 -85 90 50 30 -28 -78 92 -68 74 34 99 43
0 0 0 0 0 0 0 0 0 0 0 0 0 0 0 0 0 0 0 0 0 41 37 33 -42 -58 -125 123 19 -90 53 96
0 0 0 0 0 0 0 0 0 0 0 0 0 0 0 0 0 0 0 0 0 0 39 88 91 92 -38 77 -81 -79 46 -7
0 0 0 0 0 0 0 0 0 0 0 0 0 0 0 0 0 0 0 0 0 0 0 -42 -79 -121 7 -124 -21 75 -65 -124
0 0 0 0 0 0 0 0 0 0 0 0 0 0 0 0 0 0 0 0 0 0 0 0 49 19 -58 35 -2 -15 -71 -18
0 0 0 0 0 0 0 0 0 0 0 0 0 0 0 0 0 0 0 0 0 0 0 0 0 -111 -13 -1 55 103 -34 124
0 0 0 0 0 0 0 0 0 0 0 0 0 0 0 0 0 0 0 0 0 0 0 0 0 0 -30 -39 15 92 -89 126
0 0 0 0 0 0 0 0 0 0 0 0 0 0 0 0 0 0 0 0 0 0 0 0 0 0 0 70 -43 82 -114 114
0 0 0 0 0 0 0 0 0 0 0 0 0 0 0 0 0 0 0 0 0 0 0 0 0 0 0 0 110 0 32 -8
0 0 0 0 0 0 0 0 0 0 0 0 0 0 0 0 0 0 0 0 0 0 0 0 0 0 0 0 0 70 12 120
0 0 0 0 0 0 0 0 0 0 0 0 0 0 0 0 0 0 0 0 0 0 0 0 0 0 0 0 0 0 -30 121
0 0 0 0 0 0 0 0 0 0 0 0 0 0 0 0 0 0 0 0 0 0 0 0 0 0 0 0 0 0 0 -63
0 0 0 0 0 0 0 0 0 0 0 0 0 0 0 0 0 0 0 0 0 0 0 0 0 0 0 0 0 0 0 0
