-47808 43782 -23913 12090 -67964 4653 -8052 -64985 34702 -18169 49303 -11580 16199 48447 44596 -51048 -23451 46882 -4436 72451 -42264 -41002 -35539 65835 53503 -79244 20573 -44030 30668 -69250 9334 -95878
-69385 48978 -37130 27600 -88464 -11344 -7301 -23787 16553 -14897 79908 -6402 29860 66139 19564 -18995 -54755 55883 -34123 31369 -36509 2003 -38498 42229 54115 -95822 -2221 -43347 20476 -2868 42602 -75074
-6901 14892 -75005 45051 -53098 -1773 -32329 1580 -26437 -23121 71029 1794 6055 22185 33451 -36667 -68382 12479 -37400 47619 -76350 -61646 -30836 77760 8038 -74778 59349 -34858 15036 -15515 51160 -77042
-3887 23490 -32411 52219 -85861 38220 -6011 -1823 -6686 -38818 33799 24853 37698 25477 8687 -61212 -9049 43570 -34745 75508 -42110 -67346 -25940 78638 52786 -44655 -1257 -17218 47167 -33277 24910 -70650
-34318 2392 -29780 25508 -72367 -1327 -16197 6838 -7005 -3404 45403 -38631 23993 17246 11858 -48145 13117 12595 -10746 69899 -13605 -16156 -12949 73919 86146 -33632 -5039 14373 33948 -54872 43751 -104655
1923 -2790 -76812 51928 -71246 -18604 -26424 6984 -10363 -8301 63322 -15225 24824 -5937 12085 -66940 -18969 18058 -15961 31524 -44653 -27712 -18902 75410 62095 -26166 -3005 -19919 -14468 -44362 75926 -82433
-32660 12025 -36167 45295 -72877 -34201 7108 -34409 6222 -44611 37620 -40354 50261 18870 -4219 -63274 -23933 13989 -26000 65531 -49435 -53226 633 85171 63133 -83914 28397 -20275 23567 -27168 2962 -99848
-22770 31878 -74585 36004 -74823 -39378 19089 -23144 -10349 -7580 22425 -10662 57024 11144 68282 -50761 -20680 -5288 -30963 80689 -42528 -36329 27568 104837 35967 -56346 -2857 -27641 2672 -59098 17782 -109507
-24932 -17660 -16142 51207 -48508 -39178 -28443 8416 -4630 13155 44559 12939 39449 29281 21028 -61659 -78593 -20395 -25964 52967 -75293 -46959 -53432 44293 38030 -46473 -16823 -34388 7314 -40495 63860 -67865
-78015 41538 -39871 38048 -8519 -47345 -25636 35237 -13884 -18895 48032 -2779 44258 63147 65514 -3076 3510 37282 -3822 95693 -28932 -9250 -41643 41684 35007 -51578 -23562 -26432 26627 12245 9211 -74961
-27538 8633 -60507 -24617 -54021 -1248 -37202 -5521 -12089 -24645 24878 -47536 11644 17522 40184 -5510 -5583 16846 -7684 95459 -12572 -29962 -38043 108642 94310 -74935 13976 -39189 11913 -34521 28585 -49924
-22639 336 -30066 65780 -37403 -56863 -38764 18007 16761 -27914 35044 -12811 44239 -13545 54491 -17337 -14629 24193 -2804 57678 -87500 -62755 -33030 36164 59016 -26568 -35292 -13753 -4319 -7951 76469 -49543
-9459 50465 -53951 29714 -75764 -32570 -65314 -64080 12015 -20784 66177 28490 29786 37935 6430 -52225 -69538 31290 -14709 101336 -32506 2535 -20230 73455 30201 -23264 -13638 -28710 29435 -74170 22713 -113929
-27919 32361 -74695 44058 -52383 -11956 -5482 -34830 8157 -19517 40602 -27191 33451 36423 36980 -30626 -38354 -3282 -16741 75102 -36277 -37765 -35751 77241 71370 -47066 31484 -22120 39874 -78021 -16230 -74579
-6814 15222 -48841 79051 -67369 -25557 -15258 -28402 -3147 -33747 47890 -32194 54199 -13394 69605 -36791 -50665 -407 -36875 81871 -35845 -46923 -21257 79324 44632 -60976 54312 -58109 -24782 -60629 87045 -61519
-18104 3698 -75792 22808 -61892 -46652 17651 -69443 -32013 -23263 72122 -23661 17577 25813 -4290 -84521 -42376 -26692 -289 69613 -58113 -10338 12517 40095 46451 -37509 24293 -5041 -11458 -57758 37009 -95192
-50956 12043 -40295 50080 -82935 -4448 4964 -10797 23798 -2863 41818 -28209 13027 -12522 49138 -64379 -54805 29379 -39124 98221 12000 -29304 -6457 83330 56675 -35350 -105 -28854 36915 -34446 34731 -78337
-34128 60145 -43694 40340 -53654 -2687 18890 -23188 26710 -69698 56775 6594 39257 35374 69175 -841 2311 2865 -19553 87683 -34283 -26688 2552 58017 22237 -28384 23156 -47186 12310 -27669 34839 -72802
8997 26490 -47681 62648 -48999 -6778 -2694 -18415 8911 -30465 60919 1012 45700 632 24635 -45791 -30501 5295 -23585 72099 -65928 -52203 10173 49933 34275 -8691 30425 -37072 13095 -51661 39709 -65053
21110 43668 -64681 39831 -43200 -31801 -34688 -33980 6875 8147 11835 -39221 51718 39334 21027 -50720 -36479 42742 -18398 101026 -77621 -51117 -10817 71184 38601 -94747 20400 -9255 20757 -21962 15639 -112635
-39772 -8346 -94754 23793 -51395 -43263 -14950 -37149 43366 9453 29713 -24983 68113 -11397 39570 -54150 1878 -37220 -38973 41760 -46691 45527 23010 62902 83850 -27672 -2595 -20847 -9291 -32172 12062 -63316
-75154 21867 -26723 27922 -39405 15139 12455 -25096 -7587 -30051 37017 -13486 29376 34172 -10499 -3437 4831 4745 -61725 88979 -16824 11305 2340 75860 64328 16133 -18533 3155 25627 -13674 3497 -99248
-74958 20386 -26277 68968 -45509 -36160 -5195 -49834 7381 -14290 40777 -19581 38612 -14551 42368 13842 -29989 -2243 -44108 52327 -33656 -16973 -10410 41380 41505 -35319 3267 -25718 8155 -17597 34815 -77507
-18261 60483 -9398 94572 -74273 -53114 -4547 -29374 22582 26095 45725 34500 67850 13734 -3454 -50386 -29536 38647 -3182 54155 -88187 -34579 -10472 45285 38542 -29175 -25816 -56053 49226 -45312 31365 -68809
-43142 5858 -46161 39965 -45492 10445 -8384 11908 17557 2570 10833 -32349 44787 31041 31337 -52717 -676 -6040 -65948 92746 -9921 -30481 8742 76864 64050 -25384 12807 1938 34435 -24328 28816 -83629
-29272 21313 9767 47706 -21793 -55354 -34739 -19648 8963 26148 36353 -16671 24871 27568 23029 -30666 -21011 52438 3151 63485 -39677 -40394 -21186 8537 45259 -43907 -19610 -27280 70616 -7722 10501 -75582
-29712 21647 -45906 42772 -105372 -23353 -48740 -13835 -30570 6870 54954 -7543 -6619 -42963 5211 -28646 -57260 -10436 -40465 96737 -45586 -18379 18704 126182 74449 -46926 8716 -9154 -23297 -27041 59687 -90726
-16100 13488 -67113 49520 -86359 -36435 -3765 -19825 -304 -50611 50517 8140 25287 -3095 24632 -56702 8287 -4546 -32652 1711 -69672 -38753 20149 90439 62824 -63995 24363 811 -1607 -25422 37171 -79458
-35307 1946 -14741 5718 -24374 -31721 -15943 -32480 23055 -22457 69879 -2668 36815 22966 9350 -70951 -41470 13034 -34022 48432 -32252 -35670 -44722 22656 8839 -15803 4205 98 29486 -42266 5524 -99394
-57979 31156 -52111 84805 -78850 -7972 4697 -43608 -6321 19654 30490 34160 37791 24945 24668 -51455 -22581 13519 -24040 69592 -64927 -43766 -23627 44936 14170 -33216 -16972 -49103 3022 -4913 51334 -81207
-45724 23123 -34136 55838 -79713 -35356 23183 -26722 -3662 8147 17553 -9409 41270 49785 22032 -40924 -6358 65572 -26355 79419 -9037 -22553 -36619 53037 54834 -66828 -12356 -44559 61002 -15627 22638 -127790
-18439 38931 -212 55105 -94506 -27711 12365 -45959 9247 -5936 56904 6678 739 63610 -7389 -46582 -28098 27166 -8951 45893 -80194 -5637 -28034 55640 69313 -62583 5519 -58076 41130 -11881 44234 -81114
