-1.733398438
-1.733398438
-1.733398438
-1.733398438
-1.733398438
-1.733398438
-1.733398438
-1.733398438
-1.733398438
-1.733398438
-1.733398438
-1.733398438
-1.733398438
-1.733398438
-1.733398438
-1.733398438
-0.2280273438
-2.595703125
-2.2734375
1.399414062
0.2783203125
-2.529296875
0.3395996094
0.2917480469
-1.893554688
0.1184082031
-1.442382812
-0.1759033203
-0.7250976562
0.7817382812
0.1909179688
-1.504882812
-1.638671875
-0.1650390625
0.5830078125
-0.3208007812
0.7456054688
-0.5302734375
-0.3679199219
0.7900390625
-0.2307128906
-0.05603027344
-0.240234375
-0.904296875
-1.74609375
-0.5639648438
-1.377929688
-1.358398438
-0.529296875
-0.5112304688
1.991210938
-0.1325683594
1.96484375
0.84765625
-1.163085938
-0.8715820312
-0.6396484375
-0.2451171875
2.45703125
-0.6538085938
0.1656494141
-0.5493164062
-0.5200195312
-0.5219726562
0.892578125
-0.0304107666
0.59765625
-0.3037109375
-0.02549743652
0.9858398438
-1.328125
0.8623046875
0.1590576172
-0.2368164062
0.6782226562
0.1544189453
0.3857421875
0.08343505859
1.139648438
0.2170410156
-0.91796875
-0.2897949219
0.07501220703
1.100585938
0.5551757812
-0.4743652344
0.6958007812
-1.408203125
-0.00838470459
0.0002384185791
0.8291015625
-0.3383789062
-1.127929688
1.456054688
-1.03125
0.3791503906
1.122070312
0.3249511719
2.0859375
-1.04296875
0.3459472656
-1.166992188
-1.114257812
-0.4936523438
-2.330078125
-0.5639648438
-0.8588867188
-1.396484375
-1.140625
0.1689453125
-0.4580078125
0.8666992188
-0.798828125
2.189453125
0.4938964844
0.390625
1.29296875
-0.01315307617
0.4255371094
0.4028320312
-1.146484375
0.6884765625
-1.291992188
0.1715087891
0.9165039062
1.317382812
0.9580078125
0.7358398438
-2.333984375
-0.2036132812
-0.3166503906
0.9482421875
1.252929688
0.1074829102
-0.3474121094
-0.1324462891
0.7836914062
0.2236328125
-1.538085938
-0.1513671875
-0.9458007812
1.900390625
0.2917480469
-0.2091064453
0.6669921875
0.4440917969
0.2800292969
-1.021484375
0.9145507812
-1.325195312
1.5
-0.689453125
-1.140625
2.251953125
-0.6108398438
0.8466796875
-0.04913330078
-0.6665039062
0.3000488281
0.8813476562
0.3032226562
-0.791015625
-1.453125
-1.661132812
-1.288085938
0.4711914062
0.2409667969
0.3986816406
-0.8310546875
0.7250976562
-0.1890869141
-0.8676757812
1.139648438
1.525390625
0.6748046875
0.8325195312
-0.2846679688
0.4099121094
0.4702148438
1.197265625
-0.2484130859
-0.2045898438
-1.928710938
0.7875976562
0.7294921875
0.6352539062
0.5620117188
-1.268554688
-1.295898438
0.57421875
0.05844116211
-1.114257812
0.7392578125
-1.84375
-0.01251983643
0.7290039062
-0.2553710938
0.7963867188
-1.38671875
1.044921875
0.6396484375
0.7563476562
-1.372070312
-0.004817962646
-0.4865722656
-1.051757812
1.388671875
-1.711914062
-1.064453125
-1.903320312
0.7866210938
0.5024414062
-0.7783203125
0.2998046875
-0.4243164062
-0.4194335938
-0.4558105469
1.524414062
0.8872070312
-1.00390625
-1.340820312
1.268554688
-0.9780273438
0.990234375
1.1796875
-0.6806640625
1.53515625
-0.09838867188
-1.030273438
-0.7055664062
-0.1345214844
0.3471679688
0.2269287109
-0.00804901123
0.4484863281
0.6918945312
1.649414062
-1.477539062
-1.69921875
0.3955078125
-0.7954101562
0.3334960938
-0.3806152344
-0.9487304688
-1.18359375
-0.5727539062
0.03790283203
0.6962890625
-0.1691894531
-0.4697265625
-1.584960938
0.701171875
0.15625
-0.3054199219
-0.2683105469
0.1998291016
0.8818359375
-1.109375
-1.208007812
-0.2919921875
0.09832763672
1.491210938
-0.5141601562
-0.0634765625
-0.0249786377
-0.59375
-0.1787109375
0.4946289062
0.1067504883
0.06597900391
0.5107421875
-1.383789062
1.259765625
-0.7416992188
-0.5419921875
1.509765625
0.09619140625
-1.137695312
-0.5698242188
-0.875
-0.3129882812
0.5444335938
-0.1119995117
1.0859375
-0.1726074219
0.6352539062
0.77734375
0.974609375
-0.4169921875
-0.4055175781
1.26953125
0.2077636719
-0.1373291016
-1.265625
0.2252197266
-0.07629394531
1.436523438
0.07147216797
-0.04821777344
1.779296875
1.321289062
-1.1328125
1.510742188
-0.06744384766
1.388671875
-0.4035644531
0.8828125
-0.12890625
2.02734375
-0.8486328125
1.719726562
1.331054688
-0.08801269531
-1.095703125
1.58203125
1.229492188
1.939453125
0.6635742188
1.03125
-2.412109375
2.109375
-0.4748535156
2.0859375
0.515625
-0.2780761719
-0.4597167969
2.806640625
0.2359619141
2.20703125
-1.614257812
0.5400390625
-1.043945312
-0.25390625
0.2858886719
-0.2302246094
0.1020507812
0.001347541809
1.32421875
1.620117188
0.2026367188
0.4360351562
1.185546875
-0.1417236328
-0.833984375
-0.4072265625
0.5737304688
-0.4611816406
0.1790771484
-0.7094726562
0.5415039062
1.540039062
0.6157226562
1.93359375
-0.8525390625
-0.9995117188
-0.2736816406
-2.01953125
-0.5161132812
1.512695312
-0.1190185547
-0.4907226562
-1.08203125
0.68359375
-0.3645019531
0.6752929688
0.955078125
-1.44921875
1.573242188
-0.7182617188
0.6923828125
0.2570800781
0.6220703125
-1.08984375
1.79296875
1.330078125
-0.5874023438
0.46484375
-0.4411621094
-0.04849243164
-1.170898438
-1.053710938
-0.06622314453
-1.138671875
0.003549575806
-0.5991210938
-0.876953125
-0.2807617188
-1.525390625
-0.8505859375
-1.086914062
1.659179688
-2.28515625
-0.2307128906
-0.1416015625
0.7036132812
-0.7934570312
0.01509857178
-0.02565002441
-0.2895507812
0.5263671875
-1.0078125
-2.455078125
-0.6713867188
0.1843261719
0.6704101562
-0.1832275391
-1.9765625
2.15625
-0.1625976562
-1.263671875
0.3063964844
0.3088378906
0.3117675781
2.029296875
-0.1586914062
-0.4289550781
0.2144775391
0.6186523438
-0.4934082031
-1.46875
2.634765625
-1.701171875
0.1047973633
-0.2543945312
-1
-0.1497802734
0.2209472656
-3.142578125
-0.7431640625
0.1052856445
1.01171875
0.6743164062
-1.919921875
0.1975097656
0.2147216797
0.7114257812
1.885742188
0.3117675781
1.817382812
0.6928710938
0.716796875
-0.1706542969
0.06646728516
1.494140625
1.435546875
1.053710938
0.7485351562
0.5551757812
1.374023438
-2.380859375
-0.3469238281
0.6904296875
-0.630859375
-1.021484375
0.962890625
-0.5107421875
-0.5859375
0.06768798828
-0.3137207031
2.3203125
0.1007080078
1.33203125
-0.06475830078
-0.4755859375
1.70703125
0.4892578125
1.293945312
0.2022705078
-1.206054688
-2.5859375
-1.021484375
0.003177642822
-1.561523438
-1.943359375
0.4262695312
-2.005859375
0.8012695312
0.2639160156
0.1113891602
0.8676757812
2.44921875
-0.2292480469
-1.15625
-1.03515625
0.3266601562
0.705078125
-1.213867188
-1.219726562
0.4050292969
-0.205078125
0.533203125
2.603515625
1.26953125
0.4924316406
0.3259277344
-0.6538085938
0.08526611328
0.72265625
0.55078125
-1.870117188
0.1185913086
0.240234375
-0.3146972656
1.778320312
-0.09393310547
-0.09033203125
-1.440429688
-0.994140625
-0.494140625
-0.5908203125
0.1267089844
-1.2578125
0.2048339844
2.50390625
-0.6049804688
0.2573242188
1.379882812
-0.6420898438
-0.05612182617
-0.5668945312
-0.4812011719
0.2381591797
-1.063476562
0.7573242188
0.78515625
-1.6953125
-0.02171325684
0.7211914062
1.428710938
0.4755859375
1.76953125
0.9282226562
-0.4274902344
-0.6484375
-0.771484375
1.078125
0.8989257812
-1.216796875
0.9985351562
-1.590820312
-0.6479492188
-1.216796875
-0.04846191406
1.266601562
-0.4370117188
-0.8212890625
0.8823242188
0.4892578125
-2.794921875
-0.6254882812
-0.2352294922
-0.1807861328
0.3410644531
0.2164306641
0.34765625
1.962890625
1.0703125
1.900390625
-0.04214477539
-0.931640625
0.05673217773
-1.357421875
0.443359375
1.80078125
-0.9541015625
0.568359375
-1.841796875
-0.03179931641
-1.211914062
-0.1385498047
-0.28515625
1.364257812
0.6889648438
-1.284179688
-2
0.5517578125
-0.390625
0.521484375
0.07635498047
1.103515625
-0.6723632812
0.2749023438
1.994140625
1.35546875
1.15234375
0.6328125
-0.6372070312
-1.85546875
-1.701171875
-0.3588867188
0.8217773438
-2.04296875
-0.7788085938
1.311523438
0.4743652344
1.21875
-1.008789062
1.1484375
-0.2412109375
0.7407226562
0.3562011719
-0.4562988281
-0.3937988281
-0.556640625
0.1090087891
-1.374023438
-2.19140625
0.3432617188
-0.07153320312
-0.626953125
0.513671875
0.05642700195
-2.744140625
0.2189941406
0.2800292969
-0.4111328125
-0.2712402344
-1.255859375
-0.09161376953
0.1899414062
0.1937255859
0.5625
0.779296875
2.62109375
-1.819335938
0.857421875
0.6518554688
1.227539062
-1.959960938
0.6069335938
1.497070312
-2.033203125
-0.07122802734
-0.05313110352
0.3454589844
0.51953125
0.2247314453
-0.541015625
1.3046875
0.6752929688
1.225585938
0.4270019531
0.2983398438
0.9404296875
-0.7739257812
1.330078125
-1.513671875
-0.3295898438
-0.001305580139
0.1979980469
0.30859375
-0.4477539062
-0.50390625
-0.2690429688
1.73046875
-0.08728027344
-0.6743164062
-0.9140625
-0.455078125
-0.3745117188
1.505859375
-1.295898438
0.2333984375
-0.06701660156
0.6518554688
-0.921875
0.2247314453
-0.3950195312
0.2585449219
-1.579101562
-0.6967773438
-0.3234863281
-0.8916015625
-1.6796875
2.009765625
-0.8393554688
0.7358398438
-1.794921875
-0.51171875
1.491210938
0.794921875
-0.7934570312
-0.5131835938
0.8090820312
-0.5590820312
-0.6435546875
-0.7236328125
-0.02824401855
-2.412109375
0.6186523438
0.107421875
-0.7270507812
2.240234375
0.861328125
-0.04110717773
0.08160400391
-0.6015625
0.6772460938
0.0703125
-0.03701782227
0.2385253906
1.595703125
-0.3039550781
-0.4248046875
1.2890625
1.309570312
-0.5551757812
-0.7573242188
-0.6811523438
-1.016601562
-0.3720703125
-2.119140625
0.4372558594
-0.2548828125
0.00284576416
0.537109375
0.3967285156
1.234375
-0.84765625
-2.62109375
-0.7641601562
-0.2026367188
1.821289062
-0.2802734375
1.627929688
0.6098632812
-0.5634765625
-1.756835938
-0.375
0.63671875
1.009765625
0.78515625
1.017578125
-1.161132812
1.709960938
-0.7729492188
-0.4643554688
-0.3239746094
2.408203125
0.1988525391
0.2844238281
0.8247070312
0.6376953125
-0.1287841797
-0.5063476562
-1.815429688
-1.5859375
0.3488769531
0.2900390625
-1.91796875
-0.373046875
-0.591796875
1.784179688
0.6362304688
-0.3413085938
-0.7294921875
-0.6474609375
0.3251953125
1.33984375
-1.28125
-1.146484375
-0.3645019531
0.1341552734
0.4284667969
0.8403320312
1.004882812
-1.071289062
-0.6337890625
-0.8125
0.2257080078
0.2897949219
0.404296875
-1.404296875
0.4921875
1.45703125
1.6171875
1.41796875
0.2484130859
1.026367188
0.0791015625
0.01414489746
0.9399414062
0.3239746094
-0.02133178711
0.1419677734
-0.6108398438
-0.6865234375
-1.486328125
-0.3908691406
0.2983398438
1.234375
0.6176757812
-0.0592956543
-0.3212890625
0.755859375
-1.791992188
1.282226562
0.697265625
-0.6088867188
0.2448730469
-2.337890625
0.4064941406
-0.3303222656
0.8745117188
0.01733398438
0.6235351562
0.4775390625
-0.298828125
2.203125
-1.043945312
0.8237304688
-0.5146484375
1.2109375
0.2379150391
1.017578125
-0.3483886719
1.012695312
0.5317382812
-1.916992188
0.03244018555
0.5698242188
0.3920898438
0.5078125
-1.248046875
0.3933105469
1.578125
-0.6635742188
0.6259765625
0.3500976562
0.3937988281
-1.086914062
-1.568359375
-1.890625
0.5131835938
-0.1605224609
-0.09503173828
1.3671875
-1.03125
-0.1939697266
1.04296875
0.02241516113
-2.0234375
-0.08258056641
-0.4013671875
0.7939453125
-1.119140625
0.03756713867
0.02575683594
0.7065429688
-0.3151855469
0.8012695312
0.03698730469
-0.7475585938
-1.807617188
-0.2229003906
1.438476562
-1.299804688
-1.165039062
0.2937011719
0.5356445312
-0.1495361328
-0.2563476562
-0.791015625
-0.50390625
0.2095947266
-0.8461914062
1.224609375
-0.09246826172
-0.9838867188
0.572265625
-0.4252929688
1.42578125
0.8486328125
-0.9360351562
0.1999511719
0.3645019531
-0.3134765625
2.423828125
-0.3159179688
1.581054688
1.000976562
-0.1215820312
-0.3994140625
0.9765625
-2.056640625
2.02734375
0.8198242188
-0.861328125
-1.0859375
-0.104675293
-0.181640625
-0.5610351562
-0.1414794922
-1.208007812
-0.1044921875
-0.5610351562
-0.1020507812
0.6333007812
-0.6279296875
1.138671875
1.200195312
1.000976562
1.494140625
0.2243652344
0.4289550781
1.09765625
0.1644287109
0.5185546875
0.1773681641
1.318359375
-0.1157226562
0.1793212891
-0.462890625
0.3266601562
-0.2478027344
-1.192382812
1.360351562
-0.3159179688
1.01953125
1.032226562
1.36328125
-0.4638671875
0.4211425781
0.09381103516
-2.029296875
-1.051757812
0.5151367188
0.3901367188
-1.951171875
0.4621582031
0.2092285156
0.3718261719
1.426757812
0.7114257812
0.08013916016
0.5107421875
0.3447265625
0.03967285156
0.7690429688
1.76171875
-1.903320312
0.03778076172
1.74609375
-0.6264648438
0.3310546875
0.2854003906
-1.0703125
-0.4838867188
2.11328125
-1.623046875
-0.5205078125
-1.884765625
0.884765625
0.7055664062
-0.4165039062
1.806640625
1.424804688
-1.145507812
-0.29296875
1.46875
0.5063476562
-0.1887207031
2.318359375
1.907226562
0.1557617188
2.751953125
-1.666015625
-0.5888671875
0.7006835938
1.418945312
0.8696289062
-0.2785644531
0.62109375
-0.6552734375
-0.7153320312
-2.05078125
-0.03625488281
1.306640625
-0.3813476562
-1.278320312
1.036132812
-1.82421875
0.6787109375
-0.8110351562
0.4279785156
0.6611328125
-0.4331054688
1.923828125
-0.3874511719
-1.352539062
0.1254882812
-0.8486328125
-0.1901855469
-0.2392578125
0.2507324219
-0.486328125
-0.1169433594
0.9057617188
2.263671875
0.2052001953
0.08380126953
1.294921875
-0.1436767578
1.18359375
0.5698242188
-0.5551757812
-0.1832275391
-1.119140625
-1.733398438
-1.733398438
-1.733398438
-1.733398438
-1.733398438
-1.733398438
-1.733398438
-1.733398438
-1.733398438
-1.733398438
-1.733398438
-1.733398438
-1.733398438
-1.733398438
-1.733398438
-1.733398438
