46501
-2000434074
792228742
2035645195
-578541376
-890597686
642225241
1130361362
2142313660
761007682
-1327013849
1193351248
1100480201
-1164343434
874054014
-1488845913
-907370110
-816057361
-1622532753
-1852255877
992051736
-706628257
150944756
-1641415079
-657192609
1340325500
1329124671
179553352
-2113289746
-257962364
-2132151912
747288648
-278108105
-319192092
1016959688
-1650684779
-783529796
1746222302
-21727962
813616546
1137397597
1647661355
-1774459832
-1287748327
691388143
-1845863701
1789977103
168115680
-931241487
1305886586
428547119
-293526154
527447844
191359292
-1358729108
1612917
84070799
1314119008
1940299785
-625384173
-400654891
-1785207992
1772015216
-78263
961040258
-999743102
676352829
-193271368
327398159
1121911760
-1263089536
-1587487360
-1800949386
-1343109887
-1713630361
-2137357180
450591217
1427586477
2009214729
1281423019
1562824115
-1001568741
1674529505
910776139
179003771
2099508335
1543801808
-82988682
-663919292
-740105305
2035105220
420463119
-1338846791
-1914089865
217446237
-960958395
-2045377653
221008944
-1361037469
1250669063
-510194560
-404477816
1146209345
187446686
1114292229
753359331
-1222488669
-1530935859
-232035570
-1208910050
-871733674
-1005868304
-1874854759
1774726695
475366597
-1352666198
-845657955
-419511575
212527193
885304855
-1312264174
1668882110
493172919
2012891133
1201465670
-1660916542
56342857
-52813
1127359102
357065392
1556337587
-369358960
2049210702
-1888123577
342315028
42051564
-25242382
-1189089542
334873721
901018753
187338689
-394568973
-671034069
921051318
-1819290819
-1995974070
-1264721664
81300674
-885502851
-1708184301
2007116176
-351515577
1793911836
-420255106
-39393263
355802591
2032496801
48893868
-541272251
1612034887
4409873
452691687
-2092503034
-279759654
-1080462359
-1651926153
566023077
1077983279
1237288258
-1927315988
-1511253765
468174175
-2087273993
184935431
-443907848
-629851195
985119811
-1903661328
-1798627579
-1174508727
262291421
1610885564
1134888925
2011090721
-524416395
-1285124633
1520127486
-1165930136
-1398184079
-576608334
1917935126
135479
1236458083
641487288
503624840
1420802293
899637957
385619931
-1891682886
-50059915
-1402903792
951798863
-655691551
-1272382170
1426605810
-1102593346
1718798512
-1596692830
1943552020
1998901857
448835085
-20315885
314884917
169245203
2064408267
-477003377
-1569311396
-900633465
1034593149
-1729763848
446079917
-2033082856
-1342115773
-1975226216
-1057047253
-605855603
1097008037
-2047153350
461599078
227683807
-1372392886
10724763
2042753711
837525863
909003789
-1436564282
-674147960
-1803598445
-2102676748
-93141676
-195904798
1720123027
2098210235
-177743249
-331901458
-1496031936
-1838856337
1414720501
-1490708646
-1492710376
-1968039860
-1542138062
176498551
-224627688
-579385776
-2809
-119181164
328224447
-1807826026
8843199
1088456088
-779569445
2100322833
1310191394
-1843173489
-1287746428
137153954
-8589350
1168235462
2062623101
-1790458324
1824296903
-910050627
-1152197789
601148795
1932437604
-2119470716
-578587800
-1009345394
-1049480542
-1938948899
542970904
1235471706
230581829
-1970503597
158972936
1404435105
1833563798
-2144661544
-846326838
396277459
-1070233059
602455860
-1505208007
-2028071820
1297617706
2092287624
-547765297
-1069952101
1817056681
-1179406561
409455345
-803196548
666918727
518423534
-826356178
2090977821
-397313244
1493698835
631724887
-2135282980
892360360
551826848
1600605300
-1684862265
-976448183
384068303
1681434065
290771826
-29986
1688060401
-6807168
1276614368
51929992
1008077797
1895759276
-1249556374
-1115638704
2050809843
1955792083
-1348163256
1626188688
1924529567
62183447
-1679636430
911886597
-128362224
-2048659608
37253117
1500005692
1387851147
-403138571
1170832209
2002061805
-1151831875
-1998216818
907280257
460921508
-1309860122
1624587634
337927746
759857090
-282463087
-2122453005
-528230551
-917538078
1678866814
329069903
1548671683
-432828123
-553282354
2104889844
237139469
525465999
944821677
-1643849506
840835436
-536063908
-1112161638
1505976582
-1994537721
240953002
-235992309
-664834439
461895058
856885463
1537903367
1836034642
1617485016
530922630
-915964623
1527954983
1116461672
223266
-597649100
190210119
-880227495
542334870
-1926646647
-752360188
1435316941
-1240906248
-1863590494
176785307
757172111
1692734590
-1483528975
870468454
1484298494
921429411
2084136817
1036335398
-505201497
1122170764
-1388284882
1556255559
-807196184
-399736707
-567335789
1755537471
-1759432107
-1537290803
-1859671053
379730804
-460114521
1605863103
885818403
1741060406
932830967
-1050814211
1200923842
1640329920
1838606174
-376358536
-2115194869
525261182
-797929891
-974982917
-1661824196
141265899
1779345552
1611022657
1044286890
2090841787
1913001705
1199945435
1965136441
-1090812844
-1900004268
-1692185059
-1201505092
-1755714815
829237814
748562171
-1991705069
919825116
-412447672
192936
251294644
-1236363410
-1611091565
-1801974469
-43321624
-1001600759
327315788
-1987245798
1298738152
2146291920
-1490680629
2088715189
958654058
-1660810325
1615511240
-758098074
756474309
-1544450638
1965024193
-1554617048
-931608724
685539565
275772447
-1143710750
1332106535
1218349120
-1045209642
614010592
-1178333315
504711511
-1413527627
-455441971
188075355
1237439780
-144187175
1740621309
1755290533
-1049273442
436968643
-330462049
-1723849222
331245024
-661234968
-736438616
-833534785
-1012000055
-1348718288
1634499904
-1471693452
511958755
-1236906575
-186403684
1463546274
-2005156645
336690813
-1969582454
-70360148
-853619636
-686362431
-373153815
-1988731922
1146790519
-795675208
52485
-1412192097
-1784405540
1469838187
-1006213093
1498245361
2025528
2059528776
-915959476
632295357
-442437825
-1812469200
253171794
-1113136985
-2003217501
303001039
799705373
82307613
-228732128
-1264101511
-1399081724
775465536
-260791250
-1610037946
-491897809
1638436944
506673084
877007161
1083519362
-1164655327
1632480395
100808118
-1888834669
-1736472695
-387849212
-910483327
1014996568
1208497386
167669178
-1381433554
-2031539065
96210124
1094504109
-1340772187
672332189
-1373011460
1369128368
-809896463
-910647488
385237728
-982603625
-660451742
1537060565
395358171
-1750455995
1462016773
1019339396
945779318
1962515782
1047712774
-1738864214
-1526461142
1492108642
1179608376
-5488
1524254348
1512502948
381962943
-986647012
-1021652975
402105474
343508864
-393142690
-17419288
187347136
-727793345
296517387
385402159
-752496644
1084841804
-364426365
1426504287
625301691
1115329560
-190759312
539003543
-212773259
-1545611870
-1661263252
815250742
145446079
-1952856253
1235077533
890202524
-947633003
-849316612
-970835726
444235245
-1455234726
-1967319696
128127391
955500641
-1218677572
1208663115
-233381167
-706053518
1342960905
-596596323
1604731062
-1598497138
158827788
-301746080
-695781922
650907033
-1838695792
-723815935
-79044501
1161561186
-2120718782
-1705373288
1411171592
1726843675
225909855
-1802302327
1125111052
612483170
942951645
1547872088
53421
-664242235
741966209
24268727
-634336787
985932907
-2009135802
519843903
-55534803
-1295457276
-602131064
1217111445
-1538110960
731691031
260669424
683274576
-435835427
-1084784474
-893812717
-309927058
-1963983938
-1329374085
556969930
-1166649368
1144140024
1045385542
-2007345731
1844474540
1540085223
-661537332
-1339522846
1300177337
-741359345
2059425018
1445514088
2077627739
861686159
242247307
1991862350
-1513958596
-1126918660
1519502626
-1411938767
-2129679980
-31321630
-2106497116
1212403040
952947589
691490392
1690852811
1845624521
-947510247
1858463853
-444596486
-813992276
-874162425
549774247
1048152966
931867585
1074638073
904761674
-168541988
1488900691
1670516399
76497
-625696679
1220191263
-2054071588
992995431
-187687334
892282109
459311178
1582554921
-1617574662
1270834906
691809095
1632603596
-297243373
326244794
1715031737
104362430
-1691216281
564948821
1254474763
1937736963
-1429516961
1766125874
388943312
1814448717
1572585286
-1975299569
-737337191
150470945
1056069068
-696896002
-1939850156
-147037383
1480822547
880576368
-169144316
2085724001
588453946
900787413
-1459987357
1165678590
-481652881
1169410250
-975925223
-1753262349
-1799272923
1608994743
1651222516
1770205003
-578556938
-42304065
-1648891587
1101207380
-481577289
-982086606
-2005833000
797036424
419642810
-1640375094
106193672
-1564246321
781465207
-1646619342
1361417090
133839
-993489265
964236919
289751370
-236717364
1065590143
785860583
669861420
1232924520
1612563522
1570085596
-2095847900
447819384
729229707
-31871449
1170395650
-959461282
1984291352
1908806266
1258683626
-937329339
1545131005
-822421824
-225051067
-1679168548
266651831
-334433686
1643708232
333622801
-474886380
1905941348
1747827351
1079996126
1494414577
-145755045
1779759557
1361450841
1370188514
-2101265018
-1947730353
-2131927610
1899278651
105462830
1820525655
2114853418
-614490644
-38118018
1904353034
-420351583
-276883242
-1115883983
-509377975
86151550
59634079
1580561435
915422829
-601035815
-174256112
-167401822
1711094756
1998008279
28267676
-1231497771
-2131473606
107758
-1331777280
-1105220419
257970849
-1132166909
-1055780716
2066311929
575619885
1079511002
1896935521
-1785990277
-70236782
2035832913
1314471686
966449842
-1483879771
-1519464841
5734423
1778340303
121864816
-460802010
-1053906588
-1082028151
1790686389
1219473480
-1775181465
398846055
393079616
1039351225
-2120652096
-786402786
109899616
-1019010260
-57034232
-1616724156
-98982723
769448563
677089132
403935367
864801063
-1528017158
1311316043
1672008416
-1372851889
1442139100
1224681925
-280132966
1939778878
69022579
506917445
-329215475
1717926798
-341134272
-1848220474
2062709860
-1749214709
1465465517
1005642627
-1668911427
412221968
-567636280
1988472284
-2073568445
1493112271
164663
1633121026
-1665534966
1277675697
1091032281
-2120604273
-494855867
2230328
-1388239651
-47455586
-236055816
1458833012
-767018430
-527849695
-9656443
215301329
686942152
1440453124
-965949881
1310742819
615567786
-112664951
-1354355459
432958642
2090197175
-1902212051
-1982616619
-279243315
665699380
-1815342900
-1930604133
375555646
596037480
2137589314
393616964
-1154078205
1331837974
-1669091254
1229062548
512163655
-375513753
-295676847
-1890740826
655737895
-806659525
1832035773
772667303
1521480685
279661730
-626022565
1329837749
-409654498
-197742219
426635319
2137481475
-1456644551
-57550722
-1735653939
-1805376753
-1616665149
1242919764
-865754786
1576899848
1094530240
46381
-775591957
-1263658855
647244299
-489933396
-1184376083
-343720623
-2032645642
46814707
-1770658300
1337988829
1272196361
-594034674
1952715306
-1296610725
525783315
136074766
-1541409529
-1242680493
1622175626
1394353714
-1457272726
682123825
-1952584049
781873871
1412086998
1172739702
-2111623658
-995180759
1267963840
1066867108
1181543074
-84006819
421561651
1337349512
-232406309
606191563
-2001732209
-69965475
-1575316062
-1294995872
413609236
-470011441
-1506309144
-1520040124
2066855313
-879624750
1794805287
-1085627640
1477525622
186894610
966462688
1470479450
1660211849
388620657
-1117987913
1399631042
-1044794300
-253785718
-50663441
827477319
-1109162270
-1049876765
-1059541689
159778
-620479181
-1221213605
933842270
-1859595514
1355845844
-1490544338
1293492898
709976803
-321954535
-906113825
1573369625
-1247953327
-135091382
455228848
-1934610599
-588006012
-1991351150
1830892627
-588325954
-1453235957
-468785587
236338631
-1418686873
-170041273
-420561243
1066749
-822382448
-1471488369
1970140699
-1192666992
848597386
-1445059142
1981841463
-1391173416
-96063239
-456476425
-545625968
-1401484116
-866185881
1578431640
-1926720565
2080633646
1764197463
-907575571
-1562629253
1052767579
-1816357466
-1191900103
958748161
-1672254747
-1365906942
-484449868
-50895226
-171645521
841798922
2026313735
-709039474
-64788166
494267449
-202494941
-1714876283
346937282
607909771
275773
748786436
1543321344
1250646805
1100189337
-1202360982
1572227489
888553375
-344670083
-1808579960
1970257617
-933099073
-937642182
603267239
1749407313
359409849
235056402
-1109424409
-1621020913
-1476309102
1987947695
510030814
-158967363
41277122
1234501716
837556623
1817684483
1659461134
-898873571
1773251128
485166284
-214779295
118708334
-61148801
1464398118
1210905197
-2137749989
179400494
357921605
-1597342025
36569019
-1271050509
911181778
1215136388
-1374815296
-189748166
-1430771879
-688258156
-825109679
-1697042907
1269049564
1248289819
541092643
1090814817
-1253430068
-823543952
1929668429
-1653690001
2010854663
354211654
1952990930
614998852
13379781
2018145073
41653
1793259204
-1298607715
-1827090731
1047156966
-1460706507
1492221364
-978748982
1341011956
-1522765296
-1941264615
476012628
-638519037
740378480
1358175208
404209822
454896896
-716731593
-1458398944
1543629159
1685816861
-735691762
-950255160
333155727
-1639712273
1821342126
-368423951
85330243
1615019788
-589295184
1303691758
467095209
-476326199
-605175053
-820652308
1255359883
-927147069
1526056961
-501633643
-2096244922
1361666970
-2142669643
-1035251277
1012376904
390639603
-165141733
-425292060
-1138432000
-794979417
-783258822
378920614
955631371
1938603834
1889743660
-73705715
-2051097157
-1554632496
1585175840
1220927235
-75796721
1430505292
599417899
800991912
-1345160951
124847
-2031504497
546649011
232574622
-111724455
-1382552219
1467428163
-682939174
-1003001521
660135566
691693882
170988829
-697961331
330970366
1797625001
-109096652
756164422
-1290216069
279602776
-2092427300
-492307717
321783488
272945844
1539952100
981868033
-832681172
-487029668
-31092000
-1506504329
-1373059183
-2132570720
-822335425
-1934479328
668101587
-1970234300
-499074832
-1217757970
-723336577
474992998
-1917946848
1387870073
-533640897
-160330752
-534730946
-1101347491
408306813
335125443
987896533
-724399894
1185607323
66261707
-1025573940
781534577
-2096473362
-1836339065
112921533
2101673506
-259426920
-637539843
-2025315644
1007293251
1008464138
-365743750
1250395808
79760
1510680230
-959298921
-1099220025
-1459631598
-1800585851
-1009588433
917083264
-1894039593
-1720861185
470067837
-506380817
1968068258
-26267144
-2106080976
2036924696
-1044197683
-1196868692
160634602
-958107064
1643460340
168095908
-1072951812
1979367527
141898739
-807049078
-1741683574
2089694220
-1993382004
-492601294
-1510747344
-1050203195
-1419306947
1292744
-677701268
-633752995
1239972467
-1684896814
1814408086
395918525
546353694
-1715312252
1069819065
-7703238
1079668710
62346825
-1613406917
-1782669719
1690066559
517267725
-294967480
603077297
-167469849
392499245
1110276334
-333783655
-164712542
-1692389872
395497717
-1212110124
-2070402994
-119337015
1590177814
-635081565
133581
-882742571
-1778898201
-1312849994
-1369055952
959383940
-968655299
298877332
1417363376
-1221041950
932653787
-355973941
-1756220737
-1845558213
-510521412
1155651231
-396079696
-559816037
-471946400
564867148
-1430761531
1553986257
-116044283
-368554382
1855287284
-1678358204
1977122719
-468926987
-403952495
-1649080370
-1856293372
-1055329201
-952586866
-824798762
-410205436
1670889480
1481882709
-1259780536
-808739029
-1917337343
1320842231
560300241
-1801351703
1818170262
-1620554550
405765489
1857391658
-1563868394
1212293421
1909393791
-1937818403
-1323431241
938805424
-946409014
1931852127
-806974557
-1280593319
-1047335643
-1575405770
1282641380
-1501113337
-848379712
1231536558
1082596380
125570
-472600408
-1051872887
1531110168
-720905680
1655425028
-1145686184
104445517
-1267226527
1722688226
-2033291960
-916368895
1272299022
-2044532383
-1379052835
-727757227
-612839890
1199578444
716143720
298952324
-1739396447
-1679475582
2081940793
1545968182
257215130
1982388606
698493783
-966711128
-1283768655
-564965530
438299825
-1461189173
1673539224
521389422
2058436055
2015325016
-784118504
631626971
1322149380
-1191387998
-788872507
1633144930
-1743833803
256834899
-2082306038
1112897649
1878758359
716154834
874736113
529808285
1280715145
1092839090
1967201029
1131174301
-120115800
2023765820
-890060279
-785637685
-1335085743
-734494044
1404969822
1764594281
93622058
1938508096
73412
697383191
1040685731
1415786486
-694824451
-474005903
-1141674155
165036137
-1049290822
-959972497
2066731983
964013407
1113489586
1329213266
997459999
1100293994
1913315574
526372721
-1016929515
645735596
-1959093087
391604746
967673657
-1072320270
1937210219
373172259
383053036
-479201131
-742680852
978626840
-1719297720
935400788
-798785348
-1969493595
-2126636426
-96893124
-765516253
1776715224
337317286
468021814
-88415281
163501046
-1291592471
-1207411144
-643889441
-1642125938
-726770494
-1936659641
664223190
97149792
2015629391
-1329468771
1215164089
235420121
1402326414
1418132126
-1524946777
1229336119
1411651683
1754051419
75922273
1989286016
363695006
-2138783017
-9669
688320944
-1470908014
-906823917
-384040338
628482578
-251757422
-975265406
-2101713266
1209774806
807503454
1715273896
-1485625444
-2101533228
572189719
146267915
463560864
1836944506
1667806057
-960751752
-1392679992
-1391524189
1287564131
763111694
-825287974
-10540677
1628066274
-1789018313
-794926167
792191184
-253454301
-342194612
1801759466
-1181482342
-1758527049
482538149
331613762
-832320482
644914201
736591080
1658050182
-783700619
2025975741
1050946717
-1221122964
-722714016
-1634803945
-1390987992
-477054272
1628553057
-1291634109
907225946
-871380204
-1541899335
1536028613
-1476556431
-53229632
1795418197
1613471773
738928189
66987997
-81459914
-692443995
1769143217
16366
-855286140
541728451
-338760083
2142744836
-1256906464
176666610
-837064481
1416468518
1771633208
-1357166806
1210179474
525313659
69458367
1135073851
1957578557
1746655193
-1862237275
-1087257660
629231906
-255401554
364987936
84197242
-853106223
-148444752
1354424936
-172628105
1753808640
1613299730
-1101786144
-307606060
-517043224
1903181116
-384301917
618828697
1255016818
1199793636
385909758
-1667070393
235776148
81845326
784636315
588196288
-1126437468
-901731682
1139236770
1635140440
-114408586
-28336677
1972515344
2012472616
2026423835
1113616273
-1346950185
1455448036
-1521194321
-198272878
-1784943514
1862030662
236159087
780633724
385110256
1267594685
1938630090
-83156
1354384015
-709605158
-1671071288
1781209496
28757691
1487976776
-534999326
11930171
1093864272
380595316
-1743989373
1075161886
2077948588
1284550779
-1475306522
385826672
-323665111
-40587815
586613851
-331922142
-1499788936
-1377139681
1207797093
46762060
1071615291
-1739671906
550451053
-741109347
340127110
1066855751
1152222739
457925976
1588792485
-1764369083
-1975347741
1966432070
-1591816842
858393421
-1565590602
1237528749
22308881
-633731697
494106185
219317709
1614347007
714714810
1947643215
318186560
574504481
1335370214
1211326987
-1494521120
-1327133404
2043512857
622275842
-449421063
-712407706
-1920024527
-1264416241
-1241983782
-858948647
-281874563
341804372
68515
661699854
-32442020
508174219
2132932245
1673806571
261121113
1856940520
1225078078
1173893786
-109268153
57921605
-1879562019
1478323812
2115873226
-1928442129
-1734253517
-1162174280
-189579472
-720150635
-314668130
98837003
1469216194
-467587200
1077488951
-776549874
1883738613
-1814781272
-580101861
-2122471475
94585246
442818232
-2064337726
1677943733
900212141
1147116785
1917304161
-297648826
859587970
202422687
-1391742354
-437105402
1793908807
-586726105
-297629398
1898695753
-621022058
-773340417
872176524
-1499317897
2115690145
-1683286843
1243349675
-889616427
-1627478311
-138626526
1585070034
754018887
281267788
2129600094
1001754512
-2011665221
-807621096
-305091624
135270
-1491531639
-828910809
342434089
1718876781
1784085922
773096535
-549606288
-362360128
-1628948841
-882997996
-275834309
1922194684
-1528345723
-1547312510
44861796
1928570868
1676502089
-927313280
1014645799
82979999
-1988322704
-1971444923
714602548
-1200483153
1030922745
1482985484
-1057193691
-573799332
209192692
1313347881
-1544878263
1417269694
-402781219
852727925
285151297
-822340761
-1291503174
1125503431
491330763
-992484886
288242476
320942756
-1444738
2014088122
-920670201
-1186789091
-136767472
1671021493
-715801995
-132382937
363097022
-983730090
88404173
-2078483747
-1552755323
1923387277
-395358183
-983910007
1463067722
155251718
508482839
1350977907
626563736
29633
-521582574
-99090095
-51999172
-204381179
-302994679
-1994362613
-1434429141
-1088737990
-235065226
406051150
1589167624
-144034934
-152794931
-578051571
129041530
-991070668
1269807394
515540233
538856919
1411890402
1401395514
1061431093
-499725646
-1594887443
-1423972800
1441019881
1050252786
-618669854
-326201376
-469075244
-992448914
924388839
-506099468
1534274619
1865394373
677952633
318447378
2012947494
-1950827248
-759028296
-517359459
-533345122
-697987159
1397747866
183220231
1041426261
2065600084
-1855189935
1377746521
896225200
-452513194
532442932
-365735372
621429843
-822202943
641937723
-1058957214
359555099
-1486215922
-1158342989
132501361
-367533587
-631931285
102646
-1234790235
1374561857
1917351398
1891955509
1131717630
-1826290867
2006113163
439987153
-1016850130
921820970
1920630836
27398162
89085337
-1167051126
-429013421
619553850
-1895290809
-677829333
1889885101
-1302498090
1768807170
1206629055
-315783427
563588247
-655736823
-1844963047
-2105129640
1625081494
-527286322
1243855776
-126192268
-2109666874
-11911078
-1603193069
1173625040
1647497780
-1030906922
1971956599
1758934022
-569266277
1811194391
1853701216
-1450579031
1108799499
-833670810
-1723632525
949697098
762789440
-1077778034
-1571124341
46255215
-1132040513
-1858777504
558869320
890584103
-1400333189
2077833355
-103923617
1348545996
-919962883
-1986535038
-1954357833
-1755693828
-33786
410168642
800886228
-164384206
-2144136991
-1116094859
-2124828923
1326061562
602306609
-1709074316
-8094366
86158818
1432978907
-1627490585
428470734
-1961839373
115846237
2121468142
-932225457
-73512456
-569383025
-1530296032
-425451829
-1069183897
1360627279
772744918
-1537288584
1771371751
-1321358500
788051114
1906126391
-1760980317
-300912850
-1065679573
1638281110
-1376741847
-274852978
-1752927694
771483150
561662498
1989648836
1243574624
291743212
-1592899997
1299782857
-1135148276
178448584
-108537119
-1662196633
1344985432
1857073474
-517168789
-1340477970
1678118393
-1078600688
99290933
1837592703
1539930782
1084533544
703176675
-595870046
-1681102331
1051843522
-1858119859
82379
-48111104
1463885079
19181176
1672006781
-1825551992
-1203636969
-1922292734
1433358925
273707344
-1120592972
1301106356
-1760465968
2132273781
-509583197
-282579435
892992790
-451280195
1190327200
1713329501
943471249
-1037450340
2111021657
17661826
-1764171979
1937941730
1306531082
1582727909
-399710298
841827988
-1827171728
1665606916
1783015778
249054850
95147723
557171504
-904972038
1702485014
1535741251
404527496
-309377750
-98552690
-1198825239
551579080
-1874980527
1991364460
-1098980379
-879076277
-2013799970
-2001901787
1016133817
-1280838794
1394250990
-1438874702
305290575
-2098735101
-1923542021
-2040338758
-1028971364
-704241051
-865474391
-897465108
639751097
-1022245454
-6318
-1603955962
1125180562
-1081384207
1180246257
-78652192
-1182498271
93722616
1374537713
1903469342
-2045610765
711629507
-2050231788
-789316342
1480277767
1599403950
-1548840026
678168672
552868915
-918097419
-1905138521
-1916588163
573263155
-1586239631
-1021350484
1187634658
1969123878
-1409311630
-843588253
1004838447
1534990825
-191163442
-1202638538
1231425455
969905956
-826681175
1762915642
-1838233460
-32467346
1647465689
-264105301
-1797282296
-597608816
-1756239967
-1415712527
-1579977100
1276642939
2095370189
-1572115826
1347063248
1534561760
-1935487487
101074993
737064318
1600726447
-1087736025
115858300
-422059452
-1747994481
1648156109
-685226691
982761419
-780809766
-319932074
-74473
104233811
1919316971
-1655787912
2142712407
-658535871
-791100193
-1679914129
1305603831
901130287
-1585831619
1073146957
-1589504961
-1407489435
581423001
-1033344787
749299506
-3835327
-1362584055
-229886142
1673769498
-1394780265
1590224822
-1708547638
1871079953
1058723908
-985782130
-404547561
-408557579
-1055817070
-2043177078
1856388955
880129501
-1669016819
-814552461
507374288
-495279078
-2145221789
-1154628059
-934888098
-1261229772
1169253532
-24930584
1505275152
-523461722
1687381836
-1856325019
-1914282115
756445578
-999524544
836826935
-1831538084
-1407256107
-773144128
10969285
1532850939
-1893187115
1886629112
-1188324265
-2144513084
1062662433
-898458088
5145028
93101912
162840
1159541437
1674628158
-1890954942
861545741
452694143
1559171548
-1108345997
818971170
1681811764
-2031555420
-1866968141
-994686851
654640542
1406834875
2147144134
-2084744197
1881699494
1038252758
-112094101
758417301
-1218766081
1434885291
-1420437499
1312786166
-1805837480
716505160
-1444685176
176904906
1020343889
-1859323543
1802281915
1598989011
-1393219185
1287167103
1918170138
-2052312394
106971817
-492212619
-867795742
1566505715
-1953797564
349251667
2040634871
-1067211309
1917137628
697307415
-1185197879
-2137452490
-916151987
-179977137
-440150663
-195731043
-102009790
-257757679
-650998432
-1930943368
-2019043861
544926048
-1430900883
1085859282
-1368833249
1290161721
1504871885
-63093
-1674521369
-1619089223
1093173875
1011944980
-778256047
-1868275577
214359121
-1167219656
-1614573464
1073688331
-133347643
1243130151
1761504863
-1791527289
1266829479
-1128226184
-1240228660
-2035061385
787180366
-718050252
1891397519
-1782477975
393110714
-1008525858
-971325803
1757474582
-288368016
-391361696
-313694178
123479109
-790617375
104608594
259957127
1473738122
1302342452
885790949
-293366033
2115572393
1284184252
-1398595670
-1894206743
-1118056443
-1533043355
640605671
1963599410
293783292
-1470627057
1849723791
1257497819
-573700772
1436043728
1060331374
1775993454
-895002200
1889913014
-1798904286
274186490
755926526
-1582903462
-1851968470
-1053340256
-616845117
205120441
-9950
1594856089
-1171146077
1083413847
-263696312
-650082358
776595840
453113830
1356742040
1478385353
1620505320
-1694729435
1709043886
1088517157
1758248866
-1964245807
-262650743
1646266980
1349572560
-1838719318
-998275759
-2012550079
-2120596964
2075826541
2083786750
-2133266953
1195165688
1458297724
1389894564
-943329661
-1939965521
111995790
-602617035
-2092264414
449607513
-1093310808
1945522038
1973561932
-2108876799
1159859042
-1167569961
1491083262
706851632
-417116
642368424
-2135547159
-2087442532
-1044092720
341630276
-519784832
906371635
-2052555237
-1299338913
1733580484
-51419887
-1508148444
1296586882
2102155643
-1118816924
1151055564
-1389493354
372211894
-208001949
-1018066337
99680
-1682498149
-1994957351
2105872860
-975988520
-448820298
-1000216883
-1802372920
1397854237
1235826799
164217559
-1270685227
-1500323253
-852566282
-361843431
-1221292350
-178285502
1568208947
-2106350726
-557732780
382109695
530333264
1671315663
588375720
49982437
1761905224
894592661
1657229537
-665325701
363261486
1178291471
1481535879
-782009843
1550753529
-159989302
-1954167088
-1310209654
1655001814
1240899074
959925131
1328181730
1053098607
928337522
-492662683
1822745812
-1190882916
1709908452
-1579652932
-375173447
-994559030
1015331608
632969944
-541701841
-1417482544
-541129388
277032167
-1122530120
-44240384
1917933906
-845976285
1258448815
-543562087
-2100462278
600933813
113531
1023447449
-1958857634
876317822
-2067471477
-399949220
1173036608
-908680901
-1409615261
-1728713220
-1769799881
-1635075039
-234716788
1440626192
-1422852940
-328511081
-708178482
2094576162
1815083251
1680795263
775092878
1924722427
1484297797
-1259028352
-2071426922
1203106474
1367196653
757178563
460261215
-1132965914
714379955
1832910890
-1852903557
1944853943
1106759155
-2003647384
-1657033587
1913080780
1020410353
1844885828
-1957902791
-1824526760
1024988722
-1942231247
1089832060
1428985339
1809469458
1018053158
1071544500
1125060209
-189664618
-1078862335
-422536430
1847454899
-1158966626
1106901328
1002639529
-605595108
-494698175
1943230510
-806509836
1347747936
1192173983
-137941290
-29341
1965177663
-870095218
-1722202858
377707365
342757414
-36163709
1435476888
-1930090108
1548538451
1137197289
1804786063
-934003323
-1599573792
682459756
546714975
-7658951
-2027485652
-564753588
-395607103
2012037278
96606890
1299471820
-2093515017
805390149
1506537456
1408421298
-36961886
-1096176868
150631738
1707574699
-1391516367
-1018186447
-110312963
-678027979
-619213243
-288253354
1590231185
2090991134
-796667733
-253319741
-1133363169
22821310
282311963
-965542949
-1391823442
-359547344
-678948013
352991306
1852091556
1826635924
-1031627451
1431005415
-972680763
-43597655
-1540121147
1692062278
-687141443
1486600305
533688371
829301636
-1932781910
321595086
-1685308835
-40665
1339216576
484811115
930341438
2002011913
972815934
1120689918
1451579930
117133603
795263403
930637351
-35024828
1354368554
-926803306
-1910248691
-298261542
315845088
-1286788576
1294441203
48982439
-1036012065
531050748
889628998
1024079484
-919227028
-80218369
-1761591023
405342943
987552611
573711884
1128822958
-1406167670
1737332430
1827012766
-837144008
669344600
211907144
-421625997
1905374350
1889848427
318585261
-1629951655
-1205561473
-1826383558
-585604731
-1031549917
1556051641
-1899275202
1190684053
541553129
337911180
1513663718
769321499
-681201533
1305689869
1489196092
-1902741514
-291306667
-307760783
-2092320814
2020876232
1894649391
1841695648
-1028689163
192972
-2061031590
-914139181
2030592470
-2113108868
-1963065124
-294025413
814661793
-1562326951
442908782
992364739
-2121363729
-1592030503
1482211023
422662002
-972896096
-1768010291
-1309072143
1902889763
475250398
689525923
-561042608
60313738
-957868854
-1515407516
65114747
1731313016
-1227345569
1752578147
66716170
-1159780052
163366455
-1048022286
-830937868
460048890
-1956150083
390274977
-862662153
916684888
-175435160
1222021573
1660776476
-148433474
-1072188796
935453087
-1896987291
-619122537
-1027921366
-917152420
-661384372
-636372327
1215136449
-529162361
-1364621145
-638423665
1118779680
-490151222
-150994107
-1531583493
-2065889848
1870194041
-337413215
-448865275
-720087244
84645
2026226564
180392008
1785574836
-1506241266
-721760912
1537562401
1740288621
-1235063365
-586161146
-1408931224
-1841980080
-9069856
487227149
1701881538
1546206173
-1039843173
-1535305840
-1020280909
-1368621007
1693259177
2146475790
-180116318
-1123479618
-1124466688
-1154614420
-2137846399
-1534038495
-451475704
-418061770
-50152134
-1821096558
1822480081
-608402971
-849803650
-2075395300
609860160
40942760
1091339223
901259607
-1337000572
1671345087
-1782582002
1144653015
-739249711
107031050
422819998
500169739
-1207176712
-1041540359
1833672844
-100852425
-578976298
1645063640
2143057590
1526850623
-981894220
292398382
-2095511409
2078008425
653358056
-395295096
77080192
-619310623
45056
-1352560407
1613212603
-1937602968
707031843
250249830
-1803205762
-280090906
80087581
226144368
604657185
1328590277
-1824730362
544914407
217840046
141658714
263737580
1774340514
-1631323385
386902531
1622793269
522348226
863585626
383222310
769607160
-1580244962
2022379680
-1016689416
-453532636
747628196
1670281602
-453148522
-198938754
-362624812
-446829303
1823568769
33370583
-1073933612
1647398995
-874316785
-294558088
-375740488
277429976
-13631412
-1040456894
-879153919
-743615446
-237255257
491173477
8612411
490060984
336680966
-1034344146
1423401680
-1182757604
-95390306
-74270859
-554564628
878797731
650321377
-333717492
-847953793
-130753369
2143689078
129432
652414254
-1459498290
-1971314200
1942194363
-994333254
-1207376520
502339107
535399790
-1675920572
-1308818257
-1026969643
180534921
1324195832
113336603
648998843
1618340543
-1346093627
-221366317
-530928155
-1334276441
-960480730
1275758244
-540167807
978464225
-154883083
1833565834
-2145623711
2104152456
1350331444
-2045914268
-1664882912
1645942350
87789354
1701566284
-1177578821
-1910681658
1327269649
2142912962
-248284094
747739620
696364491
-1567291073
-346125148
-1620512130
150669078
-967539637
142147321
-1212849678
-118393133
287122135
-199669614
-1556542531
1370301298
2088354826
444412465
-209465343
-1679891101
-1765938541
479488326
-1583273742
-362026267
-1608404938
1787659516
107862
490795091
-1864464617
2100450316
914412372
1564100461
357596611
1723023762
-137261140
775966622
477964594
-2100805200
-559906002
2112087669
1979669230
1424940242
163218762
-991795489
218363469
126650830
-147817241
-1306091044
-1962223406
-1362270769
40821957
541868490
-1164737281
2084396024
-453870809
1181061217
-2045825576
1006199399
181043961
-106752118
-955529228
-1405669388
-123905556
1065129265
-772265891
1624896090
-2143907534
969261062
810560344
-662619054
-18103229
-296017293
1486284303
-184924269
341428239
-459162156
-1717401908
1477527481
-771593652
-888618392
-1515270090
-994553605
-260650315
764675884
8158236
-1819035298
188934044
-1019709492
-301163636
-1475224896
66015
-1982578373
-1169140398
-1827878000
-1325021867
-2081937545
-694490003
181275699
801199316
293175939
-1316669300
1117968887
-1256109236
-1046824581
-49869892
-415060373
-840672345
-1384889024
-1624639829
-392378174
-875661768
-627800524
-2083212949
862737778
1410442183
-505605726
1136075370
1579210246
1465587366
115824360
-447749068
-879413798
1521276736
-1039028759
-8301076
-1019859675
1472409170
-1690062163
1832581143
-1759650614
494044223
707170312
-460357813
-911647122
-684943399
-1326384253
-1294685711
1935725551
1562164862
934981658
-1351630622
1200508278
-1276709371
-1625144724
-1903796772
-1382525493
-1005567775
2106579730
739965263
594939272
-1481027775
1992034414
-1055530954
1751245831
92228
1851236653
1064194943
-559389315
122221253
1827474468
-1675183439
954009743
333905495
-658530099
1003646159
-734868439
1878082946
166042818
1712804063
1544861928
-49770821
954484627
1927783282
-174091727
56034745
564381182
144075648
2113875977
1062016461
-496522104
-1153626576
776136620
-631928769
-996486824
-1149463754
-376880509
1205910019
-614126504
-2031858856
-325675957
-857198840
-1138650848
-333316932
-220245468
-1694658162
1815574202
-2081424162
283600322
1726961531
1126501479
596450020
1370111536
-1377078768
540623205
554920542
1868104689
-1548393924
844804703
-220344648
-1557708824
-274515945
408181144
2049108091
2090729251
-238572673
-1724231581
1254016852
344710926
-42285
-177254080
-1864865930
1047903986
-1850559243
-919604624
435760791
594802892
1365976278
1128689117
-1837109359
-351825399
-186828600
49972714
-1454181201
1192163186
65655893
591130211
1439922630
1183726018
-645329935
1389334295
2038927296
263595409
1639134682
1613158269
-1267626401
-2029918496
-1313241444
-1488423850
-619530775
2003391127
466191503
1743751382
-651320047
239803470
-1750983341
-1360929396
-1372582314
628654719
-1523436864
-1037530237
-2049600287
912723037
778254181
-313117506
1486398948
1571338230
-37481435
1714701104
1633526897
1490192485
923020251
1577345571
-488772895
-530844855
-1788791347
-1499744963
-1297413961
-2077886059
-1924796867
1254502233
-1864563846
-1015867927
-28724
120856659
1066660746
1877351744
-1872631564
-991360176
-302222007
1511016837
1689619119
-1760706644
303600378
540782079
934342558
-939225532
-1286081562
-1445184617
-112036704
-1715815220
106028344
-895081322
-1233523625
797088687
361289494
781962117
-1435000913
1341721232
-427919358
-1575387601
-467194668
-1706349963
461112834
1772102256
-1265150624
439019441
-1401966685
906406393
-1849420579
103434557
1209782739
1572159630
689778053
891796480
-1579492284
295353342
844265645
1704292595
971174169
-723075313
-983092263
-59186042
1650015353
2019186996
-939833337
1226284521
-477213794
908855640
-1144524241
1024106150
-354435490
599492241
1538908362
-661268571
516208971
-1868471098
114721
-14693004
-857484197
936772018
1489474589
-1845212190
-1100841345
1674127060
-974368780
1223460618
-1959884454
1707248905
-1767222184
-1997522172
620056706
653303652
146396422
-516644141
-918319774
-1367056056
-1282799
-869269842
2020473285
-1562216393
-685027382
717706534
208148095
287397269
385309958
394098051
1384412715
-1516855152
-155012204
-510490008
1048503411
1998080673
1887890887
879672177
-141138312
-1078856529
-1503006360
-243629913
-1801260949
1921536463
1943827692
1193126204
-441865698
-1561913682
1387921784
-562880903
1536745514
-1871626464
-926582254
-1639962771
663849116
1139657957
2057215095
-1716951549
1690273697
-655515633
-1801329428
-1682756896
-1765405301
-1061537607
73040
-472920993
-1405589319
-717831032
-49004143
-586347765
-1905373347
-713108366
1427959449
-179866298
1900427492
-1514884063
-1167722843
1022632057
937683341
913875213
-1737385414
-976875814
1671465744
828998084
1771766839
1838483379
650407669
565907488
-2055972818
-653650902
-2254008
-1609865240
1384393940
-1507636904
139542481
1828482405
977805148
-1538713208
90225073
1798199623
-557314939
1285094850
-1302067298
-800025073
1236771610
1684977147
675281235
-1306056636
941465362
1908284604
-507144018
-35204095
-1612129826
1050829654
673075305
630984335
-1443730765
184912549
1638600944
-1470429246
-607342326
1360846158
-1480521954
1470440485
-243837115
-1704544207
-1284682457
-2015008123
36559
-242227458
-1713748700
-1771288708
2125362014
-886754931
1376450792
-1714662890
924681167
743552132
-2128463916
1040353335
778894056
1205999457
902396036
465383954
1456516588
-1853810013
-1971823392
1845008332
-2139410460
1889105588
281047005
-1048347282
-1193623866
-1484312437
-1076736801
1494915324
-1468417736
1467649678
248825875
164634049
-1139725169
2067796388
-1377959372
-1289557675
139244138
1315081913
-1407329090
1270448638
-1731500180
1893597166
-1086011877
1666113896
855081106
1526297882
1110043037
499685670
1134366766
-657636941
684519053
-603841865
2134920325
-1242485422
501168148
-48793706
1119060309
166049261
-1403340986
-1412259921
-890324235
2045771943
1065848044
1061787159
-67243
-1810995035
718206865
2147075206
390416533
-1985170234
1373139349
-739198553
530805338
-1704948826
-1658696236
135979930
-2076425258
-99181423
393527006
-549994091
-1471839650
911351155
-918380968
-280670846
795903024
-387771195
2048914796
-636121476
-1592548801
-13350099
604856861
-1701120976
1102825016
-1624083325
673761156
-1019010183
36824533
1458997407
-1963238315
2140245653
1015982563
-358562034
-1820136613
-416296536
1094668940
-587571354
-832198915
-2139577347
1251769410
1039858224
-1866882865
-1206912276
-211211258
-1931507926
483273372
-2010125695
1060551580
690824639
-2105088460
-1253564633
-718286195
-1534206374
-697864280
-1895568271
1358813922
-216865453
-1449533960
280747761
65239
-1549801326
-1825663217
1728509847
801741621
-220149089
-960717297
-1290804624
-557168279
11821967
-1262955243
1437334718
374604085
1433640136
2084832256
-1358558595
64323234
1119385844
-1126411055
1548046422
-2072613967
1341077960
210077608
-1872762055
1620734251
-2064505376
-24729991
-158097798
-744586762
1776408867
-833423713
-1530792852
1683357267
-914950664
1189100649
1774248677
1445487070
1175545918
-660256625
-2124197564
-259397455
-1555257178
2139850670
1055773130
-674015185
-2065557146
-1993869178
-1589726155
-10603558
958184086
1858887290
524945531
1420866613
1511337651
1593742094
2063079723
-1718341593
1625857688
-479613373
532699286
-1709110874
-125018091
-61362520
1600554651
-40348
-191056546
1430333004
399256094
-159368628
-433648109
1602428553
6352529
-1100506236
-862953890
-274226263
-1444526006
730766986
-1465468077
-997159862
-713080676
-1808393185
-304662923
-1630471205
2087480641
-533733842
-791411432
-29807730
-964402294
-1046676023
-141125387
151356447
880013848
2111283141
-1585269748
-60201454
1564784647
430466713
131828338
1752795113
-2059504342
-369736847
-2101025394
1424753093
-317277480
1712082010
1208175508
-1260269313
443548561
1680365121
1872200726
195806074
-33603327
788313433
-2137265444
-1472654274
-705741927
91069488
56530366
-1263679951
-1975391311
-1653166321
1601662940
-1255396001
777709055
-778350711
1996575256
998224541
-566607506
-153125
-353560084
269690995
-1428040626
-642728106
-23904703
-743045572
-159005736
2005327575
32397324
-2085099754
1805142788
2063623575
-610818493
-355332034
-1617276500
1988179845
-1826075232
-1162174737
-1162308908
1006084140
692725147
240353256
232113470
681410562
-426168805
-1029067413
-1060232748
-1584152409
-841032099
-521895232
1885742133
2057753256
-1934106455
1110187226
-1536022535
-383609269
-1638836999
108443959
-954462573
-284113560
-1765926738
301102212
1647674564
-526039550
1033683808
-1236255931
-903705300
-1212043082
-1586059541
-1227451860
1313053589
49025069
429835175
8669078
-161328476
-278566139
998344351
-1346108810
-459530233
-818109641
-1645856847
1138980702
134834823
19069
2111829890
-242186545
1341195799
-33983006
421717618
185645959
-2069198898
-1474649137
1266946652
-1076414050
1602973008
1082178137
-1388775848
-1200635471
2099024678
-1769161707
212936734
-1564376097
408255729
-662475405
954973434
126781012
-1200498432
-1194360346
229263380
-487577871
-1368142411
-859047776
2079555044
115785188
-2105265280
697411745
-1758767791
378242312
-2134551243
997414193
732784849
-1590446424
-326231413
-379072261
-989277407
-2091443448
1552183691
-1826073094
-405198039
1289216987
1854417362
-1146771850
-289692270
-1538039782
-1482826996
-287397831
484834497
-1984274025
-307823641
318889818
-196595337
-2036242270
1849328040
-1205800000
-1759435803
1918978653
437668504
-53173
781310610
381756659
1786301090
1411248744
-1782948465
-714845935
1473306484
104831335
889041246
-1954306229
1988052588
223606940
863382537
374138907
268554204
481685704
717313965
-1125283963
639635256
627314263
-363273002
-21375810
-2033217901
724177553
-1826519592
-2146017986
-1353242629
1264017510
1099813408
-220636363
1489958578
778701659
-1031041232
-2136750121
-716393192
-778997337
190016982
-1661270063
-745415932
329179371
1949857308
-1805784719
-1670064500
-1723507339
-520698052
776915713
159733730
-574689991
-1598327644
-1458753043
-171258026
-933868955
-1063357973
859493611
-540736566
1209898583
-2024877785
223466982
470259295
-1494834572
-1468207968
-2053901159
1737998526
35992
-1983103595
-1062058407
2033267543
-639444906
-171070293
763527223
-301847249
-811348343
-811990363
-738529234
2145517315
1172854786
-26938039
-1895684273
234462887
-311728747
-1458169907
-284854053
-40612690
904365471
-2113896042
-599980193
237365891
-1851574535
-229311885
1685525563
-1924385779
-715694541
-794455811
-1358876650
1749192716
-453084492
1696280212
-1979854755
-59924748
2115436867
1882458248
-946944088
798761755
537861519
1111360025
-1537986268
2001200443
-67524022
-254156253
318067052
314193175
682436969
902031413
-1616305178
-352427656
-217255519
1398904299
1398644586
850287275
189618360
519352779
-1968658219
491678989
-655127221
278593793
593980788
-242461224
61076
-698668667
971847633
-1992752887
986767646
1197455890
-1287373434
-498322337
941866614
-1941038147
1934628422
-118512472
1608934888
-339901279
1486897654
-743407701
-1591039882
-1635524001
1452890459
423181273
190428317
855773425
-993386081
-1268720998
1250454209
-504662936
-1577456404
937660476
-1640909717
785513879
156155359
-1460396850
-164908368
1248021183
1053904772
-1038876049
-1873272687
-760964492
-2028981061
-1668613766
1924481021
-1154747054
-1300765624
664142668
-976342774
708670496
1788326863
-267531051
-2125109528
540781688
-1946415265
39082618
841941649
-496628223
-1943093368
-548939102
958330056
-1556289736
1848082169
1510993194
2124683657
681531438
673004092
-738216661
91268
-1144776884
-1238130930
-484140332
1795542437
-1408657207
759143200
1393901602
-2040770832
1673711963
2146512879
1421943081
-1020524185
-2114615884
-849836003
2112608915
653130771
1284601979
-2028555505
-1239705489
-806257442
-1843973426
118249701
-49620639
321359176
1577323829
772383551
1107345733
1440901746
396756573
-1046389820
1185548154
-1461261771
645344614
742546359
1429520454
-1056291465
-1650584847
2057150598
1633246090
-1001197952
581281777
-1284668582
1024281467
69851499
1780085777
402316825
1844943356
-1048687732
-1740215703
-543435228
1784282919
-692517884
1029637493
-255354289
29963581
-699308902
-1065378228
2112402850
1432874842
-1886646597
1316111774
-804322374
-610369494
58703
32715
-180927921
-1253732425
-212265323
336626322
-1340870188
601143895
-941502288
-1368621952
1857618524
110071064
-1900883824
-761199729
-79230830
-471292956
1091397261
-508473556
808893020
-1475579140
1640423592
-889088484
738991173
-1886985757
877482570
-1453718505
1870479595
986139488
1780331718
817929045
1367346123
1579888938
-1518825792
1096869552
-1502438940
1835596314
665936886
-1878331425
2098870688
1973402650
-1598856994
-437431664
-121980239
-397358868
-684540071
-1523045949
740606162
-1265772315
-1348886773
457890582
-555097227
-1109834989
-625003399
202883322
253900051
427334241
-1164153538
1984571505
771187486
1353241578
163297333
1175116008
-35909675
708605170
-15874
