3
-5
-31
-8
9
-23
4
-9
3
22
-16
-19
32
24
13
5
-3
27
25
10
-35
30
4
-11
2
-10
-24
-7
7
-3
-23
-8
6
-1
4
-5
-11
5
14
36
-12
-31
11
18
14
-4
-8
1
-2
0
-32
-12
18
15
6
0
15
0
17
-3
-5
15
4
-18
0
4
-5
0
11
0
0
3
5
28
34
2
-1
-20
-17
5
5
-12
-14
4
-10
-10
14
-25
17
9
0
21
3
-11
-30
5
-4
-17
0
-15
22
-28
-2
-13
-5
1
10
-18
5
14
-21
-5
-7
-1
14
0
8
14
-4
-7
-8
9
34
10
-35
-15
11
5
-13
18
0
-12
-9
8
3
-11
-2
-3
-7
-10
-12
9
8
-22
17
-18
23
-7
-10
-18
4
15
-4
9
31
14
-22
-17
12
6
22
49
-27
6
-27
10
-26
4
28
16
1
-16
12
-27
11
-7
1
-9
-17
5
4
-34
7
11
-25
2
12
27
14
24
-5
-34
-22
0
-5
22
0
-2
22
34
0
-35
20
13
24
2
1
31
-13
9
6
0
-21
3
-3
-12
0
-6
-6
8
20
-18
12
-6
-7
21
15
14
-20
-2
-22
-8
-12
2
-2
4
-24
20
0
-8
19
12
28
14
-17
25
21
25
5
6
5
-11
-2
-12
-1
17
-13
23
-5
-35
30
6
17
13
-14
-5
4
-16
12
-9
6
-5
-13
-13
24
16
17
-43
21
5
-7
-10
11
39
-12
17
15
16
0
27
-4
12
17
4
-1
11
3
-8
25
-11
-2
-6
2
-21
10
-17
-36
-16
14
-23
-1
0
-15
14
13
-8
2
13
-14
-14
31
19
-8
-23
-17
-27
3
-27
1
-6
-20
-8
-10
4
-4
12
25
-10
6
-8
0
-7
-2
-34
-15
14
-20
3
7
30
4
-14
19
51
15
-5
-21
-9
-22
10
29
14
-1
-17
-30
-11
9
2
-26
-13
3
-20
-23
-20
2
-1
-7
7
-10
-20
-10
-25
3
2
-10
7
-18
-24
-5
-4
-14
-8
3
-15
-22
-6
8
-24
-8
-4
5
19
-11
4
6
-3
11
0
-11
30
3
30
0
28
-6
3
3
15
-34
-8
-6
-17
-8
2
18
11
0
-1
-6
-9
-14
10
9
21
16
-16
8
-36
-12
-26
-10
-24
-6
-7
-8
-7
10
14
12
12
2
-9
5
22
17
9
-12
-1
-12
10
-10
14
6
-17
27
-7
17
-8
8
3
35
-9
-2
7
8
-7
19
-27
-3
66
28
15
-24
-35
27
6
19
-15
-34
-27
10
6
-23
-4
11
-18
-14
-21
-28
3
40
-10
22
3
8
8
-10
-20
2
-33
14
16
0
-4
-17
9
-40
8
-1
-12
-36
3
4
-13
-23
-8
12
5
-19
2
55
24
9
14
7
-8
-14
-5
3
-3
37
20
-17
1
-8
19
-2
-18
-15
4
11
25
-2
-23
15
28
27
9
12
-5
-15
-7
-34
-1
20
-30
13
-15
-12
-4
-11
-8
15
-24
-23
-6
-3
8
-30
16
7
-22
0
-4
1
1
-9
-21
22
15
-11
6
16
-44
3
13
8
28
1
-14
6
9
-4
17
-10
2
1
-7
-24
-8
34
0
-18
-5
18
-19
18
5
-2
8
2
7
-26
-19
16
8
1
27
-11
-21
-2
-2
-9
-29
7
-22
-5
-11
13
11
-17
-32
-6
-3
32
1
18
20
-14
-34
-19
-14
23
-6
11
2
5
-4
13
3
5
18
-13
10
-4
-26
-30
-19
38
12
9
-19
-2
-12
2
4
-14
-28
-2
-7
-6
-14
-22
-22
-6
-18
-21
5
24
5
-2
-2
-21
9
2
21
-10
13
4
2
5
-19
17
-7
20
9
11
-5
0
-23
3
23
18
14
2
2
7
-3
26
28
6
19
-16
7
10
2
-21
9
-3
7
12
22
6
32
14
9
-21
2
-5
15
18
5
15
38
-4
-8
34
-24
-5
19
-1
6
16
33
-6
21
-41
12
-6
-17
-12
8
0
-4
3
17
-7
-1
-15
2
4
3
9
-17
42
1
2
-2
13
-42
-7
-6
-19
-13
6
12
1
5
0
0
-15
-25
-9
20
3
21
8
-10
12
13
25
-11
6
-4
3
1
13
10
31
7
1
6
-2
0
0
-10
-6
-13
3
16
5
4
-6
-10
24
-6
-20
-26
3
-34
5
29
29
7
11
-21
-24
31
-15
13
-22
20
-1
22
7
-6
-16
-19
4
1
-8
-9
3
21
19
-5
1
8
-17
31
-10
7
8
-2
17
10
-32
-12
4
-13
6
15
14
18
-15
-52
16
-15
-7
-4
34
-13
6
7
-11
-12
6
-10
-22
11
0
-18
9
6
-7
16
-4
-26
6
-7
24
4
3
-1
-18
-9
0
9
21
18
8
2
0
0
-17
0
2
12
-5
5
-7
1
-14
12
-39
-11
-19
-23
-24
-11
-1
-18
-5
19
1
2
-4
5
9
-32
19
1
-7
8
-5
23
11
1
-25
9
3
-3
-34
2
-7
22
-2
-5
-21
-16
-19
-18
10
15
-25
-1
-8
11
-28
7
-25
-29
-3
-3
12
-22
5
2
17
31
-20
5
44
-17
-17
-4
-28
17
8
9
-19
12
-23
-10
-8
37
-7
10
-1
-7
-13
0
10
28
-29
-11
11
3
-10
-12
-3
-11
-6
-18
-8
-11
-10
-26
-10
-8
0
37
-28
26
2
-9
-7
3
-2
14
11
7
0
-3
34
-14
-32
-21
11
2
17
-6
-6
40
-21
1
-9
1
-13
-17
4
12
7
-25
20
-25
2
-1
3
4
6
6
0
-11
33
0
-11
0
20
-23
-6
-10
-12
-14
17
1
-35
-15
32
13
0
-3
7
-13
0
-22
0
9
-18
14
-23
-42
3
-19
18
28
-10
13
-23
-10
7
8
-14
13
-27
-26
4
-16
-4
-9
-15
9
9
-38
29
-17
-14
-14
12
-7
5
-19
1
4
17
-5
-4
3
1
-19
4
-4
12
-14
0
-10
30
-27
4
-13
-1
-16
-15
3
-5
-30
-1
12
-12
-13
0
-27
-5
28
13
7
-7
-2
5
0
1
4
-39
0
19
-30
-14
4
12
32
5
6
10
-6
2
-13
7
12
4
7
1
39
-13
-23
8
0
1
-4
2
18
-9
-11
3
0
21
-12
4
-13
8
26
-8
6
-4
-29
-9
2
2
-10
3
5
-28
3
-1
-14
-11
25
-4
-11
3
-7
0
22
-10
3
9
26
0
0
-22
-1
-10
-15
11
-9
2
7
18
-20
-11
-4
-12
-1
-22
-3
-19
-13
8
0
3
12
-32
14
24
4
-11
-9
2
-32
-15
7
0
-10
0
-9
13
-12
-12
-16
12
-18
-15
-1
-4
36
-22
-14
28
20
-24
-7
-4
-10
-31
-18
-14
-34
-5
5
16
22
15
9
-12
-8
0
11
9
-21
9
-10
-12
19
-9
-10
10
-18
22
-26
32
-7
-34
-5
-21
7
-4
-20
24
11
-4
-20
-23
0
-1
-1
18
9
-1
-10
8
-10
-20
-5
-9
-3
41
9
-20
-11
5
-26
12
15
9
0
7
-3
-7
0
-19
10
13
-19
0
-1
-11
-11
-7
-4
13
17
24
21
0
4
-4
-4
6
18
0
-5
0
-8
25
-2
-10
3
0
-12
11
-24
5
12
5
-28
5
-23
23
13
6
11
-15
12
11
-17
1
-23
-6
16
-9
17
8
3
-23
-20
-4
-29
-1
8
17
1
-6
41
-24
5
-41
-22
11
-14
15
6
11
-1
-7
-8
-46
-1
7
-5
-5
1
-22
-1
0
6
14
-18
-2
-12
12
-15
7
-20
21
22
7
-10
-2
-14
3
15
6
13
-10
-14
0
22
-5
0
19
-10
0
-3
22
-9
15
-26
-11
13
-11
1
-30
0
-13
15
-31
1
20
2
-2
-13
2
-9
0
-32
16
13
11
-20
-5
18
-29
-9
-18
23
-5
-23
3
27
-6
1
-3
25
12
-32
6
-22
10
-2
-8
-3
8
8
1
-27
5
-20
-24
-32
6
12
-4
8
2
4
14
9
2
6
6
-8
-24
-23
5
-10
6
-8
-2
9
-28
-9
8
-2
4
-29
-10
-9
-18
7
17
20
17
6
-8
-5
9
-33
7
-5
-9
8
4
2
-5
-15
2
1
12
32
-22
-21
23
-12
9
28
-11
-33
4
-22
15
24
-38
0
0
-13
0
-6
5
-12
24
4
-2
-3
-10
14
-5
-19
1
-30
0
-14
11
19
-12
-25
-18
13
-6
0
-7
1
22
18
15
1
26
18
-13
2
-11
35
46
15
-5
8
20
-38
18
-3
30
-2
14
-28
-19
-22
16
30
-6
11
5
-4
28
14
-9
23
49
14
-8
4
10
13
2
9
-15
-4
-2
12
-7
0
21
9
40
13
15
-16
-9
30
6
19
-15
-5
-14
10
9
20
-13
13
10
11
-14
9
21
0
27
-26
16
34
-17
10
-4
-11
10
-36
4
13
-27
-4
1
-2
-11
3
-4
15
3
-4
-17
-19
14
-15
6
-9
21
4
15
12
-29
5
-3
-2
3
14
14
18
0
18
10
-17
-9
7
-13
11
33
-10
18
12
34
10
5
-9
-13
28
3
13
24
0
15
-2
20
21
-14
1
-19
-9
20
-3
-3
1
8
12
-13
0
-41
-25
9
-24
-10
-23
-30
17
-25
-12
23
0
-19
-4
25
-25
24
28
-17
14
-16
-25
7
3
-6
-5
-5
-1
24
-31
-18
-5
-21
7
0
-8
8
-12
-9
-1
-11
4
-7
11
0
3
27
0
-22
5
28
12
11
-24
14
2
-4
-6
13
-41
-24
0
-11
21
4
14
2
-2
-10
24
-17
12
-28
-27
35
6
-21
-12
0
-9
7
9
-8
-14
-30
11
-11
11
3
12
-7
-8
6
8
6
-6
-12
38
20
-18
-12
-16
-2
-27
16
-11
-10
10
-39
-29
-14
1
20
-21
-6
-14
-23
21
0
0
20
17
13
-25
20
-6
1
0
-6
19
7
-2
-14
-3
-28
-11
13
4
4
-17
28
19
0
-8
-10
21
-3
15
-1
4
0
21
-13
-2
-4
4
-7
24
2
13
-6
-23
17
1
-17
34
-4
-26
-3
4
-15
3
-23
-19
10
24
18
-4
-4
-18
-15
1
-19
-25
9
4
1
-6
-20
25
-7
-19
10
33
0
-7
-21
7
19
16
19
-1
-12
9
4
-2
31
-16
-27
4
5
-9
0
-9
22
13
-11
13
30
13
43
5
-19
-1
-7
-4
25
-31
2
-1
15
5
-3
-21
-2
-9
12
15
1
-15
-31
-3
19
4
-15
4
26
2
-5
12
-2
-1
16
-4
-5
-22
-3
15
-34
0
13
-17
-26
-13
-26
9
-3
0
4
13
-2
4
-18
-3
-2
-10
4
19
-43
-17
17
3
-11
10
-14
-7
-14
26
-7
12
21
-14
-17
28
-20
8
19
-8
8
18
-11
9
33
-7
5
-20
-3
42
-8
-2
-1
-20
-17
0
-3
5
29
-7
-13
5
-13
36
-13
-3
-5
6
-17
-19
-12
-11
-4
-41
-26
37
29
1
-11
-9
-18
34
13
9
35
-19
-15
21
-4
11
27
31
5
-7
6
-24
20
4
-15
0
-2
0
0
18
12
-15
13
-5
-19
-22
-41
-4
-10
1
-8
-4
24
-19
-25
-12
0
-3
-8
2
-3
-4
3
-6
11
-1
12
-4
31
12
-8
11
-5
-2
24
14
29
-26
-26
-9
6
14
24
-5
-5
24
-40
-4
14
-1
-8
0
-1
-16
7
-19
-12
10
11
19
0
-6
-17
-7
22
11
25
-8
1
10
10
-1
5
13
-3
-16
7
-11
7
6
-12
19
-16
42
-13
-22
29
-12
0
3
-19
10
-10
7
13
-4
-28
3
-8
8
16
8
0
-5
30
-6
14
-24
-2
11
-19
-12
-27
-2
3
0
-19
-10
-7
17
9
6
-44
3
-14
-2
16
-2
-14
9
-8
-4
-2
-3
-51
21
-12
11
0
1
-13
6
3
-1
-8
-36
18
27
-30
-1
7
20
-3
17
-14
8
-16
13
-10
10
26
-9
-19
0
7
12
7
3
-28
9
-40
0
-18
-23
-5
-13
21
16
9
6
2
-9
-5
-7
6
0
0
-38
-14
-21
4
0
1
-13
-4
-14
-6
-12
-16
-8
-8
-2
8
-9
7
13
-24
-19
11
-18
-49
11
-17
9
-1
0
6
8
18
13
23
15
10
10
-32
0
-27
9
-15
-23
4
6
10
0
10
-7
-22
-24
5
4
1
3
-22
11
20
-22
0
-3
27
-28
16
29
26
-12
-10
-2
5
-21
-10
-13
11
-5
-1
-12
-9
15
-6
-3
30
0
-7
-2
-27
-8
-24
15
5
0
15
7
14
-27
32
-1
-4
18
0
-6
-15
-41
6
-9
-14
-9
6
-3
-21
-1
-17
-14
2
0
6
7
2
-14
-1
-9
-11
-10
-2
9
20
-15
-10
6
-1
24
-2
-20
0
0
-1
-11
-2
20
5
36
-15
0
0
-2
-14
24
1
-3
-18
-2
12
17
-9
-14
-6
-4
-13
-6
-18
-13
5
8
-2
-2
4
-1
-14
22
22
24
-1
-17
1
25
-7
-34
9
1
0
6
30
4
-18
22
17
-2
15
-12
6
0
19
24
-20
26
-12
7
13
10
2
7
18
0
-19
8
1
2
3
24
23
-10
-22
14
-7
-1
-2
-10
8
-5
-7
24
11
-14
-10
-7
-7
-5
13
1
8
6
-34
-6
-16
4
-17
15
22
0
21
20
3
0
-1
-5
30
32
-5
0
-7
-20
1
28
12
-14
21
32
20
5
23
-8
-5
35
-11
-8
12
8
3
4
33
-1
-15
5
35
0
-1
-7
-6
11
-13
2
-8
7
-12
3
6
9
-3
6
6
18
-14
7
2
-19
7
16
-7
15
-5
-5
-11
8
-1
-10
8
15
-3
-2
24
3
0
-16
-10
9
7
16
14
-14
-13
20
8
3
-11
-38
-8
-26
-2
8
-5
16
4
5
-22
-17
17
16
-4
0
-31
6
9
-7
3
15
29
-5
12
-12
0
14
1
12
30
0
42
15
22
-1
21
12
37
5
-3
-11
-22
-9
-25
7
4
46
10
-31
8
25
8
-17
0
28
0
-6
-27
-8
15
-1
8
-3
-2
-4
-2
11
5
7
21
36
7
36
8
-4
3
-5
-3
25
-14
9
21
-22
-22
7
14
30
11
15
32
-1
-4
17
20
5
-23
11
13
-28
13
19
-2
-5
42
-5
16
-10
-3
11
9
6
2
20
14
17
19
15
-10
-16
-24
8
-22
33
-29
11
1
5
1
-24
-27
-15
1
-16
-20
-9
2
24
15
-30
21
-10
-12
-15
7
10
26
-15
-15
13
-6
-22
10
10
-7
-21
-5
19
-22
20
14
-20
-23
-5
-26
-27
-7
-14
16
3
-6
-17
-15
5
22
13
12
-9
0
-20
-4
-5
1
19
-13
-10
-11
-18
-37
8
-9
-5
-14
-32
1
9
7
10
-3
-5
18
6
-29
-30
31
19
-3
-12
0
16
-3
-32
29
-5
-15
-30
-27
18
-5
-17
-22
1
0
15
10
15
3
-16
0
-19
13
14
11
11
-14
-28
24
-2
-11
5
25
-15
-6
-2
10
-6
9
6
10
-18
-9
7
-3
9
11
22
18
-38
-10
6
29
23
-16
-15
24
-3
-2
-28
-3
8
6
14
-24
26
17
-3
-22
-39
6
-19
0
1
12
12
10
-7
12
-9
-22
-11
-4
7
-15
-14
-10
8
39
20
23
16
-12
20
2
25
6
1
-10
-25
-15
-12
24
-11
-23
-35
-16
14
-6
-2
7
5
13
-18
-6
-18
31
19
-4
-12
-12
16
-27
6
-2
19
29
-2
-8
17
24
23
-3
2
23
5
9
-6
26
-5
-9
-8
-8
3
-6
-10
17
23
-15
-12
-43
-3
21
2
27
0
8
24
-6
18
-14
3
9
-11
-22
0
-2
-20
-7
-15
-11
-1
-32
-36
2
3
-13
13
15
2
21
24
3
-3
-27
-12
22
-5
5
-23
-4
6
8
-5
-23
1
38
-10
-2
-15
-28
-5
7
0
-12
-29
-6
0
-1
2
-47
0
-4
1
-17
-11
4
-3
-23
-1
-4
-19
-7
13
18
12
-5
-15
-10
16
7
-24
15
-5
-6
46
-11
17
12
-9
34
-9
4
30
5
-4
17
-7
-3
-9
-6
6
12
7
-20
14
1
2
-3
-9
-12
-12
-27
8
-7
16
0
-8
25
1
-29
-16
-8
9
2
-2
-28
-2
-1
-1
16
-18
-8
5
9
-16
-4
3
-28
15
-19
17
17
-3
7
19
-17
-17
-29
-7
31
-18
-12
11
-7
-1
-13
3
-11
7
2
-43
4
-34
0
-5
7
-10
8
-8
-19
7
2
-5
4
14
20
-3
4
-1
-10
-17
4
9
8
0
-3
-30
-14
10
19
-28
10
1
-34
20
-9
-10
10
10
4
1
7
12
-20
-14
-13
26
2
-19
-10
9
-16
0
1
-8
-1
-10
-11
8
-13
-2
3
13
1
14
15
-15
-7
13
-4
-3
-15
0
24
-1
22
-6
-19
1
8
5
-3
33
13
16
10
10
3
-10
0
13
35
11
2
-6
-28
47
5
6
-9
-6
-11
-4
1
0
12
-1
-19
1
-14
20
5
18
21
-14
20
-12
14
-14
-5
-16
11
-3
-4
-18
3
-22
-4
-3
10
2
-19
-18
-2
-17
-17
2
33
19
13
6
-21
-7
0
3
10
-18
-35
-8
-20
-25
-28
-14
-5
-26
-3
-11
13
13
-4
4
5
1
11
-23
-6
2
-15
-3
-31
4
0
8
-16
1
0
-17
-17
-23
-10
6
1
-26
9
-6
-7
-26
15
8
-2
-6
-11
1
-3
-14
-6
-9
-1
-6
-36
-6
-23
-15
-17
4
-14
-21
13
2
-23
-4
-9
7
-6
-19
-7
38
2
-23
-33
3
-27
-23
-1
-28
5
8
-26
12
8
9
-11
-17
3
1
-19
8
-12
-18
-19
-27
-14
-3
9
-11
-6
-6
-17
-31
0
16
3
1
6
-7
-30
-16
-32
-22
-12
9
10
16
5
10
8
-1
19
32
7
-14
4
11
-13
-31
-25
-1
-36
-15
20
4
12
5
-25
-14
17
10
-13
-10
-9
15
20
-17
-19
-19
-8
-6
3
-3
12
-10
1
28
17
25
-2
15
-10
9
6
-20
-22
3
-2
14
-35
-23
-11
-2
2
16
15
13
5
-31
-9
23
-26
-1
16
2
16
-17
-24
-14
6
-20
28
-30
-14
-9
0
16
4
21
9
-5
28
-2
-6
-3
-26
36
10
18
26
-13
22
2
-9
-10
3
-9
10
0
-8
10
32
20
-25
39
-10
-2
10
-26
-6
15
12
14
-16
15
-29
-9
0
-30
3
1
-2
-16
-12
0
-22
-13
-4
-26
17
-30
13
-6
-20
5
-2
-17
-5
-12
12
-3
-37
-7
19
31
8
-20
2
-22
-26
-9
-15
-4
26
-10
19
0
2
0
27
-10
0
0
24
-27
4
12
-23
6
-23
1
12
-25
-3
-3
-14
-9
6
11
5
-22
0
5
7
18
0
11
5
-10
2
-17
-37
-20
-17
-12
-14
-8
-8
-27
-18
-17
3
0
-3
0
4
-25
-10
-5
-9
-16
-5
-3
0
-20
-28
-8
-3
-15
-3
-23
22
-13
-20
-33
-25
-10
-16
-24
0
-8
16
-25
-11
10
-26
-24
8
-26
24
6
-12
-1
0
28
-5
4
-13
-4
6
8
-16
0
-28
-7
-8
25
-36
-11
23
-12
-9
-24
10
-13
-12
12
-32
-34
-23
-11
43
46
-19
-15
16
4
-14
4
7
3
5
5
-7
-13
-23
42
-14
-17
1
-18
-2
-12
13
12
-10
3
-29
-11
-10
4
13
19
-10
-6
16
8
10
-14
-15
18
-6
3
10
8
-1
3
10
-25
12
6
-8
-12
7
12
-19
-17
10
-1
11
6
-2
15
4
-1
-3
20
4
14
5
-3
-4
12
14
6
-33
-20
-10
-13
23
7
11
5
1
0
10
11
0
5
-2
27
-6
-7
-3
-12
2
2
3
0
-10
-3
21
-13
15
1
-15
-16
-6
-26
39
-23
-6
-1
0
5
-5
2
5
-20
0
0
8
-5
-15
1
-15
-10
-33
3
-3
1
14
-16
-29
13
-9
2
0
11
16
-9
-10
13
-24
-14
-17
4
-3
-3
-16
-28
-22
-3
9
-12
-12
9
6
-9
-8
-1
-7
0
-24
-28
4
-2
-19
-10
-3
-32
10
2
0
11
-3
11
-6
0
-9
10
14
1
-2
7
17
19
0
-5
-5
2
14
8
-28
41
-3
3
-34
-19
1
14
1
-22
-12
-27
-11
-28
-1
-1
7
-3
-2
-25
4
-26
20
11
17
13
-12
-5
-25
-26
-49
-6
7
-11
-8
-2
9
-35
-27
6
0
16
-9
-13
-6
-11
1
0
-26
20
7
6
-9
-12
-8
2
-24
-27
-7
0
1
-4
14
-18
3
-20
-34
18
2
-18
-34
-6
-8
3
21
31
10
-40
-4
-17
-24
-36
6
-27
1
-3
-7
-7
-19
1
4
2
3
-11
8
-12
0
1
-3
-22
5
3
4
14
-5
8
33
23
27
-23
-9
0
10
0
13
0
20
26
15
11
1
16
-2
-22
-23
6
10
-13
-16
-6
20
23
15
3
-5
-32
9
-3
-11
-24
0
0
9
6
7
12
3
-2
-23
-19
-1
-11
25
31
-9
3
-22
5
-7
7
-7
-21
31
-3
-3
8
-6
5
3
9
4
10
1
-4
-10
15
8
12
11
43
18
-2
4
0
-35
-24
19
-36
-10
4
18
11
31
-13
-11
18
-2
-9
-7
-13
10
-21
0
29
6
11
-2
7
-18
8
-4
8
28
-4
-11
-2
