3328027754
1246018440
-335540502
1611374818
646508054
-2119907595
-2183886915
-893848497
5321578678
2108532391
-3017764562
-7024097400
-586946832
-3910823517
1147444693
3335352256
6360513023
-5817335
-892411761
4559691797
-3693517371
3722948923
-2540175016
7358906839
741567274
-2676142312
1443345047
2028109061
2268860969
4000622038
308626631
2333894882
-369722666
-2276354183
-1821659276
-165513375
116172688
2892664393
-3392552699
-2294464983
-2871424151
-2601606077
489119000
-1872695127
4880828500
-1510814051
-235141260
-1749285123
-960132170
2209362089
-2055142998
-1984575753
7006428819
-188128905
23227225
-4267380487
-1260986892
6740930284
-833224022
-1365419179
683050893
-3548382571
-3421401622
4739760874
-2243210441
766565877
4920588345
822791033
-1247778400
4700583321
394269776
-1728578759
-649825698
-3412342000
-2077034560
-927590129
3112071635
-1294885049
-619747444
-4926906385
-2198804374
-802923676
-3278143514
3230985539
151769183
-3755946767
-189710810
-727215473
1295520233
1891711985
2031519402
-144229105
-1240190936
-1005489193
-908575824
1422237193
-6141705456
-1937882809
1839306365
-1591240102
1941296448
-1717612566
149273471
-1016394200
344634725
-3134784110
646262483
3048275512
1370227961
1654839555
4594269653
1202136839
-1380995754
-1807129352
-1393301284
-1406415112
-2842602298
805364463
-2953367164
-5251595488
191383579
2708789014
-1827265608
551130382
1442174452
125760184
202040267
751577181
2933706448
2211940454
1107120311
2762450915
2543621473
5557786
-2981556113
544612444
-1312478918
-2334969994
1757428317
1148675924
-1086360586
-1159941303
537541456
267318531
-1802710750
-4607897998
3591990532
-20651832
-4194320869
-1535279984
166017460
-3948742644
-4951590119
-4392517299
753963462
227089417
3264906056
-6517075357
2712854439
-4640449
1402083656
-4643638546
1747010460
7568934384
1679206072
5786691937
-1531055631
-3221972585
-184017185
-3749192565
3370842283
769882576
-513037978
-319111096
-1927965957
-5901974517
211859644
-306881252
-2106435398
-1077379274
562120297
-853504524
84172503
-3199192579
-2645514650
3068177349
-1302785583
-3810304834
-2691136821
-7456368854
-1926310749
-3345685416
768363445
-1193616503
-947779947
6576517987
-1731582283
-4050882559
-2388455497
979747748
-1100419020
-1616218540
-386229564
932692940
3405829363
92682044
3764714240
-889360074
-1959089596
-128506904
2109434497
-2042160745
2871934633
6790189337
-1202404823
-2324437015
1253749866
-2397319467
-375082830
2469866094
1293305556
1024225362
3472786892
-336779402
-3403468506
-774579312
-489563730
-5954228385
2636084309
-4685633533
2862502853
-3918102798
-1152697501
-728665302
88712647
-1051195496
2714629291
1437989761
689379543
-3192830910
1825230102
-2978180319
5428221724
-5225878625
3704304925
-843159411
-3059904787
-724820155
508911068
2185570198
799173728
-363585763
-998343703
37347980
3164494042
3540258358
1109738678
2247171444
-6384056075
3827860425
5714467015
2629533411
-4542342871
-730422466
-2147201357
-173994151
-373821701
1818754529
1988828037
-1871062779
-6637872162
-1924002559
-3101038200
2797193658
-115703179
186217163
64022369
-389626046
-1084343971
1724429588
-4793972329
4895251062
1504604538
4035349017
1978693414
-1365263919
3166702397
-1753098735
2353674487
3039366044
1542751384
2912380672
928739479
614364305
-1907804477
-2307280085
4162023762
-2856524266
341332168
-2404869131
947388530
-4374578181
1180002099
-3704170271
4803589936
-1688742849
-44600134
-1739937453
1420713156
3564087686
-1511608544
2964832030
-4922394692
-2665720795
385114694
1145845855
-4012721885
2468604528
2937710290
-1487212858
-1584144484
-321009001
-2927163170
-2875535494
-1851488831
804855342
-3423213738
-2195927859
642043264
4274139616
130134016
-969527632
1707178776
-2115380433
-4923848472
-2039433822
21574023
-1143723256
598224450
257431219
973246438
-1497693366
-1984451065
801216065
-334450814
-1336294833
-1485876928
1504562281
-5536802384
2776453283
-2658666365
1951947319
1521875474
-1700405267
1111196247
-1233822055
-4982009919
-1322929906
-3437022712
-3268822856
1980607396
503757015
5060195953
-1726241396
-420713422
249784794
5260654445
2075601307
3975712587
-1125030177
2922342858
-277719956
-3794151130
1992897074
3791562754
5332236941
3440226820
-640109380
861836597
559965023
-166067197
1839073126
-3738394201
-4659435568
3344047597
-2572005785
-2388898415
-82519611
80613305
1621844731
-630617248
3117488252
-4216372891
184605785
-527600553
-433448315
-5085184691
-4359302973
-2227312216
-1698733643
1129283162
-4225899363
-2285037219
-3737384992
-3153924815
-834830928
2611403161
-1879905436
-1516967287
3301478031
-1576499158
-1470153844
-2737861665
-2762157428
-3656904868
2122543064
-1674072602
-139855155
2303512505
-1756737870
-1098647250
-2705546399
-953412690
1415850921
984144324
3259081332
-1383385102
-1448808038
-171823169
-251962126
-1786107571
437139554
-1764820722
-2826351857
-4010484737
-3426010165
1061789923
-2800248857
397239332
-529186850
-493732956
2104402465
1543439468
-2762991927
76216128
1863366649
2277613762
2440390634
-2350901877
-4119399218
3163180265
-134480012
-1542271919
-5437641275
-4368071727
152782567
-5132936396
-1726688843
-2209581773
-4418629873
-4181178875
2329383412
-2226922019
1650864835
1873785325
-5204246242
-9753137187
-5939452573
4043548513
-2116763365
4522879339
422522442
596504692
3098913377
-4909656334
-2574202168
1887704958
1106392640
1480290060
4004314284
-1991098438
329080883
-5059795573
-1767978457
-101301455
4679953467
209179362
-4892146525
-7168290945
1687878080
3594720477
-2018283723
-687842491
-196349851
-488879943
1165507095
-1114182414
185795803
-241551042
-4323243825
-3547812335
-3996522636
-2226435483
4903426969
-914340737
-170986737
-1194319452
2903920140
-1558581853
2674895414
-658373871
-111756540
5593364153
3485753340
-2103128817
1280030401
1156895318
-1761499253
-68175700
-1829105154
3296798622
-345874068
-2034812703
411837316
2634156813
-4836601478
6247911327
-2495727212
-3398755367
4569946348
3192469966
-1943027900
-4641486766
4841968985
-1348726030
-3991449504
-728592802
2980923043
-4274523979
2538503464
352511904
47134312
-1429420960
-3806560893
2278626890
223085802
220783091
6021423415
4292088426
311788135
-2857016529
5083963127
3475701586
-2579149941
-631014149
498023396
7441320069
-1604097183
-786415541
-2107886000
-2355176968
-3280827471
-565187690
6901613826
1360148768
-1433482192
-981840877
2519744134
3744114917
1772767738
1490326594
-2339895950
5112066847
-6066473109
4256514791
-3025323685
1918447252
6551730634
3931691103
287032272
4434634830
-464608777
-5531947379
-2203844556
-1966095369
4204861908
5650150563
-908709646
-5801900422
2028215328
-854814915
3164069493
-508636709
-1348294863
2515374
-2439382469
-4066901296
-2333473187
691751536
9416398443
2599421634
-1258899077
-772338455
1570616297
7933154434
1850120595
615305563
206798265
1308556015
6010047808
653353023
-1494908377
784622389
-762550463
-3943634359
-1185909669
2288003658
2910296242
3280686663
1645356026
-81262063
-762097966
2258654652
230474335
2866502415
-1753862141
-2583003447
1557955387
2039949628
-891126966
723591204
3302765776
-517633005
396909539
-168297598
-1874702215
69423834
1553134315
-1566134492
1929007341
6257784470
-1251731149
3883879308
-1012835427
5968359997
-4221895501
-2559540415
-4341013341
-994181933
321863223
511946568
-4920293510
3121211093
69248337
-42491507
-1741392632
6387549824
107018221
-2360398245
1743949698
5090418326
1221677175
-5099504299
3937879201
1600292450
5599130646
1481622864
1537931646
3406446721
3300972564
444732629
731944889
-3743746973
-7115063469
-188529513
-2300848961
-2175431206
512257239
-5333799135
3746887864
4238763070
1228335461
1933699591
1241271744
-338794926
5928821452
-6024108908
-156155888
-1045541355
-5278503070
688044425
2166125509
1791760892
1657068615
1864718375
-6905163122
-2170780160
-3074994450
2336225905
-2151400356
-604010619
623557033
6250026918
-2722351300
-3405073618
-136832604
-2750936534
-3188729467
1454454354
653250550
-329931614
5893242197
-753017134
-1882678913
-4088708188
339466249
-884250162
2658054643
-2414757634
-844809130
-1513501716
-44194021
-747324785
899543788
504297111
-4644594067
2436581672
783165725
-1880138212
-52042255
7231420423
3596773327
-229778041
-1133750900
-453486339
-5482573718
1484670284
623978036
-1056530039
1417454925
2752359310
-4224831203
-868963803
1458105389
-411506380
-847137297
172295364
1310529960
2297766497
-3181467180
3551018204
-767901114
-5466968717
2642912506
8390278237
571510210
-1115195716
796749604
-3750025803
7294356059
4202491352
3574775251
469400025
2029619903
801864304
-3333582304
-1388659529
446304702
-4492019396
3739228268
1484398219
252773664
359957436
2477686265
-608269447
-2114294411
3442300441
-1311080895
1639600710
2877891643
3807992762
832202038
-2173203668
5152225691
1225692783
1773495023
4925523148
139868485
-1398809634
-838775164
1956331865
6319979075
1460080416
187024508
1173184040
34520006
-957790645
-1188731189
-1713481427
-1856078982
2772609973
-4484623352
-2756026423
-2086211621
6039637792
5785518420
710825896
-1357594064
-4048546338
1587464816
-1939735344
1299003354
-1043942653
2474716121
-2067208939
3827626426
-4262241411
-637439204
113893636
106663315
-1540479552
-3572251968
2761677988
-816682197
914247090
-393074318
788316504
-1890150487
1303621024
-1782147952
3286806762
-1917063589
672691154
-242291076
1411497185
-2185190565
879963851
4198081292
6810789863
-1212214091
907740034
-5807485720
-1752998606
624574572
-1546560482
-1552901795
-1693195944
-3982746676
541364688
188668117
3333918707
4037666849
-3052438673
-1456902816
935343332
2223957967
581144333
3994226078
3192467475
-916226221
-1662027499
-7697707443
-4238941379
-3245238508
-3819571461
438263189
-716116129
916061980
55476731
762403280
2551515574
-2986198616
-3223455971
2027663951
252175065
155143467
1788327980
3683409491
-2956203643
-306520983
-601583459
-2629444475
-3913494504
-782873928
-17924677
677424689
-1545504142
2608737705
3415186960
255671898
-858927505
2011577727
-3449937067
-1845380457
-1057963439
-572232980
1834797444
-3298680014
1128072306
980834798
-565553394
2660875515
1824787969
-3940823908
-5349181481
-7067074484
-5937066218
-2448623043
-2022067616
-1183632516
114082795
-949164486
-5106145342
35990617
-2022023442
-158211158
-4792953217
-7392191801
-1356866757
-3541506880
-2679420143
-2020169737
-225424594
-1284736159
-848467284
-4086879214
-4846215100
-834638070
-2914868730
2789366513
-139077131
-531585640
-4176685152
-1405596391
-2374187182
-633893569
161409512
1387361390
1358756233
3763692340
-1958588009
-3289133509
277915559
-1991771389
-2341110773
-320334622
4949919470
-1683219527
-2472475851
239920026
3762036452
2562879096
2095816350
-2846130488
-2043465876
-3196938824
-3133701420
-1280311394
-2890426427
-2850566386
-159684090
-3822550601
4009718622
1586951037
951703192
-1361565903
4112949929
-1326006881
-439377014
-1632088966
-2853340502
495092530
-2922417459
2201962521
2602978285
-4165046709
168103577
-4809953296
-1795289383
-4892286190
-191520420
-391444178
103232949
1333519602
1420312431
4991925119
-1872919639
-1652397470
2464973889
648205905
1464292380
3954065507
-1030992585
1654799031
471737528
-3395807849
2864212319
-4507894758
-4907461507
-2972593929
-1019687357
-2045581678
1892498038
-915977788
-1548031502
2046190335
-2536619731
2598963749
1312833926
-3751646476
2428046325
4554884631
-1261260724
1599677500
-1352121356
-2390277135
866559018
2569305476
-260129404
1270757865
-1990537558
-1212792438
1022481543
-1379336095
