-23754
-11382
-18042
72906
-64307
30276
140376
-16989
15178
24210
-2576
-9501
-77734
38436
111433
52841
-12765
20626
73212
48447
-127444
49094
44921
143348
-82636
41653
-52394
-62514
37175
54740
35985
-13318
86130
22763
-74630
-84165
-16616
-100945
-178981
65015
-8809
-92375
50359
18418
-74765
17440
6732
-173
70482
-161783
-44987
-53415
-68963
-112427
101101
49175
19726
47202
-58911
-177990
49438
-61284
-32988
2735
54511
13164
57128
-106328
-35621
-55644
11993
45357
37870
-39365
-4849
-36494
-20656
-12303
-113017
55300
87072
63429
-4611
-85184
20249
-62187
74959
73772
-32418
-9054
-25861
-97520
-19472
-20433
-63505
-48276
-41718
33117
-69742
-26800
-66361
-36064
-11144
-31298
-83916
6565
73757
38334
38793
-60055
48350
89965
-30016
-35988
-5265
-126166
-127634
36525
13833
-11177
73746
24053
-12532
-103495
-108035
-4848
92115
-34928
-177076
1571
3414
72625
17871
-4653
93155
-23783
27304
-18268
-6789
37239
-73288
148625
-1755
59309
249
-35098
66217
112310
-95946
36739
85284
2721
-105129
56208
80842
-47164
50858
79934
108053
12489
66594
115782
50073
66055
-122473
-18191
-72332
-33553
-21159
5569
65566
-97563
-65259
117725
-13808
-83856
7861
-57126
-19675
28125
-15714
-8554
-3092
-10161
-48113
-45149
62716
-67607
40763
-64751
-50317
63420
193463
-25200
1968
-34009
-76247
10368
67060
32358
2898
73378
3219
-84980
-53644
-39728
44002
-6371
-43253
-33953
-64427
-156714
87728
64189
141545
-27277
78339
-3848
-89004
-35667
45342
-52947
-2884
146989
-12921
62203
-19026
-31149
-23921
-36225
-67540
-41915
-81292
48650
58084
-37806
-28549
66044
11297
-60265
-92723
-41028
1021
27222
-52221
29708
34310
-10043
37040
-12482
41799
82659
20372
42120
-30801
-36220
0
0
0
0
0
0
0
0
0
0
0
0
0
0
0
0
0
0
0
0
0
0
0
0
0
0
0
0
0
0
0
0
0
0
0
0
0
0
0
0
0
0
0
0
0
0
0
0
0
0
0
0
0
0
0
0
0
0
0
0
0
0
0
0
0
0
0
0
0
0
0
0
0
0
0
0
0
0
0
0
0
0
0
0
0
0
0
0
0
0
0
0
0
0
0
0
0
0
0
0
0
0
0
0
0
0
0
0
0
0
0
0
0
0
0
0
0
0
0
0
0
0
0
0
0
0
0
0
0
0
0
0
0
0
0
0
0
0
0
0
0
0
0
0
0
0
0
0
0
0
0
0
0
0
0
0
0
0
0
0
0
0
0
0
0
0
0
0
0
0
0
0
0
0
0
0
0
0
0
0
0
0
0
0
0
0
0
0
0
0
0
0
0
0
0
0
0
0
0
0
0
0
0
0
0
0
0
0
0
0
0
0
0
0
0
0
0
0
0
0
0
0
0
0
0
0
0
0
0
0
0
0
0
0
0
0
0
0
0
0
0
0
0
0
0
0
0
0
0
0
0
0
0
0
0
0
0
0
0
0
0
0
0
0
0
0
0
0
0
0
0
0
0
0
0
0
0
0
0
0
0
0
0
0
0
0
0
0
0
0
0
0
0
0
0
0
0
0
0
0
0
0
0
0
0
0
0
0
0
0
0
0
0
0
0
0
0
0
0
0
0
0
0
0
0
0
0
0
0
0
0
0
0
0
0
0
0
0
0
0
0
0
0
0
0
0
0
0
0
0
0
0
0
0
0
0
0
0
0
0
0
0
0
0
0
0
0
0
0
0
0
0
0
0
0
0
0
0
0
0
0
0
0
0
0
0
0
0
0
0
0
0
0
0
0
0
0
0
0
0
0
0
0
0
0
0
0
0
0
0
0
0
0
0
0
0
0
0
0
0
0
0
0
0
0
0
0
0
0
0
0
0
0
0
0
0
0
0
0
0
0
0
0
0
0
0
0
0
0
0
0
0
0
0
0
0
0
0
0
0
0
0
0
0
0
0
0
0
0
0
0
0
0
0
0
0
0
0
0
0
0
0
0
0
0
0
0
0
0
0
0
0
0
0
0
0
0
0
0
0
0
0
0
0
0
0
0
0
0
0
0
0
0
0
0
0
0
0
0
0
0
0
0
0
0
0
0
0
0
0
0
0
0
0
0
0
0
0
0
0
0
0
0
0
0
0
0
0
0
0
0
0
0
0
0
0
0
0
0
0
0
0
0
0
0
0
0
0
0
0
0
0
0
0
0
0
0
0
0
0
0
0
0
0
0
0
0
0
0
0
0
0
0
0
0
0
0
0
0
0
0
0
0
0
0
0
0
0
0
0
0
0
0
0
0
0
0
0
0
0
0
0
0
0
0
0
0
0
0
0
0
0
0
0
0
0
0
0
0
0
0
0
0
0
0
0
0
0
0
0
0
0
0
0
0
0
0
0
0
0
0
0
0
0
0
0
0
0
0
0
0
0
0
0
0
0
0
0
0
0
0
0
0
0
0
0
0
0
0
0
0
0
0
0
0
0
0
0
0
0
0
0
0
0
0
0
0
0
0
0
0
0
0
0
0
0
0
0
0
0
0
0
0
0
0
0
0
0
0
0
0
0
0
0
0
0
0
0
0
0
0
0
0
0
0
0
0
0
0
0
0
0
0
0
0
0
0
0
0
0
0
0
0
0
0
0
0
0
24882
-33595
-102277
-55898
21970
9865
-54008
42115
-35848
-6260
88843
20324
47055
48150
68405
-47525
121162
-22996
-81596
-39468
-19641
-48079
34304
-9777
-31689
152891
-1808
40083
-38708
-24771
46638
-101083
19716
11798
-17758
24638
66585
-33976
29431
-80769
-33520
21610
-63756
-53879
-80079
60351
68718
51244
185339
-78423
56082
-21269
5952
-33933
7891
-9160
39600
38325
55716
89244
93942
18995
-26523
82785
-16644
-21636
87585
93434
26751
61309
7846
-13166
41037
49765
-64677
57051
-8982
-29402
99983
129829
-11563
30310
36987
81722
-39647
19602
73683
61981
21974
2366
84314
-1781
-18784
55519
-17761
17481
39559
-58722
-7224
-37618
22034
-30387
-31521
43945
-105429
-13606
31852
-46940
-34580
-92871
-114896
-19215
10035
8112
-23424
33627
71824
-21749
-85061
73381
-3310
18134
-30868
-57436
-133702
-50440
74481
52055
84122
28788
-60641
-180396
-52209
-61666
-29726
108944
-44719
-50949
62405
7829
-80447
49976
12213
-43953
-19145
-50547
30058
106676
-16069
15047
-79574
23588
106814
-27499
14576
28281
13136
-24706
51695
-142004
-1766
-2634
-19089
27136
147012
-62944
-39121
-37490
-16182
-27832
102443
70724
4966
20540
-51046
56264
98993
-57498
32160
-1063
-53791
-67020
-29886
83854
55853
37773
-44075
-106863
-73768
-90133
4056
-18773
60021
-52112
7481
33015
-12095
11588
71871
-37885
-24153
28343
-996
54448
-77957
-24901
10722
29449
100463
-9949
60239
63095
-31794
19724
120364
125729
-166618
35836
-28871
40288
-33979
32432
106192
-4567
110870
55106
4303
-43456
-118363
-42150
-25551
-43690
86609
-25417
-78474
-22366
-93891
-18034
-34763
55439
-50005
11799
68292
27754
55127
-49429
-81617
78207
-111114
47467
74024
-77065
10135
-100001
-78223
26307
0
0
0
0
0
0
0
0
0
0
0
0
0
0
0
0
0
0
0
0
0
0
0
0
0
0
0
0
0
0
0
0
0
0
0
0
0
0
0
0
0
0
0
0
0
0
0
0
0
0
0
0
0
0
0
0
0
0
0
0
0
0
0
0
0
0
0
0
0
0
0
0
0
0
0
0
0
0
0
0
0
0
0
0
0
0
0
0
0
0
0
0
0
0
0
0
0
0
0
0
0
0
0
0
0
0
0
0
0
0
0
0
0
0
0
0
0
0
0
0
0
0
0
0
0
0
0
0
0
0
0
0
0
0
0
0
0
0
0
0
0
0
0
0
0
0
0
0
0
0
0
0
0
0
0
0
0
0
0
0
0
0
0
0
0
0
0
0
0
0
0
0
0
0
0
0
0
0
0
0
0
0
0
0
0
0
0
0
0
0
0
0
0
0
0
0
0
0
0
0
0
0
0
0
0
0
0
0
0
0
0
0
0
0
0
0
0
0
0
0
0
0
0
0
0
0
0
0
0
0
0
0
0
0
0
0
0
0
0
0
0
0
0
0
0
0
0
0
0
0
0
0
0
0
0
0
0
0
0
0
0
0
0
0
0
0
0
0
0
0
0
0
0
0
0
0
0
0
0
0
0
0
0
0
0
0
0
0
0
0
0
0
0
0
0
0
0
0
0
0
0
0
0
0
0
0
0
0
0
0
0
0
0
0
0
0
0
0
0
0
0
0
0
0
0
0
0
0
0
0
0
0
0
0
0
0
0
0
0
0
0
0
0
0
0
0
0
0
0
0
0
0
0
0
0
0
0
0
0
0
0
0
0
0
0
0
0
0
0
0
0
0
0
0
0
0
0
0
0
0
0
0
0
0
0
0
0
0
0
0
0
0
0
0
0
0
0
0
0
0
0
0
0
0
0
0
0
0
0
0
0
0
0
0
0
0
0
0
0
0
0
0
0
0
0
0
0
0
0
0
0
0
0
0
0
0
0
0
0
0
0
0
0
0
0
0
0
0
0
0
0
0
0
0
0
0
0
0
0
0
0
0
0
0
0
0
0
0
0
0
0
0
0
0
0
0
0
0
0
0
0
0
0
0
0
0
0
0
0
0
0
0
0
0
0
0
0
0
0
0
0
0
0
0
0
0
0
0
0
0
0
0
0
0
0
0
0
0
0
0
0
0
0
0
0
0
0
0
0
0
0
0
0
0
0
0
0
0
0
0
0
0
0
0
0
0
0
0
0
0
0
0
0
0
0
0
0
0
0
0
0
0
0
0
0
0
0
0
0
0
0
0
0
0
0
0
0
0
0
0
0
0
0
0
0
0
0
0
0
0
0
0
0
0
0
0
0
0
0
0
0
0
0
0
0
0
0
0
0
0
0
0
0
0
0
0
0
0
0
0
0
0
0
0
0
0
0
0
0
0
0
0
0
0
0
0
0
0
0
0
0
0
0
0
0
0
0
0
0
0
0
0
0
0
0
0
0
0
0
0
0
0
0
0
0
0
0
0
0
0
0
0
0
0
0
0
0
0
0
0
0
0
0
0
0
0
0
0
0
0
0
0
0
0
0
0
0
0
0
0
0
0
0
0
0
0
0
0
0
0
0
0
0
0
0
0
0
0
0
0
0
0
0
0
0
0
0
0
0
0
0
0
0
0
0
0
0
0
0
0
0
0
0
0
0
0
0
0
0
0
0
0
0
0
0
0
0
0
0
0
0
0
0
0
0
0
0
0
-42149
135
5033
-59972
77472
14206
43877
-12210
37996
13636
21964
6001
-13542
-6338
66985
127728
2300
-88748
-59787
19163
71713
-515
-60315
64504
-33017
14770
-52676
63967
-47104
6547
56350
18476
34056
-14832
-94533
42807
-23353
92437
12990
82392
-68445
-6328
-59672
14677
45047
9817
-132054
340
-4621
74376
-25870
-7103
10844
-39303
30641
-18301
6023
-20730
48792
-44897
-9239
-145310
-27135
50469
18112
-73838
-85285
90754
-15261
-2662
-69595
-113257
16973
165126
72190
-47723
45784
-59141
10029
-32016
126156
-27799
38575
33880
20801
14785
18514
-107446
169256
12923
-79592
82453
14047
-13365
116420
21066
-32198
-50451
5667
3942
-40905
-75136
-23421
-16029
86009
-83302
-106746
4407
9828
13420
50876
-33666
-24100
-3878
-86579
83099
-32798
-71079
-56055
-43665
3974
42565
109199
-96684
104705
54137
-164776
49958
59982
-8068
104023
-19552
46521
46169
-10153
-29801
5634
-126367
143550
-12138
54372
61859
57890
24378
-36053
25276
26102
-8698
9302
10741
49728
-69669
-7976
-85237
18937
72355
-12930
48248
-136398
-8332
-85303
-119394
-23669
69182
27210
75628
-1525
-112099
17335
4944
-74413
-56407
17091
98338
-35745
75700
130185
76800
14038
-11357
80400
-10338
-111595
-20548
6282
-24378
50147
-23524
25587
-22238
31125
87484
-37311
1479
124470
-111117
-45978
91230
51896
65309
19193
-13639
-11464
-14557
-111588
55042
91544
51596
-5692
-43260
-103338
-4305
134362
27371
17643
5793
161453
41231
66934
-36474
67658
47123
-27669
-44523
68451
-68645
-7810
84988
-17017
87217
-67717
-40191
6553
-50835
31844
73772
3611
-56007
-67461
-123891
139039
-42917
-22497
46753
-26846
81021
96113
-28881
-162807
88445
4501
-57475
87965
-83760
-99819
70057
0
0
0
0
0
0
0
0
0
0
0
0
0
0
0
0
0
0
0
0
0
0
0
0
0
0
0
0
0
0
0
0
0
0
0
0
0
0
0
0
0
0
0
0
0
0
0
0
0
0
0
0
0
0
0
0
0
0
0
0
0
0
0
0
0
0
0
0
0
0
0
0
0
0
0
0
0
0
0
0
0
0
0
0
0
0
0
0
0
0
0
0
0
0
0
0
0
0
0
0
0
0
0
0
0
0
0
0
0
0
0
0
0
0
0
0
0
0
0
0
0
0
0
0
0
0
0
0
0
0
0
0
0
0
0
0
0
0
0
0
0
0
0
0
0
0
0
0
0
0
0
0
0
0
0
0
0
0
0
0
0
0
0
0
0
0
0
0
0
0
0
0
0
0
0
0
0
0
0
0
0
0
0
0
0
0
0
0
0
0
0
0
0
0
0
0
0
0
0
0
0
0
0
0
0
0
0
0
0
0
0
0
0
0
0
0
0
0
0
0
0
0
0
0
0
0
0
0
0
0
0
0
0
0
0
0
0
0
0
0
0
0
0
0
0
0
0
0
0
0
0
0
0
0
0
0
0
0
0
0
0
0
0
0
0
0
0
0
0
0
0
0
0
0
0
0
0
0
0
0
0
0
0
0
0
0
0
0
0
0
0
0
0
0
0
0
0
0
0
0
0
0
0
0
0
0
0
0
0
0
0
0
0
0
0
0
0
0
0
0
0
0
0
0
0
0
0
0
0
0
0
0
0
0
0
0
0
0
0
0
0
0
0
0
0
0
0
0
0
0
0
0
0
0
0
0
0
0
0
0
0
0
0
0
0
0
0
0
0
0
0
0
0
0
0
0
0
0
0
0
0
0
0
0
0
0
0
0
0
0
0
0
0
0
0
0
0
0
0
0
0
0
0
0
0
0
0
0
0
0
0
0
0
0
0
0
0
0
0
0
0
0
0
0
0
0
0
0
0
0
0
0
0
0
0
0
0
0
0
0
0
0
0
0
0
0
0
0
0
0
0
0
0
0
0
0
0
0
0
0
0
0
0
0
0
0
0
0
0
0
0
0
0
0
0
0
0
0
0
0
0
0
0
0
0
0
0
0
0
0
0
0
0
0
0
0
0
0
0
0
0
0
0
0
0
0
0
0
0
0
0
0
0
0
0
0
0
0
0
0
0
0
0
0
0
0
0
0
0
0
0
0
0
0
0
0
0
0
0
0
0
0
0
0
0
0
0
0
0
0
0
0
0
0
0
0
0
0
0
0
0
0
0
0
0
0
0
0
0
0
0
0
0
0
0
0
0
0
0
0
0
0
0
0
0
0
0
0
0
0
0
0
0
0
0
0
0
0
0
0
0
0
0
0
0
0
0
0
0
0
0
0
0
0
0
0
0
0
0
0
0
0
0
0
0
0
0
0
0
0
0
0
0
0
0
0
0
0
0
0
0
0
0
0
0
0
0
0
0
0
0
0
0
0
0
0
0
0
0
0
0
0
0
0
0
0
0
0
0
0
0
0
0
0
0
0
0
0
0
0
0
0
0
0
0
0
0
0
0
0
0
0
0
0
0
0
0
0
0
0
0
0
0
0
0
0
0
0
0
0
0
0
0
0
0
0
0
0
0
0
0
0
0
0
0
0
0
0
0
0
0
0
0
0
0
0
0
0
0
0
0
0
0
0
0
0
0
0
0
0
0
0
0
0
0
0
0
0
0
0
0
0
0
0
0
0
0
0
-10021
-68159
42063
62031
106727
22262
74712
89387
-90337
108437
22043
-58558
33502
-17068
-85870
55796
16959
56946
7742
28296
-35
-63197
11928
-95824
96072
133268
118440
62733
-32402
38799
167263
-53113
-4141
-8626
-24361
63198
58475
98763
-13864
-151598
21206
-80259
-454
77949
-69172
110695
100399
-39687
162246
-61835
64322
39765
67215
66762
-687
-21788
-100637
9936
-71374
79747
93968
-47121
-14490
72756
83898
95189
-32691
-82761
26612
-43269
-25776
194785
73330
-78171
65926
19752
-105307
55146
-30701
-52840
-199799
-66921
-42382
-59580
-198
-65321
71741
128290
-76217
-53866
-24026
-32691
-103444
-20406
-9366
52772
28870
54310
42109
-74474
54063
-45561
-67213
-96220
-109537
-87783
41821
-6041
14418
8618
28574
112857
-18692
-26657
55322
9938
-111549
-37103
17078
-57735
73233
-21916
-61132
36287
-10623
-14795
-202472
185395
-97989
81357
30957
-42736
35642
25583
-81502
-22926
-57310
70788
-28961
41811
190861
834
-152941
95477
-123450
25016
6861
19320
94322
-30461
-69367
73710
-11043
-48128
40324
-25859
-92697
8591
24716
-80514
-72732
28163
-19188
25929
65014
-9963
59409
-91089
-78962
109304
-5220
-14964
-91236
-58116
160411
-1440
8929
87444
-91858
-25795
24346
126799
-74419
-104615
24590
32674
-59089
101553
71667
36805
128476
-38350
158652
82518
-29793
95146
77031
-12995
-26994
4929
-200735
51864
50131
34778
-59970
-28865
-89020
-24145
39880
34683
-9019
-36150
-100427
-56978
-28823
-29209
33531
10844
84019
158315
-61905
11657
60862
-63591
-83556
-97380
3312
14522
31668
15728
-7515
-33464
135862
60284
-69522
-25316
-34621
-90037
-66830
22272
74231
9533
45201
-112204
70989
-60868
-97072
15103
8929
-3554
-97395
43413
35234
67203
8792
-25942
0
0
0
0
0
0
0
0
0
0
0
0
0
0
0
0
0
0
0
0
0
0
0
0
0
0
0
0
0
0
0
0
0
0
0
0
0
0
0
0
0
0
0
0
0
0
0
0
0
0
0
0
0
0
0
0
0
0
0
0
0
0
0
0
0
0
0
0
0
0
0
0
0
0
0
0
0
0
0
0
0
0
0
0
0
0
0
0
0
0
0
0
0
0
0
0
0
0
0
0
0
0
0
0
0
0
0
0
0
0
0
0
0
0
0
0
0
0
0
0
0
0
0
0
0
0
0
0
0
0
0
0
0
0
0
0
0
0
0
0
0
0
0
0
0
0
0
0
0
0
0
0
0
0
0
0
0
0
0
0
0
0
0
0
0
0
0
0
0
0
0
0
0
0
0
0
0
0
0
0
0
0
0
0
0
0
0
0
0
0
0
0
0
0
0
0
0
0
0
0
0
0
0
0
0
0
0
0
0
0
0
0
0
0
0
0
0
0
0
0
0
0
0
0
0
0
0
0
0
0
0
0
0
0
0
0
0
0
0
0
0
0
0
0
0
0
0
0
0
0
0
0
0
0
0
0
0
0
0
0
0
0
0
0
0
0
0
0
0
0
0
0
0
0
0
0
0
0
0
0
0
0
0
0
0
0
0
0
0
0
0
0
0
0
0
0
0
0
0
0
0
0
0
0
0
0
0
0
0
0
0
0
0
0
0
0
0
0
0
0
0
0
0
0
0
0
0
0
0
0
0
0
0
0
0
0
0
0
0
0
0
0
0
0
0
0
0
0
0
0
0
0
0
0
0
0
0
0
0
0
0
0
0
0
0
0
0
0
0
0
0
0
0
0
0
0
0
0
0
0
0
0
0
0
0
0
0
0
0
0
0
0
0
0
0
0
0
0
0
0
0
0
0
0
0
0
0
0
0
0
0
0
0
0
0
0
0
0
0
0
0
0
0
0
0
0
0
0
0
0
0
0
0
0
0
0
0
0
0
0
0
0
0
0
0
0
0
0
0
0
0
0
0
0
0
0
0
0
0
0
0
0
0
0
0
0
0
0
0
0
0
0
0
0
0
0
0
0
0
0
0
0
0
0
0
0
0
0
0
0
0
0
0
0
0
0
0
0
0
0
0
0
0
0
0
0
0
0
0
0
0
0
0
0
0
0
0
0
0
0
0
0
0
0
0
0
0
0
0
0
0
0
0
0
0
0
0
0
0
0
0
0
0
0
0
0
0
0
0
0
0
0
0
0
0
0
0
0
0
0
0
0
0
0
0
0
0
0
0
0
0
0
0
0
0
0
0
0
0
0
0
0
0
0
0
0
0
0
0
0
0
0
0
0
0
0
0
0
0
0
0
0
0
0
0
0
0
0
0
0
0
0
0
0
0
0
0
0
0
0
0
0
0
0
0
0
0
0
0
0
0
0
0
0
0
0
0
0
0
0
0
0
0
0
0
0
0
0
0
0
0
0
0
0
0
0
0
0
0
0
0
0
0
0
0
0
0
0
0
0
0
0
0
0
0
0
0
0
0
0
0
0
0
0
0
0
0
0
0
0
0
0
0
0
0
0
0
0
0
0
0
0
0
0
0
0
0
0
0
0
0
0
0
0
0
0
0
0
0
0
0
0
0
0
0
0
0
0
0
0
0
0
0
0
0
0
0
0
0
0
0
0
0
0
0
0
0
0
0
0
0
0
0
0
0
0
0
0
0
0
0
0
0
0
0
0
0
0
18220
32173
124393
-41363
-91055
1706
81447
-62288
-61206
40586
401
-2277
-16877
1923
-44008
17944
-44018
38726
6737
9511
86190
-74509
12990
52916
-22424
47032
-73444
-14422
-60922
48353
-67421
90199
-43154
-30973
20888
-86079
-1037
-34532
-20489
-32403
21624
21625
-109207
-24999
21309
47444
-125702
9512
-45247
105606
-95381
-99246
55445
49540
9436
-124496
90195
-21378
11377
115960
68689
-50132
63702
21572
60832
-41613
-45545
1103
27800
-29224
72298
16737
-17514
-105092
14197
41782
18014
79080
89219
-114566
33443
9868
-117707
120989
58137
33977
79783
26776
97984
-48264
127169
-82470
-63350
-30963
-52417
1210
-28153
-58175
76622
51173
-7419
-75383
-34241
-14761
-87190
67863
82429
-41947
-90613
-36986
36294
-90055
-42810
-36085
-51594
-55766
23629
12919
-15847
70108
35378
65557
2495
-41939
-119469
-56202
26508
38389
-38478
-14260
54893
-71958
2081
-94841
-54854
-65244
55772
13186
-44129
-31771
-52644
47539
-56927
-24652
-4847
-107824
-30925
61437
136112
8196
-20301
59721
-90588
75988
-27922
49118
15121
67699
72714
-9937
-106616
420
83077
-25901
90290
53389
44640
-122879
-87079
-29786
34348
-111835
-70074
-28976
-13513
-83988
7218
-35145
-96322
-3335
22861
18384
-46542
-131875
-59661
19619
39761
-63662
-9210
-37167
7519
-87339
124454
-68102
18938
151649
-80785
98453
-822
5420
-12511
-37785
-48148
-18726
41241
40469
-5600
60923
28825
69787
-9712
-72529
16297
-74075
-81811
-70410
33314
-19557
44893
-32020
-64050
13915
45713
-23714
11643
-97618
-47713
-39533
46510
20190
56016
-81555
32944
3164
-129470
7637
97488
62735
-86998
-46940
70217
6484
31248
13170
-12252
112144
-74830
-85010
70804
150853
95823
58292
67049
55839
26647
17573
0
0
0
0
0
0
0
0
0
0
0
0
0
0
0
0
0
0
0
0
0
0
0
0
0
0
0
0
0
0
0
0
0
0
0
0
0
0
0
0
0
0
0
0
0
0
0
0
0
0
0
0
0
0
0
0
0
0
0
0
0
0
0
0
0
0
0
0
0
0
0
0
0
0
0
0
0
0
0
0
0
0
0
0
0
0
0
0
0
0
0
0
0
0
0
0
0
0
0
0
0
0
0
0
0
0
0
0
0
0
0
0
0
0
0
0
0
0
0
0
0
0
0
0
0
0
0
0
0
0
0
0
0
0
0
0
0
0
0
0
0
0
0
0
0
0
0
0
0
0
0
0
0
0
0
0
0
0
0
0
0
0
0
0
0
0
0
0
0
0
0
0
0
0
0
0
0
0
0
0
0
0
0
0
0
0
0
0
0
0
0
0
0
0
0
0
0
0
0
0
0
0
0
0
0
0
0
0
0
0
0
0
0
0
0
0
0
0
0
0
0
0
0
0
0
0
0
0
0
0
0
0
0
0
0
0
0
0
0
0
0
0
0
0
0
0
0
0
0
0
0
0
0
0
0
0
0
0
0
0
0
0
0
0
0
0
0
0
0
0
0
0
0
0
0
0
0
0
0
0
0
0
0
0
0
0
0
0
0
0
0
0
0
0
0
0
0
0
0
0
0
0
0
0
0
0
0
0
0
0
0
0
0
0
0
0
0
0
0
0
0
0
0
0
0
0
0
0
0
0
0
0
0
0
0
0
0
0
0
0
0
0
0
0
0
0
0
0
0
0
0
0
0
0
0
0
0
0
0
0
0
0
0
0
0
0
0
0
0
0
0
0
0
0
0
0
0
0
0
0
0
0
0
0
0
0
0
0
0
0
0
0
0
0
0
0
0
0
0
0
0
0
0
0
0
0
0
0
0
0
0
0
0
0
0
0
0
0
0
0
0
0
0
0
0
0
0
0
0
0
0
0
0
0
0
0
0
0
0
0
0
0
0
0
0
0
0
0
0
0
0
0
0
0
0
0
0
0
0
0
0
0
0
0
0
0
0
0
0
0
0
0
0
0
0
0
0
0
0
0
0
0
0
0
0
0
0
0
0
0
0
0
0
0
0
0
0
0
0
0
0
0
0
0
0
0
0
0
0
0
0
0
0
0
0
0
0
0
0
0
0
0
0
0
0
0
0
0
0
0
0
0
0
0
0
0
0
0
0
0
0
0
0
0
0
0
0
0
0
0
0
0
0
0
0
0
0
0
0
0
0
0
0
0
0
0
0
0
0
0
0
0
0
0
0
0
0
0
0
0
0
0
0
0
0
0
0
0
0
0
0
0
0
0
0
0
0
0
0
0
0
0
0
0
0
0
0
0
0
0
0
0
0
0
0
0
0
0
0
0
0
0
0
0
0
0
0
0
0
0
0
0
0
0
0
0
0
0
0
0
0
0
0
0
0
0
0
0
0
0
0
0
0
0
0
0
0
0
0
0
0
0
0
0
0
0
0
0
0
0
0
0
0
0
0
0
0
0
0
0
0
0
0
0
0
0
0
0
0
0
0
0
0
0
0
0
0
0
0
0
0
0
0
0
0
0
0
0
0
0
0
0
0
0
0
0
0
0
0
0
0
0
0
0
0
0
0
0
0
0
0
0
0
0
0
0
0
0
0
0
0
0
0
0
0
0
0
0
0
0
0
0
0
0
0
0
0
0
0
0
0
0
0
0
0
0
0
0
-5091
-6867
147445
4629
-3653
-75801
40917
-18517
49496
-2476
-12033
81176
-6359
58271
-19395
84325
21171
-39439
-49042
-33889
66907
65601
111481
102474
15951
81783
-51919
66
56054
-13539
97674
-24809
111314
-194178
-33501
-49226
38993
47936
-64696
-93776
-89056
-31855
-58249
2614
-34609
-24194
14457
-146622
68983
14180
57687
86985
-1101
12219
-103247
-26431
-123206
109719
8621
-58558
-22053
47631
-31145
-36156
-62134
22203
125259
-55886
17001
-10582
114341
-180271
11916
-75221
95193
99468
-41252
-93314
9740
-62105
35977
-100031
-17914
32539
47340
53448
63803
-53507
-105369
60368
11532
13729
61068
49513
-32657
-68581
11718
137913
16446
-4823
100721
10708
34848
63547
-27821
137292
-11677
65510
71734
95353
-18447
-50493
19059
39869
-71192
-42814
-35201
88446
-1747
-23932
-34337
-50205
79642
71984
-9360
-51574
23825
63931
-7081
79142
2695
-72780
54151
-33585
-6988
12153
-39067
-8073
1674
-29335
-27614
39988
5471
63377
41355
-80533
1020
12284
33560
41234
90165
20716
16583
4814
84613
26903
26098
58618
-27097
-10265
-32782
-43090
21834
-2775
-22941
-97777
-150735
19781
-6108
-2453
68583
5193
-68214
29212
-43760
60783
-69892
1395
-40888
-77627
105414
-45858
92402
51320
137496
62487
-49978
-161807
-24929
-23164
95627
-115467
-14273
-89917
48261
31661
21001
47647
55932
-62400
-153244
1730
-89949
104649
38302
99317
-30580
-59632
4018
10011
-49254
60947
-18355
75114
131102
60736
-55775
-35638
-1064
15939
53947
-60507
-42964
63935
-98643
-75749
-80160
89602
1587
-72235
41907
56196
14077
-9006
-25035
-46653
62382
106437
-122240
9268
-60569
42863
21373
-64565
-18962
-58017
32625
-10175
24299
-177530
14615
-4979
-57664
-19493
9573
-41780
0
0
0
0
0
0
0
0
0
0
0
0
0
0
0
0
0
0
0
0
0
0
0
0
0
0
0
0
0
0
0
0
0
0
0
0
0
0
0
0
0
0
0
0
0
0
0
0
0
0
0
0
0
0
0
0
0
0
0
0
0
0
0
0
0
0
0
0
0
0
0
0
0
0
0
0
0
0
0
0
0
0
0
0
0
0
0
0
0
0
0
0
0
0
0
0
0
0
0
0
0
0
0
0
0
0
0
0
0
0
0
0
0
0
0
0
0
0
0
0
0
0
0
0
0
0
0
0
0
0
0
0
0
0
0
0
0
0
0
0
0
0
0
0
0
0
0
0
0
0
0
0
0
0
0
0
0
0
0
0
0
0
0
0
0
0
0
0
0
0
0
0
0
0
0
0
0
0
0
0
0
0
0
0
0
0
0
0
0
0
0
0
0
0
0
0
0
0
0
0
0
0
0
0
0
0
0
0
0
0
0
0
0
0
0
0
0
0
0
0
0
0
0
0
0
0
0
0
0
0
0
0
0
0
0
0
0
0
0
0
0
0
0
0
0
0
0
0
0
0
0
0
0
0
0
0
0
0
0
0
0
0
0
0
0
0
0
0
0
0
0
0
0
0
0
0
0
0
0
0
0
0
0
0
0
0
0
0
0
0
0
0
0
0
0
0
0
0
0
0
0
0
0
0
0
0
0
0
0
0
0
0
0
0
0
0
0
0
0
0
0
0
0
0
0
0
0
0
0
0
0
0
0
0
0
0
0
0
0
0
0
0
0
0
0
0
0
0
0
0
0
0
0
0
0
0
0
0
0
0
0
0
0
0
0
0
0
0
0
0
0
0
0
0
0
0
0
0
0
0
0
0
0
0
0
0
0
0
0
0
0
0
0
0
0
0
0
0
0
0
0
0
0
0
0
0
0
0
0
0
0
0
0
0
0
0
0
0
0
0
0
0
0
0
0
0
0
0
0
0
0
0
0
0
0
0
0
0
0
0
0
0
0
0
0
0
0
0
0
0
0
0
0
0
0
0
0
0
0
0
0
0
0
0
0
0
0
0
0
0
0
0
0
0
0
0
0
0
0
0
0
0
0
0
0
0
0
0
0
0
0
0
0
0
0
0
0
0
0
0
0
0
0
0
0
0
0
0
0
0
0
0
0
0
0
0
0
0
0
0
0
0
0
0
0
0
0
0
0
0
0
0
0
0
0
0
0
0
0
0
0
0
0
0
0
0
0
0
0
0
0
0
0
0
0
0
0
0
0
0
0
0
0
0
0
0
0
0
0
0
0
0
0
0
0
0
0
0
0
0
0
0
0
0
0
0
0
0
0
0
0
0
0
0
0
0
0
0
0
0
0
0
0
0
0
0
0
0
0
0
0
0
0
0
0
0
0
0
0
0
0
0
0
0
0
0
0
0
0
0
0
0
0
0
0
0
0
0
0
0
0
0
0
0
0
0
0
0
0
0
0
0
0
0
0
0
0
0
0
0
0
0
0
0
0
0
0
0
0
0
0
0
0
0
0
0
0
0
0
0
0
0
0
0
0
0
0
0
0
0
0
0
0
0
0
0
0
0
0
0
0
0
0
0
0
0
0
0
0
0
0
0
0
0
0
0
0
0
0
0
0
0
0
0
0
0
0
0
0
0
0
0
0
0
0
0
0
0
0
0
0
0
0
0
0
0
0
0
0
0
0
0
0
0
0
0
0
0
0
0
0
0
0
0
0
0
0
0
-56242
-16432
42795
41425
66386
6850
-5112
85306
-41137
-41711
-57638
11218
-96079
34087
22467
-58180
-56265
-66877
-69408
-34200
26297
-59367
18161
34967
-23866
-43814
90101
-4187
-45213
-38527
-80846
30877
-15564
-117322
-109133
29210
-1269
-33085
23814
35235
-128
-51293
14986
14423
54813
-25308
115802
32265
28027
68689
12923
37989
-7321
62980
117944
-60721
87884
-8836
-48872
-48603
-22106
-120853
26899
26167
38051
-3107
36574
-13857
18920
63924
44659
-31382
-31546
-76770
95818
77882
-9241
-44761
52767
57474
30339
-22976
-16040
-13771
-62942
48363
-11695
-64862
72780
44075
64111
-16162
18234
103269
147672
-25960
-11441
22890
-81025
-91378
24176
-36947
-57024
-10738
-16162
59241
-68632
-50036
-72790
-26775
35444
25621
-59635
83844
213579
41380
-43533
-36688
-42738
143715
-81601
-34226
42606
112324
-89630
96445
-108989
99814
-46902
26387
38066
-48863
1860
5635
-48451
-4648
91083
21854
-41778
58145
16315
-248205
3570
11777
46992
-109069
-50073
-4679
1613
-54120
72590
62428
-2934
36549
-11134
-2104
22913
59682
-15863
-15039
-17016
-22197
119738
-49978
-19417
-35028
113073
6784
59190
78612
36214
122345
-56332
-37211
41237
35297
88992
-58184
48675
49010
4242
-17002
145644
-14639
14947
-29173
77672
-7137
90380
-213676
-4163
86529
12889
111988
100337
85593
47540
-59490
-38476
-3495
68882
22036
19313
44937
-10322
44491
109006
51127
-40467
80256
-130334
54966
-91023
-69822
-39133
-83010
-33171
-79353
-99948
-75630
-39997
-86646
73230
21303
65198
-40742
-30598
64260
-30609
93785
4635
34524
-91850
40070
31899
-17638
49659
-18149
-28369
-30534
-128702
-77276
63847
-42823
-44995
81320
-22137
-4543
-115681
16114
-29024
-19925
141404
-43987
-7814
52631
0
0
0
0
0
0
0
0
0
0
0
0
0
0
0
0
0
0
0
0
0
0
0
0
0
0
0
0
0
0
0
0
0
0
0
0
0
0
0
0
0
0
0
0
0
0
0
0
0
0
0
0
0
0
0
0
0
0
0
0
0
0
0
0
0
0
0
0
0
0
0
0
0
0
0
0
0
0
0
0
0
0
0
0
0
0
0
0
0
0
0
0
0
0
0
0
0
0
0
0
0
0
0
0
0
0
0
0
0
0
0
0
0
0
0
0
0
0
0
0
0
0
0
0
0
0
0
0
0
0
0
0
0
0
0
0
0
0
0
0
0
0
0
0
0
0
0
0
0
0
0
0
0
0
0
0
0
0
0
0
0
0
0
0
0
0
0
0
0
0
0
0
0
0
0
0
0
0
0
0
0
0
0
0
0
0
0
0
0
0
0
0
0
0
0
0
0
0
0
0
0
0
0
0
0
0
0
0
0
0
0
0
0
0
0
0
0
0
0
0
0
0
0
0
0
0
0
0
0
0
0
0
0
0
0
0
0
0
0
0
0
0
0
0
0
0
0
0
0
0
0
0
0
0
0
0
0
0
0
0
0
0
0
0
0
0
0
0
0
0
0
0
0
0
0
0
0
0
0
0
0
0
0
0
0
0
0
0
0
0
0
0
0
0
0
0
0
0
0
0
0
0
0
0
0
0
0
0
0
0
0
0
0
0
0
0
0
0
0
0
0
0
0
0
0
0
0
0
0
0
0
0
0
0
0
0
0
0
0
0
0
0
0
0
0
0
0
0
0
0
0
0
0
0
0
0
0
0
0
0
0
0
0
0
0
0
0
0
0
0
0
0
0
0
0
0
0
0
0
0
0
0
0
0
0
0
0
0
0
0
0
0
0
0
0
0
0
0
0
0
0
0
0
0
0
0
0
0
0
0
0
0
0
0
0
0
0
0
0
0
0
0
0
0
0
0
0
0
0
0
0
0
0
0
0
0
0
0
0
0
0
0
0
0
0
0
0
0
0
0
0
0
0
0
0
0
0
0
0
0
0
0
0
0
0
0
0
0
0
0
0
0
0
0
0
0
0
0
0
0
0
0
0
0
0
0
0
0
0
0
0
0
0
0
0
0
0
0
0
0
0
0
0
0
0
0
0
0
0
0
0
0
0
0
0
0
0
0
0
0
0
0
0
0
0
0
0
0
0
0
0
0
0
0
0
0
0
0
0
0
0
0
0
0
0
0
0
0
0
0
0
0
0
0
0
0
0
0
0
0
0
0
0
0
0
0
0
0
0
0
0
0
0
0
0
0
0
0
0
0
0
0
0
0
0
0
0
0
0
0
0
0
0
0
0
0
0
0
0
0
0
0
0
0
0
0
0
0
0
0
0
0
0
0
0
0
0
0
0
0
0
0
0
0
0
0
0
0
0
0
0
0
0
0
0
0
0
0
0
0
0
0
0
0
0
0
0
0
0
0
0
0
0
0
0
0
0
0
0
0
0
0
0
0
0
0
0
0
0
0
0
0
0
0
0
0
0
0
0
0
0
0
0
0
0
0
0
0
0
0
0
0
0
0
0
0
0
0
0
0
0
0
0
0
0
0
0
0
0
0
0
0
0
0
0
0
0
0
0
0
0
0
0
0
0
0
0
0
0
0
0
0
0
0
0
0
0
0
0
0
0
0
0
0
0
0
0
0
0
0
0
0
0
0
0
0
0
0
0
0
0
0
0
0
0
0
0
0
-105808
44089
10064
-34007
-54102
-35509
-47156
-23339
-69082
-40845
94257
-47692
-128864
-124945
-28549
-47278
31974
-304
53562
70987
29449
71696
-54552
-9861
-136445
110493
-34189
28529
4205
6267
-59855
-10048
70213
49895
73030
-24948
99802
-40174
-15300
-59999
8938
31288
-130757
-47435
-92408
119255
38661
69313
-62560
-38652
-63256
-79324
63639
-95592
34714
-67968
-12944
-82992
-110308
-34324
43053
92340
-11100
16419
-106787
-34110
-76967
-51712
103795
10968
-41967
58516
-38013
54272
15574
-8836
95447
-43660
-36894
-10750
40980
78530
-63064
-24647
-26478
4152
-38343
41657
-97581
563
11932
27414
167769
-80589
-18655
13896
40668
-134183
-5704
83014
-56271
39304
2580
28609
62754
-21070
38750
-63602
-31154
-88030
-11780
-45690
-6513
-25676
140101
82149
62042
32185
-117633
-57493
59111
64136
-2108
-33473
-108259
156128
-46554
-64928
55517
34851
-48385
-39733
-11792
20332
26740
70109
-26387
-76246
89226
-17537
-78499
60799
-81976
134222
45438
-46445
70704
-13088
8267
-21956
143418
106735
54492
26669
134697
-48321
56752
-61404
-2906
-137538
185
97630
6310
48673
22457
3495
-1346
-4638
-27866
86385
79654
-40215
-95000
65319
161174
-50978
-98930
-20467
110272
68457
-30918
-60651
-171430
108352
-134715
69338
-73122
23468
-118844
-18019
-251
48330
17549
-14936
-80319
-80772
81419
118890
-6306
-148629
-74096
-75340
-67841
-1162
90239
-35559
-53814
-122469
81483
58614
-176207
-141221
23113
23952
63514
-30091
-49700
74355
-48084
78727
186115
47485
-3708
-57502
-61643
-110587
4233
-63190
-54133
-96133
-71493
29513
35143
70514
41206
-89443
30635
-19137
-3500
-45361
-88112
-41778
120533
158748
-62537
73802
-42099
-72812
-4900
68617
-13968
-40068
-85303
28022
-68573
8042
0
0
0
0
0
0
0
0
0
0
0
0
0
0
0
0
0
0
0
0
0
0
0
0
0
0
0
0
0
0
0
0
0
0
0
0
0
0
0
0
0
0
0
0
0
0
0
0
0
0
0
0
0
0
0
0
0
0
0
0
0
0
0
0
0
0
0
0
0
0
0
0
0
0
0
0
0
0
0
0
0
0
0
0
0
0
0
0
0
0
0
0
0
0
0
0
0
0
0
0
0
0
0
0
0
0
0
0
0
0
0
0
0
0
0
0
0
0
0
0
0
0
0
0
0
0
0
0
0
0
0
0
0
0
0
0
0
0
0
0
0
0
0
0
0
0
0
0
0
0
0
0
0
0
0
0
0
0
0
0
0
0
0
0
0
0
0
0
0
0
0
0
0
0
0
0
0
0
0
0
0
0
0
0
0
0
0
0
0
0
0
0
0
0
0
0
0
0
0
0
0
0
0
0
0
0
0
0
0
0
0
0
0
0
0
0
0
0
0
0
0
0
0
0
0
0
0
0
0
0
0
0
0
0
0
0
0
0
0
0
0
0
0
0
0
0
0
0
0
0
0
0
0
0
0
0
0
0
0
0
0
0
0
0
0
0
0
0
0
0
0
0
0
0
0
0
0
0
0
0
0
0
0
0
0
0
0
0
0
0
0
0
0
0
0
0
0
0
0
0
0
0
0
0
0
0
0
0
0
0
0
0
0
0
0
0
0
0
0
0
0
0
0
0
0
0
0
0
0
0
0
0
0
0
0
0
0
0
0
0
0
0
0
0
0
0
0
0
0
0
0
0
0
0
0
0
0
0
0
0
0
0
0
0
0
0
0
0
0
0
0
0
0
0
0
0
0
0
0
0
0
0
0
0
0
0
0
0
0
0
0
0
0
0
0
0
0
0
0
0
0
0
0
0
0
0
0
0
0
0
0
0
0
0
0
0
0
0
0
0
0
0
0
0
0
0
0
0
0
0
0
0
0
0
0
0
0
0
0
0
0
0
0
0
0
0
0
0
0
0
0
0
0
0
0
0
0
0
0
0
0
0
0
0
0
0
0
0
0
0
0
0
0
0
0
0
0
0
0
0
0
0
0
0
0
0
0
0
0
0
0
0
0
0
0
0
0
0
0
0
0
0
0
0
0
0
0
0
0
0
0
0
0
0
0
0
0
0
0
0
0
0
0
0
0
0
0
0
0
0
0
0
0
0
0
0
0
0
0
0
0
0
0
0
0
0
0
0
0
0
0
0
0
0
0
0
0
0
0
0
0
0
0
0
0
0
0
0
0
0
0
0
0
0
0
0
0
0
0
0
0
0
0
0
0
0
0
0
0
0
0
0
0
0
0
0
0
0
0
0
0
0
0
0
0
0
0
0
0
0
0
0
0
0
0
0
0
0
0
0
0
0
0
0
0
0
0
0
0
0
0
0
0
0
0
0
0
0
0
0
0
0
0
0
0
0
0
0
0
0
0
0
0
0
0
0
0
0
0
0
0
0
0
0
0
0
0
0
0
0
0
0
0
0
0
0
0
0
0
0
0
0
0
0
0
0
0
0
0
0
0
0
0
0
0
0
0
0
0
0
0
0
0
0
0
0
0
0
0
0
0
0
0
0
0
0
0
0
0
0
0
0
0
0
0
0
0
0
0
0
0
0
0
0
0
0
0
0
0
0
0
0
0
0
0
0
0
0
0
0
0
0
0
0
0
0
0
0
0
0
0
0
0
0
0
0
0
0
