47 72 15 30 65 31 9 24 81 108 97 92 124 44 23 2 61 78 66 54 94 9 101 54 21 13 72 81 7 122 101 14 109 14 51 69 53 75 41 18 39 68 26 73 42 51 45 13 63 60 97 125 57 48 78 28 118 25 26 66 66 34 121 59
60 98 113 69 77 89 2 32 41 12 28 8 31 21 85 57 56 97 9 24 61 62 75 114 2 82 96 121 46 54 25 12 6 33 21 83 106 22 47 13 93 86 110 51 82 38 40 35 5 22 9 98 84 95 59 29 96 69 4 118 78 56 42 51
88 76 5 100 1 16 87 11 43 53 77 6 117 89 31 28 45 102 72 77 52 80 112 24 52 93 108 28 122 126 92 81 94 82 80 5 75 37 2 110 34 54 46 32 116 92 2 68 58 77 99 117 91 104 95 17 105 103 125 76 65 115 24 19
70 74 68 28 17 71 26 121 126 41 65 98 25 22 4 79 105 10 18 79 95 11 1 42 21 25 32 23 68 20 45 17 102 4 7 84 110 56 4 12 82 92 65 36 89 28 121 68 31 101 47 1 68 110 96 50 127 34 82 14 98 71 110 64
37 85 16 79 44 0 2 126 127 119 69 51 52 121 125 2 110 93 46 74 90 85 5 101 104 45 94 121 60 42 55 69 113 19 46 53 40 74 65 30 101 63 89 90 57 121 54 45 109 94 23 76 88 36 40 24 28 30 106 102 1 119 11 4
60 90 55 97 77 70 36 35 73 28 79 37 84 101 40 32 92 111 122 80 12 5 65 7 118 117 63 95 99 8 22 70 94 20 0 45 61 1 103 74 100 81 43 116 87 115 127 82 4 92 127 38 127 65 80 44 74 100 12 92 118 31 108 103
42 7 73 88 58 10 27 96 38 25 71 101 25 31 45 27 115 6 34 65 21 113 21 121 2 45 49 108 7 3 14 43 109 115 38 119 75 28 72 105 103 61 83 33 25 111 84 86 17 62 51 53 87 41 92 101 101 53 51 12 31 82 80 65
81 57 38 26 77 53 78 71 72 84 42 98 51 13 90 7 34 17 54 77 51 124 71 48 7 36 107 65 80 76 117 77 40 104 72 26 19 37 125 11 41 85 100 49 102 30 76 64 101 52 116 39 72 38 9 28 39 29 1 81 27 46 31 87
101 119 77 88 88 31 26 53 95 55 30 113 23 34 29 96 54 63 32 45 90 96 32 67 124 63 29 107 78 28 61 91 95 99 29 105 106 101 123 105 11 66 14 111 9 85 60 22 10 15 48 109 79 13 5 41 16 118 94 41 116 9 45 83
48 8 78 38 1 67 51 87 81 10 36 89 71 127 21 51 4 1 4 98 31 107 18 102 114 3 86 45 82 25 121 124 49 25 70 31 110 116 96 43 25 60 87 50 58 86 37 25 123 44 30 125 69 44 30 110 60 47 103 44 108 59 60 126
51 51 75 114 80 61 25 66 78 48 101 87 114 93 43 35 52 118 43 90 21 1 6 15 87 93 43 111 109 64 117 90 72 70 68 60 29 41 90 73 24 81 70 56 94 31 49 108 74 9 21 94 40 46 13 2 87 77 52 15 118 60 27 34
103 1 60 55 97 54 17 70 48 101 41 6 3 42 79 58 48 59 5 19 30 82 115 21 84 81 31 46 33 114 26 101 43 29 32 26 118 55 22 42 82 53 94 125 67 52 82 116 101 39 59 85 8 94 9 9 29 9 57 35 81 43 56 42
111 82 106 22 3 11 123 48 23 12 123 67 90 101 102 71 89 33 8 9 124 114 64 111 113 71 73 53 42 112 58 88 94 102 121 58 66 60 102 37 98 7 127 64 4 119 114 90 108 89 42 59 117 25 10 33 104 1 20 114 25 127 75 72
104 86 105 4 8 118 49 9 112 57 9 77 35 73 55 117 61 113 36 40 127 101 47 21 86 79 60 74 116 110 114 98 47 63 116 83 36 125 40 4 99 76 51 16 89 115 107 61 51 120 122 19 102 96 93 15 6 93 65 11 42 39 0 57
2 7 89 103 74 60 84 4 103 25 84 72 16 100 114 114 65 50 118 46 39 126 91 119 26 39 0 45 10 38 17 90 46 73 99 20 27 0 13 19 115 120 72 44 60 26 121 112 55 51 67 36 81 30 48 52 38 9 8 91 91 12 17 11
71 86 113 4 6 14 66 17 37 25 124 37 58 51 32 20 16 106 61 58 119 1 63 24 40 18 37 24 38 3 2 33 105 9 112 26 111 89 90 0 43 83 51 24 73 64 79 10 67 98 120 76 84 14 56 73 63 101 10 120 95 96 124 19
99 29 121 9 53 57 78 126 28 0 57 20 14 66 32 37 18 3 75 88 97 80 57 69 11 126 78 16 0 13 118 1 3 115 65 117 89 45 49 59 103 51 96 47 38 126 69 59 29 85 26 82 73 54 69 25 41 120 114 66 115 66 51 5
112 113 9 37 123 76 101 11 45 48 117 125 90 123 120 71 62 121 68 124 99 101 42 93 59 100 28 85 77 125 73 10 34 126 22 71 20 36 27 115 94 57 52 27 41 90 103 84 72 92 123 60 78 32 54 36 46 35 114 27 9 22 91 97
4 81 118 5 124 41 46 86 27 104 12 113 24 6 65 79 57 65 35 1 112 37 73 13 26 14 84 11 114 42 96 56 103 85 101 107 115 47 60 81 43 51 61 1 92 70 30 104 124 81 72 120 71 32 4 111 77 57 76 124 10 83 22 44
26 78 93 55 125 121 58 79 108 39 17 50 60 121 110 105 22 35 37 71 55 38 92 75 81 113 82 99 96 68 125 102 27 89 106 20 61 22 20 74 105 119 102 15 61 96 90 64 107 79 4 45 63 81 40 97 43 88 105 97 14 67 50 53
67 88 104 76 41 45 24 66 34 115 111 72 77 21 111 8 23 22 60 36 44 14 56 99 126 13 51 119 83 102 35 26 16 89 40 3 2 18 40 39 57 38 6 35 82 75 19 101 75 28 93 83 67 65 46 93 22 5 17 52 21 100 67 106
74 104 34 74 97 8 30 119 120 105 95 42 98 112 74 16 50 99 65 23 109 124 14 27 2 28 125 51 53 57 44 117 76 49 21 51 52 30 70 118 111 47 117 89 30 101 101 3 34 96 66 63 82 8 45 82 55 55 82 121 25 59 127 76
85 126 111 123 71 87 89 47 57 104 104 62 119 118 57 2 6 51 113 61 119 1 32 11 47 75 52 73 124 40 116 90 81 57 67 103 22 84 35 93 111 84 86 20 71 102 54 120 55 12 123 103 21 6 23 60 4 121 49 61 54 25 114 9
10 39 101 10 111 93 3 1 76 38 80 22 44 73 76 41 102 41 28 15 66 99 59 3 99 15 40 5 41 127 56 27 99 22 124 75 41 94 11 123 95 88 63 57 50 28 18 85 87 96 99 44 103 53 109 79 65 71 12 93 64 11 112 70
111 13 41 98 91 75 103 47 120 23 64 16 37 27 32 23 110 108 125 127 69 84 108 117 3 32 118 9 120 35 76 99 111 72 30 3 121 83 7 26 35 8 42 23 36 40 103 93 25 3 115 0 19 91 44 87 91 91 68 95 117 51 93 63
20 105 79 71 75 95 24 66 25 99 80 26 116 51 62 85 117 44 57 37 34 45 126 70 2 5 124 12 45 78 89 111 32 78 61 62 55 38 59 104 110 77 126 82 91 23 49 104 32 75 73 6 45 121 61 0 78 117 64 44 83 54 65 66
99 79 53 92 107 120 99 62 53 107 102 51 53 66 36 107 11 58 121 19 86 85 31 70 85 127 43 65 77 54 15 87 70 67 51 123 36 45 40 4 65 4 62 124 2 105 7 25 73 124 97 109 122 99 52 75 83 127 28 13 111 4 121 111
26 124 67 28 2 96 29 99 8 0 111 22 66 31 87 5 76 48 14 57 52 29 75 124 39 58 62 47 98 91 123 67 6 46 42 15 21 62 45 118 44 40 24 49 66 51 85 30 36 21 26 119 1 127 21 120 52 16 111 124 55 83 87 108
30 115 42 71 120 52 4 1 120 58 3 98 33 66 111 83 72 5 57 46 4 60 104 55 101 34 118 94 12 25 85 95 123 63 78 10 61 79 46 119 123 69 109 74 57 115 9 15 11 70 102 90 87 49 14 58 69 61 82 71 115 110 61 99
49 76 53 53 96 95 27 103 50 112 73 32 0 84 68 0 116 54 84 88 83 44 72 79 91 39 109 124 112 60 35 102 112 123 23 79 13 111 122 97 87 110 74 108 99 119 0 46 75 20 72 38 2 15 67 25 118 109 53 12 60 19 82 26
1 9 59 88 18 14 102 46 112 23 15 80 59 79 81 48 3 65 48 112 30 65 53 1 60 14 124 123 59 111 42 92 97 39 95 84 29 62 23 127 43 13 27 13 55 107 33 77 118 88 11 55 60 104 60 39 19 111 41 6 78 120 72 67
30 86 69 91 75 46 50 57 21 23 33 62 59 18 23 63 126 19 115 97 110 26 57 43 92 64 118 45 99 53 119 106 38 108 109 6 53 42 19 83 24 42 84 72 126 26 91 24 35 97 65 120 8 82 78 52 20 49 15 65 25 43 28 96
