-90 0 0 0 0 0 0 0 0 0 0 0 0 0 0 0 0 0 0 0 0 0 0 0 0 0 0 0 0 0 0 0
-82 -103 0 0 0 0 0 0 0 0 0 0 0 0 0 0 0 0 0 0 0 0 0 0 0 0 0 0 0 0 0 0
74 67 -96 0 0 0 0 0 0 0 0 0 0 0 0 0 0 0 0 0 0 0 0 0 0 0 0 0 0 0 0 0
-54 74 -31 15 0 0 0 0 0 0 0 0 0 0 0 0 0 0 0 0 0 0 0 0 0 0 0 0 0 0 0 0
6 -12 -38 91 -115 0 0 0 0 0 0 0 0 0 0 0 0 0 0 0 0 0 0 0 0 0 0 0 0 0 0 0
-105 58 -98 -39 125 58 0 0 0 0 0 0 0 0 0 0 0 0 0 0 0 0 0 0 0 0 0 0 0 0 0 0
95 -43 115 -61 53 43 90 0 0 0 0 0 0 0 0 0 0 0 0 0 0 0 0 0 0 0 0 0 0 0 0 0
-85 20 -56 -60 -77 -8 -127 50 0 0 0 0 0 0 0 0 0 0 0 0 0 0 0 0 0 0 0 0 0 0 0 0
-45 4 11 39 -73 -68 28 44 -117 0 0 0 0 0 0 0 0 0 0 0 0 0 0 0 0 0 0 0 0 0 0 0
5 -49 -57 -14 -6 67 101 77 -71 -115 0 0 0 0 0 0 0 0 0 0 0 0 0 0 0 0 0 0 0 0 0 0
32 79 103 60 -63 9 49 -125 15 -119 -31 0 0 0 0 0 0 0 0 0 0 0 0 0 0 0 0 0 0 0 0 0
36 112 -77 108 -116 108 88 -10 -24 60 -123 50 0 0 0 0 0 0 0 0 0 0 0 0 0 0 0 0 0 0 0 0
96 -101 -90 -22 -42 -69 18 -33 51 -123 60 -49 -27 0 0 0 0 0 0 0 0 0 0 0 0 0 0 0 0 0 0 0
26 22 73 97 8 125 77 39 -103 59 -100 -122 -14 -90 0 0 0 0 0 0 0 0 0 0 0 0 0 0 0 0 0 0
63 11 67 55 -82 56 39 54 -84 -111 111 126 -76 -119 -127 0 0 0 0 0 0 0 0 0 0 0 0 0 0 0 0 0
-73 116 52 99 70 42 73 -86 -84 97 42 122 -20 12 45 -89 0 0 0 0 0 0 0 0 0 0 0 0 0 0 0 0
-69 61 -92 25 -48 95 6 -117 121 -112 -10 -99 6 78 -109 92 -101 0 0 0 0 0 0 0 0 0 0 0 0 0 0 0
116 2 -33 -74 -97 106 -47 -87 126 120 6 -28 60 90 103 96 77 -92 0 0 0 0 0 0 0 0 0 0 0 0 0 0
86 -57 2 -49 -31 -43 -69 53 103 124 54 -114 -110 -61 -20 11 -53 -104 32 0 0 0 0 0 0 0 0 0 0 0 0 0
-29 -64 -110 10 -51 65 -83 25 -21 25 22 -4 -13 47 -43 -77 72 102 109 41 0 0 0 0 0 0 0 0 0 0 0 0
124 73 -63 68 23 -88 82 119 -111 60 98 -30 -98 -16 31 -71 -90 -27 97 123 15 0 0 0 0 0 0 0 0 0 0 0
112 -44 82 -3 -15 15 91 -124 -13 -89 61 11 -29 -108 -5 0 -56 11 72 2 74 -97 0 0 0 0 0 0 0 0 0 0
110 106 -99 -109 -114 -3 -10 -107 55 -61 -51 -92 -18 77 -2 -70 99 -114 52 -52 -73 42 -1 0 0 0 0 0 0 0 0 0
52 69 -116 44 103 -103 -1 76 -62 -74 -52 -36 -43 101 11 -32 31 39 122 -35 -113 -113 22 -122 0 0 0 0 0 0 0 0
64 -18 -111 -115 93 68 100 -67 0 8 -17 115 75 27 -87 60 -3 100 -90 -89 -108 -45 64 -25 -39 0 0 0 0 0 0 0
-12 -98 100 -42 9 -19 -58 -28 -53 107 106 -37 -88 74 41 71 -32 -86 101 79 16 -118 -80 -28 -68 113 0 0 0 0 0 0
-100 61 29 -7 -89 -69 -101 -13 -23 -21 -111 71 -39 46 39 -100 -71 -22 -39 41 47 -110 -102 -1 -59 -42 52 0 0 0 0 0
74 -48 -70 103 -21 -87 117 118 33 3 20 -46 -118 -64 54 -104 -112 46 123 -41 -8 70 95 -80 -82 15 127 82 0 0 0 0
31 -100 -118 -58 -118 3 -80 45 -73 -32 5 11 -114 57 -9 -87 38 -93 -5 15 -123 -93 8 -53 -37 -100 -85 127 22 0 0 0
51 10 -49 -76 -35 -89 -105 82 102 81 80 -63 79 -47 4 -36 89 -40 36 112 38 -78 118 -24 -26 -14 -121 74 37 -97 0 0
-81 -44 -58 -114 15 101 -73 17 28 70 5 -53 54 46 79 -85 117 -8 97 56 -42 -127 -87 -118 86 -108 -114 104 -111 -12 -28 0
99 -52 28 -25 -82 4 12 -100 -57 -51 107 -76 22 -109 64 76 -23 22 -47 81 -29 48 -82 -34 -47 65 -11 -28 71 -30 39 -55
-30 -1 -32 0 89 87 -38 9 18 26 50 115 109 -92 97 -47 -5 100 106 -90 57 109 -65 114 112 115 122 46 59 -34 -12 -44
34 112 -35 42 57 -26 13 127 -23 41 -21 106 123 125 114 -22 98 -112 99 25 -28 -84 19 -89 -40 39 106 -115 -11 -116 -46 24
-113 -101 -47 -107 -97 -70 37 -112 79 -79 -10 18 -127 -85 -115 23 -74 114 -96 -65 -47 36 -92 125 10 43 -71 30 -73 45 -12 -40
-125 17 37 10 120 -106 15 -64 94 100 -45 -14 124 -11 -54 -86 -65 94 112 -105 43 -69 83 -29 57 85 104 91 -84 -40 -124 -5
7 -58 -94 71 -46 71 -111 16 30 40 96 -111 81 110 50 -105 15 26 76 76 -26 67 57 44 -58 85 70 -106 57 55 -43 -44
39 45 32 108 22 108 61 84 -31 34 72 -66 -74 -53 -82 -109 -49 -49 125 10 -22 34 122 54 -71 -6 -6 113 -125 106 -57 -19
86 12 -30 2 -93 -60 8 -52 20 -81 -110 126 -21 -16 -63 -58 98 45 -110 60 98 -100 -30 -46 -84 -62 -4 33 65 14 37 -110
-110 86 -12 111 -40 -89 -114 123 36 107 63 88 81 127 44 -47 -97 -69 -105 -78 95 16 48 16 122 52 81 -48 -105 98 2 7
-82 -101 -111 100 113 -19 102 -30 -102 24 8 12 -65 30 102 32 -28 -35 68 104 -126 -35 -24 35 34 -77 -52 -98 -83 -9 59 -67
-74 92 -56 109 -97 -83 -69 78 -105 -125 32 111 -25 -79 -47 4 35 -28 9 -21 -27 -41 -123 46 -120 -24 110 16 111 92 -65 78
-44 116 -23 6 98 -54 71 124 55 44 -69 -37 -30 103 -72 99 -87 78 -82 -10 67 34 -21 54 29 -37 -2 -72 -27 -118 105 -58
121 -35 109 52 75 -32 53 97 91 59 106 -12 96 -79 43 -37 65 73 -79 -68 35 41 16 13 38 -113 22 71 43 -3 99 96
-65 -8 64 -94 -32 93 116 -94 -93 73 5 89 88 59 -41 -44 -70 113 -29 54 9 -47 10 63 107 62 -80 118 33 24 -112 -67
121 26 -19 57 123 89 -6 -58 41 52 -51 -98 65 3 -32 -90 29 27 -70 -73 16 45 -68 -100 -19 68 -103 11 -7 -60 96 81
-26 -16 127 31 -60 -44 98 -23 54 -118 -14 127 4 -13 38 -32 -75 107 -73 88 -100 -43 60 -52 -94 51 -81 124 108 24 43 -94
-54 -98 111 -33 -36 -82 7 -67 122 -31 -76 103 119 127 119 2 90 -100 -79 103 -80 -27 -116 28 -65 -89 105 118 -30 -94 -62 -64
26 -1 -106 101 -93 107 -15 97 97 -59 -120 75 -107 -114 15 -16 99 -53 -51 3 -43 -79 -81 124 112 -28 111 -17 119 -116 36 -33
-126 -58 66 -109 97 -61 -16 -100 -66 13 -57 -14 57 113 -77 -25 79 17 -18 29 -16 -109 -39 124 88 -31 52 123 32 -39 22 30
-77 89 -108 -26 -97 -44 -72 -76 101 -71 -39 22 125 -50 28 11 35 -32 73 -46 125 69 103 2 9 -2 -125 -80 -2 38 75 9
-32 119 95 -105 -32 -108 118 -88 39 -51 99 106 59 53 -125 -32 -50 109 -50 -92 0 72 -68 23 89 2 -30 51 61 -45 104 50
-89 -88 -125 -14 -74 35 111 22 125 -68 -7 125 40 47 100 57 -84 -48 -54 105 -42 -25 11 -62 -25 -114 67 8 8 24 -22 56
-118 -91 13 50 -14 15 -77 19 -23 29 -34 -125 -35 103 -11 -123 33 -48 -118 -73 -67 95 5 47 -41 -16 -25 122 108 -14 -54 56
57 -53 124 -21 26 77 6 -27 2 122 6 99 -91 -12 -2 118 69 7 -72 84 66 -43 119 16 45 -2 -20 -7 -11 21 70 -70
52 -86 50 3 -111 -97 -4 92 -57 -88 61 52 112 48 -52 -67 68 -81 -124 10 -48 108 55 -30 11 -110 90 -81 115 -20 -80 59
-27 31 -119 23 -39 -113 -28 18 35 -57 39 -107 1 51 19 5 -8 -96 74 39 23 -4 -68 111 88 118 -78 -102 79 97 48 8
1 -121 101 -23 -67 34 33 -66 81 75 27 -37 -91 52 84 -36 -52 44 83 -88 -80 48 58 -104 122 -4 -93 -39 -57 -21 17 -59
-65 -72 118 -44 6 -81 119 115 26 109 8 -118 -56 118 -104 16 -45 93 113 -19 -6 126 52 -94 92 -57 -55 -16 49 124 66 -5
-47 113 97 -84 23 120 -125 127 -112 67 92 -71 -31 -19 -101 -26 -30 -111 35 62 -31 7 -54 114 -7 -106 100 -18 75 22 -54 99
-94 -123 -78 -24 -52 -32 57 103 122 115 -20 76 118 43 54 -26 34 -114 82 84 -7 -127 12 -49 15 -48 44 -43 -6 42 -83 69
78 -127 -122 -116 75 -121 -86 -52 -25 86 -115 -73 35 50 55 -101 35 -13 90 82 -91 44 54 -34 16 -73 78 -96 -78 107 -41 61
3 2 -75 74 -59 -14 66 81 -98 -111 38 119 28 -42 49 71 -49 -90 124 84 -7 60 -80 46 25 38 -85 -75 -33 104 2 -9
-13 -39 -43 -106 -11 126 -40 -68 62 55 -106 -114 86 -84 39 -13 6 12 104 7 42 -41 65 74 41 -100 -124 -78 28 -45 12 85
0 -56 -36 68 80 97 -55 10 -127 77 -44 -12 64 23 -47 1 115 -122 111 -68 -53 -77 -88 16 -69 120 43 -124 -122 -110 51 79
0 0 97 -52 -68 61 94 -84 -20 -66 -15 -2 -37 -89 -92 38 126 88 -51 -50 -58 -117 -104 50 -98 57 -20 -51 -8 33 26 85
0 0 0 -82 -102 115 22 21 -76 116 -41 50 -44 120 54 -85 111 37 21 48 71 -96 -92 -21 -55 73 95 -14 47 -9 -66 -26
0 0 0 0 55 48 85 50 -86 -119 -105 -39 77 -74 16 2 50 -98 -107 113 -51 -111 -48 20 82 -99 -86 108 -87 -79 100 -73
0 0 0 0 0 -90 -20 -16 -112 -47 99 16 -110 81 -18 80 96 -14 -62 -127 -5 -126 90 92 -65 43 51 -67 -117 -120 -42 27
0 0 0 0 0 0 78 -120 -42 28 27 65 -27 -20 -4 -101 -24 -85 -54 8 4 -92 83 101 80 -48 -55 -86 74 -103 32 -74
0 0 0 0 0 0 0 2 5 49 92 -125 -10 16 7 -113 -44 -125 53 -47 -114 96 -57 -77 -44 27 63 19 -99 77 61 -98
0 0 0 0 0 0 0 0 -119 11 2 -9 -68 111 -72 -13 -38 59 -76 3 -34 -27 -70 -59 61 10 117 69 -44 -62 -80 -82
0 0 0 0 0 0 0 0 0 125 -86 17 -42 93 -118 -20 -74 44 -121 -17 41 13 99 -127 -70 19 19 3 -40 -67 -4 62
0 0 0 0 0 0 0 0 0 0 -20 99 -45 120 66 -82 -33 -61 92 40 33 -120 -98 -22 13 -65 114 82 49 -98 -22 17
0 0 0 0 0 0 0 0 0 0 0 5 91 -24 70 -35 -25 -122 -35 -86 -24 -86 90 57 -25 46 93 -7 30 85 30 -34
0 0 0 0 0 0 0 0 0 0 0 0 -30 -9 -40 89 -79 100 -98 10 -83 94 2 -32 110 -66 47 -112 0 30 -26 -25
0 0 0 0 0 0 0 0 0 0 0 0 0 -109 41 -108 -86 100 58 63 61 -34 -56 -89 75 -98 -53 81 6 102 25 126
0 0 0 0 0 0 0 0 0 0 0 0 0 0 -57 -20 102 66 -94 -91 101 -69 -21 -126 127 114 71 63 76 -50 -126 -40
0 0 0 0 0 0 0 0 0 0 0 0 0 0 0 -89 102 76 -57 -91 -76 1 59 35 14 -82 63 -118 -49 127 -6 -77
0 0 0 0 0 0 0 0 0 0 0 0 0 0 0 0 -86 19 89 -11 -86 112 -77 107 -106 10 -80 -63 -29 66 -121 52
0 0 0 0 0 0 0 0 0 0 0 0 0 0 0 0 0 17 48 -2 81 65 -29 -22 -59 0 -78 -101 -49 66 101 119
0 0 0 0 0 0 0 0 0 0 0 0 0 0 0 0 0 0 63 53 87 35 60 -47 -39 63 74 18 124 4 -34 -21
0 0 0 0 0 0 0 0 0 0 0 0 0 0 0 0 0 0 0 -38 55 114 -108 90 -115 -1 -30 75 -110 -113 -60 83
0 0 0 0 0 0 0 0 0 0 0 0 0 0 0 0 0 0 0 0 46 -8 123 -20 -127 6 -82 -120 -90 -112 -121 -36
0 0 0 0 0 0 0 0 0 0 0 0 0 0 0 0 0 0 0 0 0 91 61 -30 2 59 58 -7 78 -31 -76 -19
0 0 0 0 0 0 0 0 0 0 0 0 0 0 0 0 0 0 0 0 0 0 -21 32 32 -121 122 -27 21 104 70 69
0 0 0 0 0 0 0 0 0 0 0 0 0 0 0 0 0 0 0 0 0 0 0 92 -82 -77 96 4 0 -29 -73 64
0 0 0 0 0 0 0 0 0 0 0 0 0 0 0 0 0 0 0 0 0 0 0 0 20 -36 -40 49 -25 -80 38 6
0 0 0 0 0 0 0 0 0 0 0 0 0 0 0 0 0 0 0 0 0 0 0 0 0 70 36 42 83 14 32 -59
0 0 0 0 0 0 0 0 0 0 0 0 0 0 0 0 0 0 0 0 0 0 0 0 0 0 8 18 -65 76 -18 -117
0 0 0 0 0 0 0 0 0 0 0 0 0 0 0 0 0 0 0 0 0 0 0 0 0 0 0 -32 -54 -39 -119 18
0 0 0 0 0 0 0 0 0 0 0 0 0 0 0 0 0 0 0 0 0 0 0 0 0 0 0 0 19 -32 61 -101
0 0 0 0 0 0 0 0 0 0 0 0 0 0 0 0 0 0 0 0 0 0 0 0 0 0 0 0 0 -96 -110 62
0 0 0 0 0 0 0 0 0 0 0 0 0 0 0 0 0 0 0 0 0 0 0 0 0 0 0 0 0 0 -2 12
0 0 0 0 0 0 0 0 0 0 0 0 0 0 0 0 0 0 0 0 0 0 0 0 0 0 0 0 0 0 0 19
0 0 0 0 0 0 0 0 0 0 0 0 0 0 0 0 0 0 0 0 0 0 0 0 0 0 0 0 0 0 0 0
