29142 21850 13727 -8227 88699 61345 21465 -20714 58612 25464 39171 -81004 11356 23533 -64569 12679 39309 -50896 27302 50746 56608 -20805 52369 -48373 22136 -6931 29817 -45063 43613 21495 -11859 -51037
55144 23990 -36847 -23859 28429 14231 -5683 -50055 46536 28411 42536 -76266 5010 33165 -21446 17792 34600 -89383 22841 58321 13919 23257 71531 -46319 -9402 -1507 60795 -15596 32642 450 -1061 3647
59607 24235 7637 -50996 38633 33749 2936 -35536 46078 -9968 6408 -94408 28683 -18114 -16584 -3731 19238 -23665 5971 31329 74930 38399 32731 -63759 -26934 12610 35867 -25578 71936 -10960 3991 -42540
34839 32199 767 -29149 40764 15639 -65065 -54007 37673 6826 23792 -29036 -380 31005 -61264 -36795 -8014 -22604 21968 24691 58752 1996 74677 -6002 -20983 -14856 48289 -42508 56224 6822 -12915 -7523
45339 25796 29654 5463 26750 33645 19946 -35608 13623 14649 32750 -82238 38865 29822 -25605 44309 31374 -16498 40823 25760 78924 -2074 91251 -17196 -6366 3297 53309 -31242 79267 -5285 3750 -29697
87989 71510 -12457 19898 54772 18946 364 -51681 69522 46535 -4495 -79368 938 80912 -76337 42336 32394 -10999 29843 36644 21432 -33027 123638 -11558 7728 -3038 71411 -49019 53363 -22393 -13048 -7829
60671 18560 2904 -10005 36073 -4144 -24154 -23917 10254 29871 45111 -102232 -8034 4264 -33226 3419 60403 -80804 24142 37692 62640 27570 82824 -3560 10729 6536 56243 -66498 35379 26477 -20330 -13633
57215 10955 52507 3971 43060 40545 -17858 -25591 73267 13123 19161 -35067 12171 76662 -39884 46168 18241 -19256 75067 11364 46256 -3146 114021 959 3121 -8225 11089 -26395 60276 33960 -38697 4197
63009 54183 47051 18550 38981 40901 -25768 -14146 54044 28784 3569 -43597 23608 41079 -56755 38172 44606 -25022 -24638 52038 12899 -691 86089 -17971 -44659 27957 -15047 -34077 73516 -25956 -29510 -15588
49993 45813 7098 11378 57592 36173 -55421 -23917 50582 10915 49858 -98145 22530 35030 -73001 12580 14756 -49114 59800 45842 55863 -10960 56530 -31294 -21476 41792 45052 -39672 34509 42942 -24390 -43458
54609 69671 26836 -8940 65877 13430 -54846 -37242 29925 -12127 39950 -68346 402 29196 -48599 3820 -7175 -12909 45733 -4275 82921 1537 63670 -2821 -31970 34293 84764 -44693 27243 -3303 4075 -33159
94489 56208 59443 -34437 60576 41629 -27943 -71975 34176 36499 4856 -58887 14294 58466 -41618 -30903 31912 -6972 24657 12350 43802 41232 72357 31880 -56144 -24281 22854 -41036 57006 19940 4029 43016
62943 30662 -3627 -8560 15710 65138 -22062 -32514 52897 29520 46474 -57729 5586 43878 -64118 36343 19079 -41820 34621 31454 7669 42740 107901 -13997 -9306 -8150 7019 -96355 26899 18553 -14140 -1974
67780 94070 32832 2364 103886 59486 -50369 -26810 58074 26268 -13249 -12153 4624 37124 -23643 2902 31025 9109 29779 46215 49867 10791 48487 -35424 -21295 -23053 54348 -47186 77855 17678 -15773 770
87357 59038 13528 -30168 62710 20511 -400 -67451 31645 28483 -11846 -67394 5684 1378 -36114 34682 66509 5362 23854 -7737 74311 -13847 87961 -21535 -22428 -4426 32590 -46138 63069 8834 25653 12369
50347 36300 15318 17125 31382 21938 -2463 -21191 24926 5142 25663 -77439 35009 46361 -22294 31116 -1154 -11916 -8082 16964 35873 -1956 74746 -14309 -23595 3091 10332 -14804 49786 9137 -39434 -10947
30943 14442 3558 -26045 49178 10059 -9443 -22063 36643 -21083 5808 -80556 12042 -2824 -1057 59777 34134 -36883 5475 27600 87369 46446 40465 -27751 -41001 14027 77526 -10231 44479 34712 -23906 -27741
47551 -3565 13646 -29689 20906 7392 5452 -51502 53672 35105 10647 -46317 15336 23877 -21223 67616 39061 -40678 43820 35163 39487 5604 79390 -18215 23179 -22026 63895 -10612 57513 -20413 -7846 -9038
59604 31863 -22970 -3446 7471 39596 11563 -33362 64719 41193 -8745 -88065 24945 37686 -44789 -18309 17020 3875 55507 6797 35872 28481 89360 -3669 -16844 -7505 14465 -49651 59555 -17443 -29236 -34336
65649 45269 8283 -14192 50909 11908 423 -28630 20422 15939 18264 -49681 -532 19646 -39157 28731 2587 -14308 2815 16034 55264 -22511 80278 -11926 -9717 33250 36828 -37524 49784 11611 6902 -8629
20024 9930 -11713 -33422 50627 11126 -41847 -35326 26488 -8217 31641 -103536 22941 26708 -22838 3969 5201 -56660 38751 69692 46564 23992 59664 -17827 -28693 -28148 71217 -37136 46105 25662 -36195 -5273
43888 38809 -11452 -20092 57219 25402 7512 -69272 45538 26157 24352 -50914 -52000 14610 -22676 6 27635 -45406 12608 29483 24171 43173 71641 -26754 9761 -50714 42967 -31730 43872 28366 887 -13216
27096 37668 -28183 -26781 73900 33995 11010 -40510 67499 16276 24910 -38747 8736 56184 -1788 58489 34858 -22282 66852 27880 38447 42528 105554 -26430 -40271 -23108 34452 -34074 51799 -17760 -22624 972
62122 60873 16510 -3681 22632 31102 7366 -23460 41949 9166 25521 -61974 11968 34433 -24166 51699 43127 23989 28585 7325 30919 -18646 125939 -37288 -6054 -39319 31500 -36586 29215 45973 16995 -12955
93664 19570 23595 -21535 69406 49460 -6838 -58093 38135 37231 -6872 -98285 16914 38896 -60413 -52172 40616 -14688 57968 27391 60925 33210 66735 -5753 -22538 -2055 41320 -49331 63255 14215 5336 9446
33696 17954 21276 -38428 65220 25976 -7625 -33262 72688 2872 11978 -104781 -7723 -111 -56999 -568 39446 -49084 21530 81784 58741 -7735 53074 -30743 -15803 59417 53078 -24760 86251 33418 -31240 -45876
70788 37012 27899 -44334 36720 11490 -39968 -25166 57327 -23542 19571 -50189 -24691 4877 -20812 -28725 20952 -34126 45377 34721 39044 39405 52285 -11282 -5413 10827 21632 -49648 22203 50436 -28147 -28505
39643 41071 17294 -32504 38159 -18977 -21915 -45472 35670 -16662 17504 -108593 9188 50597 -54886 22150 38464 -44871 34458 75298 86587 28554 52374 -30288 467 -147 81101 -17294 13834 7876 -1868 -52709
71373 51999 17550 10591 26210 7625 -26211 -40155 43501 27823 10922 -77365 1076 52537 -77820 9991 32110 -9415 34482 40899 42951 -9648 93341 -36585 7985 45296 83295 -60026 35770 3926 -2199 -28608
20458 60697 -37149 -39124 48158 -6513 -11971 -55812 46888 -44294 34271 -71148 1973 45336 -20036 1945 28923 -42810 50425 44122 54587 12585 80383 -63256 10570 5689 76664 -60980 44276 11256 14503 -31198
16295 -9918 3583 -33526 33919 39449 22790 -54773 39563 11961 12596 -54397 -19632 33761 -35138 8764 51910 -24673 72305 10518 27815 40614 60709 -15429 -1212 -19127 21486 -14804 59388 37295 16899 -16078
42220 63421 9359 -15094 44254 27181 -36135 -43940 51094 13098 16520 -80328 -14018 48664 -46704 20969 -19566 -50724 30096 26319 41863 24522 47825 -13045 -1001 25625 97139 -28741 27723 -4142 9440 -9055
