30556 93600 -84325 30191 -2785 -20720 -1978 -20442 7333 30696 22838 16898 -33071 -34590 -4550 -43560 -27705 -17797 72372 -4945 70998 -62810 40328 -43156 6404 -16062 45830 8092 60420 25940 5809 14415
7832 99786 -54807 -20487 -169 47857 -43744 1891 6378 53840 16654 -7461 -47386 -38229 -12225 -6429 -14645 -12383 57892 670 34870 -70850 12118 -15980 -27099 33420 17305 -44814 9710 60981 25897 -8613
-66 68502 -53478 25905 -63139 31013 -38437 -7427 -7757 66140 17689 41698 -88036 -28191 -44111 -15275 -31111 27015 83916 -15966 34272 -75075 -8403 2218 25795 -12125 19399 -40376 42981 37141 -31731 26224
353 94674 -57243 20952 -33849 3668 -3945 16820 -8639 20593 14399 38223 -43795 -4664 23644 -14921 -35952 -15593 34922 -6517 19808 -66248 5533 -34602 22762 5737 21739 -29168 21526 -11276 -15296 2904
32953 98294 -63533 38841 51653 32353 -2147 1927 -13189 16894 -10250 -222 -18349 -27932 -556 -57548 -51719 -34978 44972 -12735 26505 -22485 3348 -64274 -1030 36582 16059 25675 53121 43705 -9468 -47158
68813 88953 -103999 -14860 -7896 5692 13034 -64020 -20310 -10889 56825 3012 -65888 -33909 4997 19288 -64532 4662 36764 -5062 53250 -60789 9691 -30541 32463 -32560 62075 -16805 22130 47065 -32180 26115
55955 62629 -83191 45128 -10860 11927 -25507 -40557 26880 12919 -4880 5871 -24205 -35700 -19662 -7533 -35000 4153 66991 -38132 18949 -81276 23402 6084 -22659 -34991 37132 -43069 71384 49222 -5289 32926
18715 88820 -73436 8635 1541 19893 -38423 -59761 4085 20395 33627 12539 -48500 -37590 -36435 -2935 -7708 -19484 50770 5327 55341 -52273 81392 3915 1614 22404 48326 -47456 22140 28808 37247 18633
-22412 42666 -82934 13482 1122 33222 -29300 19415 -24656 23401 16465 27994 -24578 -45971 -50126 -49192 -39598 455 48711 1923 27891 -71125 29083 -15355 -44896 -577 11104 -44018 55102 15584 10243 7911
28757 50477 -69573 -201 2269 -3959 -11055 -60180 -37493 31234 68573 -3317 -34470 -47277 -12235 10290 -34754 17698 74446 7274 78920 -53506 30840 -76556 -6269 -24857 45515 -2172 57401 44020 7572 5087
9398 89452 -33040 24755 -19811 22632 -14146 -58052 -9309 -2002 60755 23454 -35668 -43612 -3162 14565 -55748 -11483 105469 10531 46061 -79332 13774 -27338 -26766 -1060 58421 -30247 -12540 33720 6641 -5746
45096 78278 -111269 35244 -42712 5269 21432 -30067 -12436 -1530 42566 20654 -38361 -50956 8540 -39361 -55019 -25317 47380 7740 35975 -74953 26802 -18475 -25558 -15246 27990 -6015 43821 9103 6456 27355
49963 112895 -100723 70336 -54734 -15768 -6523 5050 -27465 38589 67856 253 -12955 -55055 70489 -51143 -29503 6885 66145 -32192 66244 -52857 30214 -32076 -19256 -6834 17937 -33014 25659 42052 16321 36299
16003 103922 -82767 57553 -22198 15833 -47717 -14879 6541 63323 25679 23124 -43960 -67005 -10994 -42631 -44587 -35110 71563 -3797 65735 -68245 23308 -33308 -5369 -18939 31426 -13269 43087 63930 -17249 36946
50170 93264 -51536 45759 -44658 -11434 35510 -24878 -9745 -892 16216 15103 -51458 -2448 16495 6892 2124 9057 19720 12068 17207 -38586 -1199 -46718 39587 -2342 41138 -12423 42601 30021 7384 -2668
21748 133021 -58388 -13367 -43107 39931 -13481 -21212 7087 43845 -29481 7246 -42298 -23448 -23948 13317 -4617 49346 53990 28408 16428 -28565 -1250 -19444 2593 12625 -9763 -56253 4554 55486 19607 -18785
66637 86229 -79461 29151 -20497 -12104 -9859 -79450 -7027 -25282 19803 29911 -42705 -42855 -52894 -12171 -25755 29180 84659 11742 49657 -92990 1695 -91971 -13155 -50134 79269 -5713 81324 31344 -425 27230
23401 103172 -89185 57254 -17538 34976 31526 -17581 26110 6360 2609 38948 -60090 -34642 -35902 -28860 -13087 33352 47064 -25096 27860 -46600 24499 -23094 -483 -22382 38801 -14026 68220 47064 62861 9482
18971 76171 -73324 68322 -50192 -24887 -32985 -44819 1029 32108 39223 124 -57236 -60935 -30923 -13421 -7457 26955 64696 -33054 46076 -65204 19044 -60946 -615 -10955 12117 -34821 55527 22653 -9096 21889
5585 123045 -96617 67606 -62646 691 8312 -39761 16770 24154 -7539 21436 -63034 -58622 -35267 -9249 -18636 -6524 50908 3199 14410 -57756 25173 -8062 -19648 -27967 34883 -10696 17638 23799 39415 21062
47495 95858 -128609 14544 -39478 -23820 -32278 -27155 21687 8068 14020 -12763 -36183 -44788 -70171 1450 -41299 20619 9448 16812 36833 -39190 37998 -23703 16269 -61469 60295 -4133 25411 69733 45415 42536
21688 78834 -85801 22068 -26441 -36005 -10444 -41391 -49445 51098 31866 22631 -33740 -11596 -2951 -2706 -14598 14904 121724 -27517 43996 -83398 11408 -64340 -50277 -12157 -3203 -59523 11338 42422 -26089 -27852
44413 55159 -84024 36352 -18871 -2938 -20933 -73783 -30941 30904 50140 -756 5433 -16071 -27965 -12869 3760 20534 69016 -17651 24869 -30082 67563 9054 -19196 -3092 31188 -35701 22789 30197 969 7741
58205 94192 -108180 36367 -58966 6611 44587 -107074 31 -3030 10637 -12638 -44933 -73088 -20272 -4297 -40987 2262 57624 521 50730 -79698 31551 -63368 14664 -27487 55604 -32159 22689 16032 -978 32376
42282 84967 -128384 43303 -28493 -3190 -23634 -34319 22384 20971 -4377 16032 -75811 -73434 -30893 -12382 894 21345 45557 3867 10344 -84271 30513 -38865 -18466 -42867 21051 -39258 35067 37364 -30718 60294
35506 65052 -64832 15401 -22410 -16123 -40490 -31151 1957 9209 2891 6723 -43771 -21070 -34108 -26656 7874 13080 81877 -18034 -11366 -32410 39594 -64185 -61444 -23659 37527 -16168 39076 44215 15180 -1722
14230 61887 -109713 14312 3588 16478 -2384 -37741 -12890 22207 29208 37059 -58994 -57124 -1498 -10478 -59221 18782 106653 26929 51960 -73455 18003 -87324 15803 -28030 22046 23624 20880 58085 -27656 -3747
36845 57392 -85393 26269 -24424 33489 -9739 -60311 22328 7600 50595 54665 -30465 -49989 1114 -34238 -70514 -27240 68308 -31382 60726 -118832 45816 -43871 -46956 -33927 66070 -33960 95142 18233 -50699 29279
39732 83008 -49938 1349 -33906 -3425 -10510 -33420 17323 -15846 405 25484 -21769 20420 3488 19344 -23411 37068 89685 10266 43669 -69296 30352 -36901 16514 -17809 53182 -29564 32035 62881 -13709 14355
18167 101663 -80282 51249 5653 29851 -28910 25718 -29825 33454 42072 17572 -51102 -41649 -10449 -43308 -35377 -6454 72768 -27652 37551 -81394 15818 -54230 -19345 -3692 26325 -15953 49234 1957 29338 47768
16760 85383 -43180 7169 -54711 -15315 -34775 -22083 -24083 45958 18135 24852 -2252 -46997 12903 13580 -34245 -7748 100189 -7837 41529 -78413 47724 -13627 -6634 23693 10536 -73893 -11141 52449 -217 22300
67973 110604 -95496 58231 -28616 10522 -41307 -19590 -23024 50089 16770 -3639 -49896 -27163 -27852 -45986 24305 5977 109100 -21155 14386 -64711 24399 -33286 -34353 -18943 25195 -40624 50119 34439 -14394 31449
