18040 56883 -56050 -22314 11137 18039 -47965 18510 101801 -27923 -26939 -32022 12240 -25355 -8779 36668 18523 2673 45972 22387 -43074 1977 -65061 42665 -23665 3445 -45541 -31482 17259 -58428 81017 14732
2631 7859 -45235 -42543 33978 -6046 -13722 35941 101518 4393 15270 2880 -11895 -39105 -4151 81539 8425 -7219 3182 20649 -111582 35702 -80843 71775 -3005 -12677 -42806 -22147 42797 -2630 90894 54453
-19092 -987 -27498 -50985 15908 16541 -78217 14175 80531 -15399 2466 -13011 4209 -51434 5722 46740 26948 -30119 15891 28641 -79652 64916 -45526 56424 12468 2711 -29667 -44105 -18311 -37338 82162 57598
-13776 16005 -46450 -56637 -8588 19624 -53364 12300 79012 -5170 4034 35169 -58043 -32349 -16008 52665 38823 -1843 41433 33063 -54488 54100 -75225 57570 3343 -5070 -46924 -28090 -49062 17936 81698 101108
71534 23638 -34085 -86760 -3920 7716 -54913 -3009 73278 53376 -32017 -7727 -15331 -34102 -20581 57922 28982 -3370 17417 56460 -31979 25087 -66720 43452 32756 27739 -58839 -41619 10930 -8501 27450 95432
9061 4107 -25903 -51431 45896 -30695 -71968 10058 92206 -6741 -1346 -13678 -35429 -35052 4565 16103 33166 23574 32508 46485 -37336 33025 -84409 40728 14372 15746 -48625 -18709 18904 -51460 51210 72483
7675 59207 -34140 -76564 49766 20578 -72912 23642 97917 11116 -20847 -24010 -10340 -28754 -20877 58893 -1842 -24078 15389 26059 -56424 1253 -90836 44150 1150 6978 -5446 -34959 -14626 -45631 88516 49937
42295 4860 -57481 -53210 -11593 -17440 -71013 55721 67799 -12084 -527 -22168 -41906 -46774 -56097 63823 49491 6183 -16474 27842 -57285 5592 -48792 61050 45978 -36941 -24778 -35299 12396 17854 31322 71454
33318 19874 -75124 -64255 2266 25224 -66757 37677 69120 11130 15631 -50782 -57138 -59236 21212 32678 1486 2986 13952 20561 -59308 11882 -39473 35533 57858 1423 4643 -35711 23795 -46503 42924 55987
4442 12083 -23802 -40320 28558 24215 -65370 -8357 66381 -40668 -15450 -18587 -49700 -26389 -30786 19180 23334 7036 44979 75981 -29528 38353 -72294 30503 23075 -40118 -30530 -20844 -15940 -30593 77587 72011
592 46190 -84939 -64270 31550 -5151 -67837 8475 74060 9830 -29175 7209 -64859 -40516 -71522 50365 -2547 30911 13206 8450 -62014 -25334 -74980 53260 21550 -25652 -16863 -41285 -19189 -47347 57885 88937
-21633 22008 -63545 -69858 131 13576 -71388 15380 75663 33086 -7631 -12045 -19264 -63570 -46559 38894 30572 -3705 40807 -3988 -41499 24947 -54598 48543 -8138 10630 -14316 -25497 -42147 -27854 54932 75059
2874 38417 -21029 -50686 23961 -16081 -51114 40851 87215 -14448 -6468 -16884 -39709 -1937 -75018 45075 46623 4584 13714 64045 -84370 -22680 -52097 34489 -22472 -19877 -69005 45522 -15735 5330 59858 31454
21909 18428 -30412 -7417 -25347 -13718 -75288 10853 87351 5471 3139 -15412 -46857 -28048 -20576 66240 11461 -54146 20646 29612 -6639 27869 -56233 -7498 48710 532 -6190 -29159 -45576 -9637 23340 34866
-3056 10417 -44464 -74547 6951 -4004 -64424 23994 107358 6991 -12058 9071 -35251 -46464 -36281 58224 39081 -17888 32944 59852 -29770 16045 -50747 40840 6250 -10623 -58551 -389 26148 -20848 74731 77530
4881 -12589 -89678 -69635 28390 -18449 -39283 -23698 100053 11438 -26158 321 -26393 -35073 -26128 54861 73014 9042 31833 30846 -46124 31332 -96710 58458 12581 -25068 -58282 -38542 -37152 -16074 100194 126804
6274 11965 -20321 -13363 18729 -50585 -43022 -12625 98993 12781 47832 -26297 -151 -65342 -21586 56376 -454 30817 13748 50722 -80890 4415 -67993 -3453 14913 11245 -47043 -24831 -1832 -15795 33947 31057
-1562 39729 -39151 -90360 -6293 -6841 -16299 30980 74701 -4749 -21189 38255 -47770 -41931 -47595 48723 83386 16912 -16388 59890 -80578 17082 -61370 81892 24169 -17504 -32348 -66 14755 -4084 76543 106170
23467 1421 -73273 -102924 -12962 2449 -31374 21801 52542 46380 7041 25202 -54090 -20088 -41385 -7618 38472 -3985 -8980 -10515 -32076 42826 -53576 55341 29898 -19453 -28789 -11276 -41454 20804 31473 111496
-5200 33489 -30764 -68422 18702 -9641 -68441 51773 100315 -13309 -32044 1790 -34296 8773 -41979 30582 33558 6271 4145 55895 -73357 17799 -45205 22481 -3310 -1666 -36453 31742 17316 -11199 45172 67701
11741 10186 -62243 -74859 275 38861 -45050 16046 67234 28195 13180 -18094 -41273 -43068 -25267 25656 -30790 9797 16654 12111 -61629 58688 -64794 13810 17422 -30190 20442 -66756 -18134 -22930 80439 35782
43648 16799 -44648 -75714 2160 4540 -28869 7801 56719 834 16884 -41553 -27430 -47973 -18963 74180 -13497 -21039 19654 35134 -61193 -14473 -51009 41372 29873 -16738 -23214 -41337 -1618 -116 49317 46633
21130 66161 -41879 -38638 -11388 12842 -62523 16304 101333 22797 -18224 -6244 -38468 -69790 -4031 49228 -1775 -387 58804 21290 -29076 -26283 -37979 45470 37938 -256 -52122 16486 10818 -26761 -19309 54105
23686 2982 -53547 -86409 31283 48097 -21814 5993 45634 -2418 -65478 16848 -39045 -36022 -31429 18862 26930 -27485 27374 38933 -14451 -8911 -59225 44893 24784 6348 -21992 -10342 18316 -18690 58224 47393
-14793 23804 -51242 -73024 -1775 21793 -100788 13896 104633 -10499 -7494 -7015 -22485 -58569 -41667 16293 -24406 -21732 18844 7968 -15094 37457 -35690 27002 20803 -28482 -29655 18521 -11904 -19049 19938 113346
16683 20681 -89205 -29576 -9161 14647 -58672 5086 75924 -16332 -5051 -40874 -30693 -7314 -26130 5609 33623 28832 9679 14776 -39577 30472 -114576 11511 26478 -49566 -49646 -32106 -59751 -4475 71971 97656
-3682 39317 -43825 15120 7064 5335 -68562 5865 132211 11785 13742 5645 -14973 -27599 -6663 15154 -3021 45850 56242 25531 -15314 59349 -47365 -23737 -15566 -28699 -7331 7414 3038 -4743 36231 77733
-16808 38939 -67614 -58933 19568 -24076 -68123 -6297 87105 49352 -7263 -15305 -20544 -35320 -56031 17665 -11211 27956 30471 6672 -93695 11565 -41513 26988 -15823 -19817 -25830 -53997 -3910 -14698 107673 66754
11594 -5714 -65436 -65963 1584 -1935 -42779 60859 71773 26028 1853 -41110 -24938 -67361 -18746 28763 19883 1494 -19722 7989 -63255 39352 -54634 37539 -20290 -6983 -9648 -42801 -16186 11464 58712 92847
4977 26003 -48249 -46826 12446 -17573 -84072 15297 114633 21389 -20837 29537 -49626 -39989 -10815 37425 38907 -5100 41916 54436 -9844 24225 -52227 42298 17824 -22323 -77010 -68177 -21275 -4701 67962 100187
16793 28104 -18525 -53356 -2158 -41485 -5348 46490 71839 14673 -43829 894 -33047 -54097 11548 60712 55750 15831 18678 58259 -50384 20812 -54851 74713 -5375 12418 -71695 4199 -2330 12350 49463 93349
-5520 15945 -54460 -84836 40824 22960 -61812 23283 96501 45155 -43623 -15282 -12475 -48615 -5424 56609 26324 -11514 65557 50272 -42023 -17626 -72873 44070 7415 36546 -25114 26354 34625 -36900 44687 45626
