29 125 100 15 78 4 66 22 60 73 4 22 78 81 24 7 94 20 1 21 71 86 95 71 67 63 93 18 127 86 81 125 52 92 86 96 51 46 81 53 43 96 6 114 91 0 62 119 102 97 38 18 30 76 120 23 68 86 82 64 32 126 58 113
119 32 31 58 91 100 40 11 72 113 118 10 96 18 53 56 41 97 70 30 51 1 82 37 31 9 104 127 7 89 93 74 104 19 123 19 126 8 71 123 14 97 87 96 104 104 108 62 103 90 20 4 124 34 84 67 112 47 79 120 94 89 61 115
34 69 96 20 79 110 38 33 105 120 123 14 5 65 87 55 48 91 0 64 27 99 19 47 71 64 89 50 42 48 24 73 75 40 70 63 60 11 110 103 80 68 126 13 33 47 60 80 34 118 64 58 113 113 35 78 123 18 114 41 68 18 106 38
68 51 11 82 46 75 35 125 62 75 81 112 50 111 42 33 111 96 48 17 124 60 56 92 108 4 88 23 92 63 58 37 32 9 36 123 96 86 121 125 10 23 87 70 113 20 19 116 9 88 46 99 111 46 14 43 103 103 113 61 5 100 65 75
121 3 22 12 80 30 15 40 89 91 0 110 11 100 118 55 49 19 65 35 78 37 21 107 60 49 95 58 19 35 125 96 14 61 113 109 2 92 110 90 4 122 55 30 85 34 117 70 69 25 117 0 82 6 35 75 83 86 24 93 58 60 28 94
17 40 18 117 3 64 40 122 14 53 63 71 14 78 49 102 21 17 79 1 35 19 15 66 119 29 54 65 98 25 56 124 68 1 114 55 83 61 33 97 117 55 54 19 49 24 83 24 52 13 59 110 107 42 106 61 102 75 111 68 62 1 53 15
54 93 110 42 60 37 44 125 50 41 23 114 29 36 120 122 52 62 102 10 77 22 116 79 49 84 54 54 3 96 53 60 110 77 82 122 4 99 94 108 17 43 30 118 93 20 46 29 54 104 67 68 40 44 73 90 79 29 76 99 84 44 116 103
126 44 78 83 83 44 54 58 4 117 117 123 31 5 93 25 36 12 92 68 24 12 87 94 19 118 71 59 72 20 114 126 60 83 78 25 53 41 10 36 104 124 10 26 93 82 33 37 60 86 52 64 2 66 27 13 51 29 57 53 68 112 14 37
77 13 56 58 112 7 127 71 18 31 94 28 40 74 44 12 26 119 18 25 52 50 36 111 8 126 91 95 51 53 2 114 95 68 7 13 119 2 23 12 42 28 71 50 41 30 124 62 25 17 121 81 56 6 111 101 47 79 118 119 59 32 119 114
127 2 101 3 99 3 41 8 103 50 16 16 96 19 13 21 51 26 42 2 87 93 7 85 88 123 9 112 28 39 117 64 115 20 102 23 72 59 107 117 25 8 19 55 98 35 105 35 117 126 72 21 0 68 72 36 101 82 71 105 106 95 12 83
99 42 107 36 93 73 94 24 92 87 102 20 40 72 41 41 1 67 7 95 60 13 112 76 126 20 23 49 81 44 63 63 103 25 31 107 56 118 119 52 32 51 94 17 34 11 50 88 108 94 9 110 51 33 114 66 109 38 7 124 95 106 28 21
83 69 60 42 48 28 105 119 80 30 52 33 127 126 37 56 100 3 125 1 11 34 69 119 109 71 20 116 121 109 60 34 47 14 70 14 108 5 110 80 67 21 31 122 21 26 109 14 123 43 114 85 91 105 101 123 120 8 33 99 72 14 61 44
83 71 57 91 114 18 120 15 74 105 7 32 73 125 17 34 125 42 49 2 103 90 58 27 45 63 69 46 13 6 73 78 30 92 105 117 80 122 50 28 112 107 14 127 89 75 24 60 40 68 3 107 111 104 56 30 2 116 66 89 49 16 59 73
65 87 74 23 98 86 31 86 97 104 18 65 59 114 65 14 119 84 34 68 106 26 87 6 5 109 124 32 57 48 16 109 41 93 71 39 45 70 69 67 0 78 94 88 110 96 51 34 118 68 4 99 16 52 51 13 121 28 7 97 103 0 28 35
50 36 92 68 52 95 123 51 87 82 11 51 0 6 16 126 97 42 70 16 58 2 28 21 37 53 106 92 113 49 117 105 68 29 22 118 84 119 89 117 46 20 19 22 67 20 20 0 14 16 50 62 13 58 82 49 123 33 5 108 48 5 116 117
68 6 96 76 50 117 0 12 42 26 70 115 2 57 88 96 103 16 44 77 100 57 55 53 86 122 87 28 101 122 53 26 101 116 103 44 113 86 30 35 80 60 36 66 35 118 4 45 78 51 48 5 122 9 117 95 22 111 16 109 83 43 40 14
43 109 57 85 49 51 69 67 62 57 22 43 108 82 117 108 94 127 43 51 66 27 66 77 17 26 50 124 59 125 73 48 14 82 72 67 14 50 47 71 112 116 0 6 52 30 17 11 47 29 96 122 110 6 91 112 2 106 62 5 94 101 14 70
42 93 90 80 118 17 21 60 119 60 52 25 114 90 39 87 115 7 20 92 42 20 2 30 118 26 109 26 72 56 96 32 89 91 43 42 30 116 64 83 75 16 14 33 113 79 3 71 97 109 88 78 27 72 1 16 57 126 73 8 30 65 87 61
18 80 106 112 73 113 54 27 101 111 91 122 113 115 49 64 123 2 78 51 9 20 36 14 86 77 78 73 119 8 43 38 4 24 55 105 120 89 63 71 85 51 88 111 75 8 9 111 9 72 61 89 98 90 59 94 18 106 37 5 14 92 46 44
117 4 77 52 65 61 22 43 51 45 18 87 83 46 90 51 23 16 88 45 63 118 94 27 49 122 63 27 85 55 58 4 53 43 41 71 124 101 91 56 46 75 120 24 101 43 14 107 104 50 52 33 123 108 76 7 122 76 99 69 101 95 20 107
107 112 122 6 89 78 55 48 41 22 51 101 104 78 111 52 103 15 95 36 17 19 45 1 118 86 93 62 2 45 124 102 110 48 0 104 21 92 13 111 91 84 44 95 5 117 64 20 120 3 2 112 29 30 33 82 19 86 53 122 103 125 24 14
37 22 51 65 56 56 78 51 107 34 73 13 90 117 125 13 98 32 51 0 33 18 23 105 3 35 76 57 31 8 102 79 113 66 115 19 73 119 121 61 57 21 111 66 74 88 105 47 7 72 14 31 52 66 3 29 12 107 20 40 120 109 18 102
47 85 62 19 63 36 125 30 73 17 106 102 109 19 81 10 85 122 43 81 63 121 33 86 64 54 73 116 0 127 37 102 112 8 94 70 16 98 111 100 51 17 127 62 32 3 86 74 51 8 63 29 7 103 4 75 62 0 14 88 81 37 41 127
45 52 25 60 126 103 122 66 53 21 25 82 107 107 110 59 38 122 35 20 40 117 47 25 62 76 35 23 127 104 89 20 17 14 78 5 42 30 27 7 28 20 80 119 120 112 87 57 59 49 99 124 30 46 33 1 105 66 93 71 51 6 75 121
18 89 91 125 14 77 47 124 122 13 2 49 92 123 53 5 48 22 91 77 77 19 76 90 59 98 44 60 55 1 104 44 39 111 23 28 66 108 67 113 65 83 53 52 78 48 31 60 41 0 62 101 34 50 70 44 76 112 64 13 92 121 2 109
23 64 47 9 12 99 72 13 99 9 39 22 98 54 62 70 41 98 65 78 72 46 80 125 102 51 17 78 17 23 22 11 22 20 125 63 89 71 93 33 1 68 30 96 117 67 69 86 108 18 127 106 108 71 102 12 64 5 70 111 125 26 78 51
125 97 127 121 120 127 86 47 112 87 78 98 67 43 100 16 94 37 9 53 113 90 105 5 119 5 51 14 67 56 111 117 55 103 6 50 57 112 116 63 108 110 25 57 30 65 91 105 12 17 93 118 74 12 114 124 23 56 125 28 55 53 4 34
18 54 76 68 43 77 37 61 21 72 112 39 25 108 124 4 92 53 85 48 2 91 37 13 46 13 106 74 72 37 63 110 43 124 69 64 24 15 115 14 97 80 2 66 36 80 54 124 112 115 37 62 0 70 89 110 102 18 51 117 29 106 54 13
12 83 89 26 88 8 40 47 11 9 5 113 33 122 51 40 82 5 1 14 16 15 27 84 71 9 9 113 9 72 27 23 18 96 67 55 66 41 11 17 22 83 5 52 97 41 65 29 8 90 41 33 39 87 112 16 28 99 49 75 94 48 72 60
82 45 45 125 16 65 103 4 122 102 53 124 111 15 80 117 90 6 115 7 71 86 95 106 110 81 37 53 75 14 91 118 101 49 55 94 115 8 7 109 18 50 71 97 56 67 30 101 2 98 82 42 28 9 11 45 29 93 123 81 87 31 72 46
87 62 25 2 22 74 73 49 35 123 12 125 28 37 122 116 76 120 89 83 4 19 77 108 13 7 47 12 23 78 114 64 85 33 113 50 103 2 127 118 89 77 57 104 124 71 112 54 118 119 79 41 20 9 56 24 55 37 85 112 60 111 46 53
45 67 3 93 65 92 42 61 99 84 124 123 127 84 111 84 3 64 61 89 119 114 1 8 118 56 44 17 111 47 120 41 40 74 88 89 124 57 99 41 34 37 66 122 40 98 49 103 85 71 78 44 70 18 103 105 16 64 108 92 121 76 55 111
