3 78 16 36 87 101 105 104 35 57 40 7 66 29 85 51 96 127 24 51 58 29 100 66 3 92 56 62 31 86 119 82 78 50 62 79 125 86 103 109 100 0 18 100 34 62 93 80 102 112 25 12 117 85 109 22 107 106 96 90 34 11 8 97
77 100 66 107 43 60 20 6 127 96 98 10 44 31 85 118 105 82 35 117 36 74 40 76 91 48 14 12 52 106 32 71 118 31 100 117 47 67 56 61 114 81 86 92 1 76 15 117 122 7 18 31 66 114 112 31 104 84 24 52 118 80 24 32
30 35 86 122 110 107 88 48 43 47 29 12 42 110 92 15 101 90 25 74 46 36 2 25 97 96 14 65 27 124 83 37 43 52 79 109 3 71 43 118 45 83 25 95 12 124 68 43 105 52 50 12 40 10 36 59 31 44 105 17 92 78 19 43
35 68 103 36 32 81 126 18 50 31 105 21 104 121 0 53 88 19 57 34 108 69 69 60 113 62 100 112 60 120 56 2 100 94 98 118 44 14 16 14 4 85 45 10 63 91 13 38 66 54 115 41 74 93 101 4 51 21 76 43 114 114 84 58
100 24 126 115 20 91 63 104 67 92 46 126 34 86 6 55 115 51 109 45 8 57 22 2 126 60 8 124 52 67 48 88 69 47 122 81 108 6 98 30 101 55 95 98 60 91 107 4 29 21 16 9 70 67 41 26 126 6 22 74 116 7 7 100
4 70 85 99 1 87 50 65 111 11 46 105 54 25 101 119 44 61 69 86 1 25 13 81 101 56 31 61 114 122 121 77 29 12 39 30 36 44 101 127 85 58 27 121 122 60 18 42 58 15 68 43 112 65 9 46 18 83 92 88 80 50 114 12
62 108 15 117 52 34 99 58 38 66 72 103 60 49 52 45 51 123 28 4 66 73 94 74 127 80 39 104 71 115 123 1 67 61 79 104 57 104 84 68 57 34 13 14 5 15 86 123 94 105 45 62 11 40 118 18 75 108 118 76 112 1 19 118
94 8 126 20 126 7 38 36 28 82 34 108 37 89 74 99 34 67 2 108 110 11 31 46 62 25 42 106 76 43 37 28 54 51 114 18 122 34 47 104 122 90 109 125 59 30 2 34 87 51 70 50 55 98 20 0 107 52 5 102 97 81 61 88
78 46 95 105 112 49 81 30 63 28 14 57 22 37 40 74 14 86 2 82 0 87 112 74 93 113 10 59 102 64 75 3 24 71 78 42 93 124 39 95 107 98 84 94 99 90 43 71 58 127 22 61 22 105 57 54 32 76 62 102 115 59 98 60
79 75 60 94 68 113 103 107 123 88 20 2 47 9 86 80 41 98 88 65 90 45 8 122 48 3 59 89 95 28 85 46 76 86 62 30 50 40 35 116 39 94 59 14 77 98 87 29 29 26 112 39 77 44 110 74 122 46 107 89 55 53 84 8
117 110 64 107 69 0 85 114 117 12 37 112 44 104 39 94 14 49 1 52 94 25 65 74 32 81 84 58 94 25 93 102 20 48 79 70 85 70 65 36 13 71 92 107 6 37 44 21 43 80 79 96 102 34 101 59 95 116 2 117 66 71 109 94
54 8 68 27 14 112 90 105 30 58 103 81 101 112 53 67 84 46 41 22 108 85 64 88 53 117 104 91 121 100 10 62 21 53 118 88 116 84 35 57 19 15 91 55 92 49 89 103 65 126 112 73 12 14 72 26 7 69 99 49 87 66 25 35
20 76 51 10 7 56 109 45 111 77 96 1 63 123 51 64 10 5 95 78 75 63 100 92 54 43 85 109 13 82 4 98 24 49 101 72 121 70 116 81 127 1 115 9 107 1 59 44 124 7 57 118 6 98 86 71 20 96 46 0 11 74 47 127
93 3 33 86 31 124 2 91 67 56 113 75 23 32 2 3 29 69 48 29 71 81 15 52 5 23 114 91 95 88 27 20 7 35 123 8 39 84 50 0 62 116 116 67 73 25 39 2 107 121 8 31 66 3 5 72 25 1 65 113 84 85 2 34
113 58 37 32 120 14 74 73 99 13 65 44 47 43 117 36 114 28 98 116 83 84 33 58 112 116 42 32 18 7 30 10 7 24 112 19 37 6 116 76 38 106 126 73 71 105 117 106 19 80 10 15 100 41 95 89 121 51 36 51 8 34 66 94
105 6 1 24 103 75 93 117 93 92 40 74 114 51 86 80 76 96 64 123 103 76 37 66 79 41 70 53 116 66 77 63 79 3 30 124 12 26 58 64 63 24 36 113 107 74 72 123 70 13 93 23 124 66 47 125 102 90 64 37 89 69 58 105
11 53 50 37 45 98 9 8 86 93 124 51 50 21 110 72 82 71 117 67 4 82 109 81 120 28 82 5 68 57 42 119 68 122 71 90 36 106 57 108 101 126 36 81 25 41 15 21 109 22 46 66 2 11 22 110 10 105 51 110 49 56 63 126
45 28 120 69 45 15 97 50 100 10 10 62 52 124 88 57 18 31 49 121 71 54 75 40 98 69 20 116 25 119 0 80 98 26 49 113 65 99 64 9 94 120 125 36 68 40 45 116 76 44 122 125 87 26 64 112 83 7 66 48 95 122 107 120
120 88 88 113 13 61 42 26 111 95 26 67 126 113 102 74 111 47 66 24 63 118 23 8 7 102 94 120 58 16 42 94 67 3 100 7 41 48 5 72 41 71 31 14 81 86 68 113 26 96 65 122 105 101 58 27 23 50 20 30 74 49 91 111
39 67 106 105 15 75 85 98 106 62 55 79 23 98 27 120 105 92 84 111 121 88 102 30 14 110 41 98 101 121 49 85 123 4 47 12 31 66 125 78 118 90 115 90 29 5 24 27 61 21 67 14 25 62 17 72 62 61 115 67 47 49 62 68
108 5 57 117 50 11 94 46 125 8 6 28 77 50 83 111 54 95 58 55 21 99 107 17 57 39 112 88 30 55 34 25 67 105 111 83 33 75 15 122 41 4 60 43 34 107 90 127 0 97 42 31 107 102 62 32 94 123 76 108 65 29 9 22
96 38 44 119 122 28 29 33 51 102 80 21 4 10 85 31 23 10 10 16 31 82 26 31 60 24 63 63 27 39 115 90 13 127 41 120 38 1 80 0 108 31 82 124 63 77 30 57 81 115 77 110 13 87 68 15 68 53 12 123 79 78 30 68
20 126 29 22 37 28 76 31 111 61 105 90 97 44 48 32 3 17 69 63 27 107 120 57 90 126 125 89 55 19 76 91 33 112 86 9 114 93 21 4 116 43 113 125 8 42 3 41 64 97 40 63 54 89 17 15 86 45 35 89 65 43 115 4
28 125 3 110 98 85 48 71 107 84 7 121 51 115 68 20 26 37 4 84 60 7 85 17 3 3 36 126 14 37 26 84 47 45 45 47 58 117 119 3 74 18 56 18 90 103 41 91 4 47 24 66 25 73 87 61 92 108 6 43 86 109 26 41
72 107 55 2 125 12 69 58 37 84 82 88 102 67 85 68 0 49 80 72 8 127 52 87 9 83 80 76 28 35 86 26 17 17 117 8 66 6 57 78 29 72 122 60 104 90 99 81 94 16 117 52 5 38 24 41 41 58 101 37 124 30 114 28
103 8 0 79 101 86 122 71 46 75 9 15 46 42 23 102 7 74 104 25 6 78 14 47 2 15 78 88 96 13 87 117 74 2 72 69 30 118 79 74 113 16 48 2 122 82 87 54 110 127 105 71 112 99 39 121 65 86 39 29 24 6 91 104
49 122 80 95 0 90 43 99 48 6 119 2 93 0 50 97 37 42 54 56 52 99 32 106 79 61 101 10 71 51 0 13 93 84 121 20 33 101 89 104 13 117 39 121 34 41 81 19 59 8 104 114 123 108 32 48 67 3 122 47 123 15 46 25
69 36 21 105 102 6 41 29 73 120 78 5 23 65 39 120 115 14 52 84 81 4 88 35 73 114 45 22 87 44 124 9 53 69 76 84 31 42 117 120 14 65 121 122 14 114 80 19 49 5 78 124 126 16 119 25 21 72 63 75 85 57 86 36
77 87 71 89 95 120 27 95 85 48 72 66 88 102 125 75 92 66 40 45 86 86 54 81 10 99 25 71 91 81 12 35 105 103 126 127 107 63 50 75 21 59 1 55 39 27 76 96 2 125 62 97 22 54 31 83 27 123 7 2 93 88 52 93
28 110 93 97 88 80 58 23 37 27 96 61 99 50 6 22 117 45 89 77 105 27 23 6 111 99 102 78 48 2 111 1 6 120 79 20 8 11 92 23 32 77 42 81 117 4 78 122 70 88 13 115 103 35 34 107 49 87 78 10 23 74 43 50
16 124 69 84 7 78 117 115 95 121 73 27 78 11 42 81 119 36 107 126 87 62 100 117 92 62 9 77 79 36 10 114 89 103 18 51 117 17 93 31 22 116 11 57 76 20 20 92 92 113 90 28 78 46 11 57 40 18 11 22 4 121 25 116
62 51 9 85 38 22 10 91 94 71 116 127 102 47 91 15 45 46 115 94 104 47 79 68 98 116 24 76 92 90 103 80 36 101 62 28 57 124 122 97 93 30 85 109 88 125 67 98 40 49 43 8 58 89 90 26 81 93 108 58 109 94 105 2
