-53353 30702 67709 -38545 64477 -86846 10605 43347 -25404 48900 2392 16939 45360 59221 103614 10157 -27041 2707 -82354 -30272 39307 104137 -14325 15795 -48911 63324 17150 -24692 50468 -4501 -50086 -10023
-61905 505 26644 -33352 32515 -51303 15324 58587 -29151 -29159 4792 39402 -14708 -1739 119857 12899 -23422 -3702 -15171 -45898 13968 125090 -26841 3989 -56359 122305 15224 -10035 47764 51676 -60304 52813
-58969 59915 20212 -30674 37208 -76543 1353 15280 -8708 21635 -12238 -22005 21215 77935 115794 17397 -77919 -22077 -83316 -28790 51434 91164 -42315 49515 5770 97118 4623 -10438 5165 42763 923 -12640
-59354 -2293 36051 -48089 47433 -104911 -24047 47260 -20025 21332 47686 24596 45462 16356 116192 7208 8769 -13110 -75128 -12762 6418 127479 -14347 48013 -53743 64963 -4675 -9454 82273 2883 -65334 26003
-65782 48139 55010 -93031 25842 -76495 -8837 33331 21633 30195 10662 11674 44348 3172 111448 -11696 -76891 -3422 -87623 -58253 44545 114188 -25803 25512 -42544 99203 17624 -6965 41844 47649 -78680 7380
-50693 15376 38181 -12545 37581 -75449 20220 57255 -14571 10174 56667 -15533 -18956 52789 102187 25091 -4181 -47365 -41451 -72261 -492 96958 -13720 53167 -26395 138661 13064 -6392 41261 65634 -61303 5704
-37678 10718 34650 -43956 33342 -121548 -20115 12881 -24360 17189 20396 57501 58848 -1124 149548 34864 -45902 -21289 -62127 -30687 16580 123919 -24577 23481 -45012 65453 -4407 -29049 34665 43016 -69857 -1609
-67746 27646 59653 -48827 13907 -66263 15506 4853 -20574 9457 -924 58193 5967 50939 117179 31273 -75325 37677 -54470 -64878 -7978 73708 -14359 16570 -52721 105887 -10442 41350 52807 51256 -65603 5305
-62254 5623 40882 -38395 59764 -127587 5467 5209 -35147 2826 15256 23752 -2411 21489 125059 -2346 -2534 -6685 -32335 -20664 26064 79379 -25413 48238 -75690 96390 19125 -17028 48192 54236 -33763 30456
-74502 -6312 51463 -81258 -11095 -117533 -7400 6478 27 50402 27872 27719 28676 36402 135988 -1557 -51205 -2430 -85691 -54837 38868 111426 -29253 47486 -12996 106779 5961 -32216 48772 21344 -57456 8588
-28432 8067 65877 -35710 26208 -59374 -6230 41939 -19324 -8007 34032 1868 3729 51129 103482 16002 -49312 19899 -51144 -71942 31933 83714 -25334 39895 -56124 115103 -26772 -24732 56726 71965 -39685 16924
-56234 14510 31663 -29254 43088 -21708 34818 20816 10150 33501 3936 23584 6317 48841 119864 -17473 -40180 -8035 -35198 -67797 -28886 48636 -39482 14464 -44949 111001 27297 29269 36426 80787 -48633 26626
-96863 22229 58742 -71812 39257 -119356 -25849 9989 3968 35139 447 28665 11770 43938 162823 13342 -77760 -9286 -41302 -64523 -15282 103607 -96112 35536 -47606 100230 18311 18892 49773 52420 -47825 28946
-94279 26712 34438 -47740 11630 -110675 22474 -2795 -3124 18492 17459 8477 11073 26215 114336 24134 706 -9463 -40449 -25835 5526 95351 -25296 70808 -66907 70806 -45642 55759 19131 26820 -55699 13770
-55874 31792 6947 -19933 23970 -76751 -4850 40720 -16064 24506 32213 19324 -3159 44511 98293 16190 -27704 -5959 -17047 -109256 -14326 114804 -35747 -16549 -68215 87109 4874 41351 56719 98077 -78631 24888
-81420 25548 44497 -49012 59838 -114602 11779 27330 -25127 44373 1729 1891 -5132 82800 94421 41419 -26906 -6310 -60056 2443 11962 112717 -66408 16323 -40677 74110 9883 -4523 48991 14247 -27545 7354
-66144 24225 36617 -13443 2418 -134228 -17703 -23734 -11957 18027 46674 40877 24881 18698 138943 27188 -32335 -6976 -74375 3672 6973 86457 -22811 87093 -83681 85095 729 -21625 19230 46628 -61650 72031
-52089 49806 45313 -41206 41615 -91566 7162 21082 27701 -10108 83 34019 35264 12839 132241 23338 -21653 -17575 -54507 -66682 -4985 97463 -20859 51647 -82530 84142 -31914 42267 24986 57617 -78193 2046
-102797 37092 35653 -58221 54587 -121355 11008 28245 -11314 64865 23058 74348 26157 55341 94668 2581 -86468 49146 -51254 10768 33697 129524 -39346 24463 -79310 93609 -20519 30647 42065 56716 -52642 -359
-86893 50039 30527 -56328 -31449 -68654 11248 21302 -11651 14706 48540 49494 17473 9231 115051 7240 -53551 11369 -45192 -60471 24269 146482 -13004 33202 -83610 137738 -9193 22953 54605 70222 -67294 9641
-62194 26252 36561 -100010 -2960 -43791 11414 54545 208 33308 7314 63865 29064 33648 134530 7852 -45123 -4693 -7047 -53464 -22850 101432 12604 14545 -73780 97406 -15848 -27115 27887 -1924 -60904 -1240
-63903 30778 19948 -30505 47595 -109993 39619 -8127 -16822 34956 24708 16054 26159 32429 87119 10975 -51725 -3091 -53965 -37259 43317 121752 -41861 9740 -8633 93696 42987 22926 37416 46878 -57595 -26880
-69185 42590 65776 -26017 12289 -124896 -3643 -10112 -28886 617 30323 -17240 15963 72422 83638 60027 -71408 22751 -38040 -48659 28761 105748 3984 55444 -85465 100842 -12105 9320 20108 35628 -38504 5631
-86790 15727 22843 -13637 41119 -113979 28188 13842 -31250 49612 37636 29211 35200 44118 103310 14135 -11294 10316 -51807 -18021 56403 105902 -40038 49217 -69971 77664 2288 19910 15449 21962 -51133 7854
-53107 41081 8686 -11821 48134 -112022 -9189 71951 5421 14355 -29655 24927 30698 112752 115172 23090 -61830 -5463 -39906 -64353 46668 82730 -19262 27793 670 94013 45171 -2454 93615 36462 -57636 23329
-88973 57523 22365 -615 16677 -92407 44055 -11835 -64645 3134 44131 10798 -12162 78678 101558 6954 -59391 3405 -64706 -48925 55565 111444 -6236 25256 -37654 107615 12776 39412 63461 56418 -57306 7359
-50426 22823 45851 -30414 15958 -133988 7626 -8363 -37088 18298 22678 -851 25688 64978 84702 -21209 -20457 7869 -44482 -73276 -8576 122412 -24464 68696 -41854 104369 5423 1715 -11196 34466 -52428 34147
-59040 22125 2177 -53702 777 -80094 17908 24072 -24045 -5833 4333 43170 35426 28539 165771 -9616 -43391 -298 -34993 -44498 25198 94965 8742 7257 -51081 108109 66621 -22541 36180 2521 -89218 -3891
-72458 31060 58827 -29993 26986 -72491 21222 26362 -53282 28616 53633 29296 -5786 17172 112051 17370 -56708 -17751 -67943 -40706 61316 106654 -16993 26374 -50686 95802 63616 -8610 42446 46234 -68933 -7075
-33197 34707 51918 -43141 9136 -96932 -14051 -9508 -44368 1050 20589 -7364 12254 62860 129653 31351 -61025 9762 -65174 -46088 72852 99720 -8561 53885 -84053 91187 -23951 -8499 49488 44314 -52860 21377
-46049 40899 32531 -42117 -8739 -68611 19865 3733 14644 54874 20599 38516 35845 29270 86201 -827 -34060 -9810 -82112 -30766 41694 106141 -21470 39002 -44770 99547 -14456 -17031 9646 17700 -32459 -58679
-87583 23894 28135 -45700 6935 -97589 19162 10791 -29716 15636 11521 32052 5497 40996 98402 488 -35002 8065 -55785 -66408 37938 104643 -20889 48746 -60417 98774 -172 14067 29535 26177 -50473 14503
