-7440 85691 38031 -40180 -19884 29119 40442 -62922 29717 34091 -38579 48739 4007 -63982 -66756 -96103 15036 3284 10188 -62450 37773 40172 30176 33982 -44881 -15118 6867 -7617 -4143 -462 -9799 -9343
-23713 46783 43665 6256 -60952 35491 52465 -43963 -14024 2927 -50243 7595 87826 -37216 -41582 -44173 49248 5587 22661 -46818 53866 -3873 41702 42643 -20781 -66029 32000 41502 3134 -22363 -29047 30655
-38387 81413 5925 -17024 -24070 37318 39557 -61365 49986 30417 -70937 5917 21624 -20963 -43992 -36504 7436 -21964 29700 -89073 35258 -13064 16489 32358 1783 -63624 4328 84809 -9652 -3738 -61041 -12513
-24832 43016 22561 23295 -40642 17510 65670 -57217 69879 13502 -113107 20533 -22621 -34899 9024 -52320 27722 -10355 38969 -72242 44811 11409 10254 30112 26534 -38818 -22545 -17242 -40615 22429 -33837 -16852
-49133 95009 48059 -554 -63156 41925 112422 -90793 7028 70058 -93207 10640 47752 -37683 -52962 -63896 44455 -17866 88904 -70238 57843 22318 26417 54351 -17841 -97688 -12914 27478 -21567 36135 -26074 -29865
-36097 63286 -5908 1978 -22392 56930 69271 -50787 56441 18237 -33120 7801 39804 -21221 -71517 -27302 62 -38294 -1620 -43840 55832 2905 24876 77451 -20275 -81317 -6025 31579 -48071 20057 -4220 28477
1756 18589 15483 880 -28502 80890 87326 -20063 64423 14342 -9672 -21488 35988 -23254 -29840 -71296 19957 -30018 13839 -64553 34065 4595 32849 19218 -25811 -67651 935 48420 -66035 17638 -60397 20464
-30598 72723 38547 -3900 -34137 62391 81867 -44004 46662 33978 -64396 10502 -14317 -33939 -66859 -66614 54704 17361 30925 -61424 44384 4024 37281 34990 -34894 -90135 14359 55994 -32609 18886 -14786 -5391
-38356 95951 24123 12528 -31321 41996 58795 -55052 62050 58872 -77412 21717 34054 -55667 -35525 -48659 63001 -20818 44886 -87799 71006 -14798 32357 40871 978 -46804 3591 65019 24504 14261 -30561 24999
620 24085 57419 45987 -34199 81948 68219 -54774 21035 7859 -71763 7716 17691 -42359 -66259 -89520 16926 3095 15118 -97945 76175 29469 23035 76679 -13728 -73005 20738 10561 -39097 -29087 -42693 2565
-18205 50644 -13466 37507 -1593 48212 78793 -29224 34682 13275 -60490 -18616 12903 -19478 -45976 -11021 20947 -32093 58920 -91238 8622 23229 6539 14787 -30635 -22967 -26077 56268 3965 6515 -90817 4114
-16649 55683 36044 42713 12173 31164 84301 -88235 54500 37614 -61232 9461 -9057 -84011 -85085 -58808 -2791 -42749 46257 -73519 22437 10128 -12869 53648 -39561 -71399 -12267 -7467 -11420 -38208 -42587 13393
-23448 90539 14877 -3806 -17298 27168 86487 -89689 69282 -4619 -66434 -31363 38367 -29479 -47784 -24000 46160 -11920 39354 -45977 108744 -4866 37681 44245 485 -95864 -22812 4546 -38666 35381 -31559 -2767
-10278 106452 4432 3101 -46230 40296 36881 -60699 49042 8595 -30352 10150 13994 -46381 -51584 -67366 -6728 -7620 3806 -96127 -8284 -26071 33461 37961 -30739 -36303 1940 17800 -14022 10631 -4088 -28960
-40182 65257 -17129 -9841 -19080 13871 39029 -65150 50024 29404 -80536 -23740 7663 -46678 -4052 -45985 18246 -19485 32046 -35009 42295 -17358 39892 50443 17764 -106338 -11113 -27429 -21990 20510 -6268 7075
-17617 34561 -10796 -46605 1734 49897 76548 -60276 56955 38004 28838 18974 19263 -30758 -25444 -60528 -27462 -50408 13660 -58788 22621 25521 38159 -9862 -28378 -28027 -35229 38747 -13438 -30485 -16673 1116
-27650 98080 34704 -1425 -9310 52139 76552 -46195 16950 53055 -66713 5630 -57997 -54496 -63195 -76601 -9415 1372 12921 -41238 15823 -7883 12983 53552 -47147 -38449 -2373 7616 -29077 -9542 -55575 -15694
-22438 -9511 63211 -1840 -11189 77859 87381 -94141 25322 7131 -55842 -13730 42681 -44394 -26819 -42995 13599 7523 26514 -88460 41184 2121 54543 51686 -24413 -66123 24849 55667 -26617 8634 -22898 28851
-28139 62100 11111 -25933 -18138 16047 50325 -83625 14919 57614 -74110 3036 20167 -33215 -22910 -50608 -50020 -7074 62389 -66674 44461 12513 37527 62252 26033 -63581 -63831 -30526 -8622 2356 -20526 -14069
-12336 89890 54136 -30958 -81572 21438 7948 -59407 9395 3285 -78608 32120 38553 -16957 -33832 -81711 15554 -8906 19897 -71706 14123 21128 21469 20633 37444 -82570 40354 35995 -9568 -28124 10716 -2772
-8758 75925 40146 -15580 -10184 45513 29919 -64515 8098 33944 -69691 42976 9745 -29661 -33671 -74451 -48772 11186 -25480 -76838 35792 -6274 47397 75508 2103 -50972 8876 2804 3 10206 -13298 9158
-37918 32357 19067 -24795 -49752 43239 91310 -62500 56854 28239 -47477 10272 58246 -13324 -39913 -52282 20532 -27033 81092 -72045 16242 -13704 24569 46852 -10378 -84461 7564 54005 -1055 -6349 -3815 20714
-17565 50465 6483 -30678 -49383 29273 52623 -54138 26376 15352 -35655 -5803 13449 -44286 -45601 -40607 64554 815 56051 -68662 43592 34738 26536 24405 -32089 -90652 18095 -7681 -55220 -5030 1167 42640
-6138 62762 -14937 -5363 -31163 60997 74602 -43780 46276 33295 -30206 -1516 17940 -5310 -14515 -44898 -11296 -2603 54656 -76223 41499 -1425 40288 42152 -33322 -58864 -11691 -29154 -46129 779 -11290 -24390
-16091 117036 22714 -17998 -54033 44094 45765 -89815 4342 71722 -64245 11501 16180 -32105 -37916 -73780 15873 -15593 39221 -82357 47355 -8945 33621 59172 9639 -84998 49656 45400 -13413 24601 -12662 21609
2520 81741 60006 -14813 -76243 27211 40155 -101946 16459 42398 -60542 21876 68127 -38488 -24543 -56633 35426 29109 14928 -78417 78744 3102 49567 43174 -11771 -76284 -22830 -7089 -29958 6840 8395 20125
-31069 83220 21274 -7019 2880 62821 70216 -35767 18591 38350 -15275 45901 20357 -29474 -6025 -36309 20670 -11840 -1600 -45895 47933 -48200 33039 56440 -11109 -44225 -5491 -3691 -7347 20235 9092 -18467
-16024 58821 31548 2726 -46104 53379 68885 -61362 33930 -9511 -39975 29607 23843 -33693 -62624 -110280 9583 7698 -6114 -59632 -1102 21272 58714 21817 8261 -57215 5830 1291 -47178 13931 -10667 17408
-50658 62998 43301 -14394 -73248 28553 71678 -92582 55741 31565 -84694 -35801 18668 -60990 -65560 -20825 30219 -10116 102001 -76181 101596 -4529 -649 60228 -27577 -77206 -6804 32752 -20088 -15 -53813 13565
-26961 56700 32997 -16466 -27555 10857 47778 -35067 29033 8120 -25498 36047 2046 -25071 -31855 -35439 8086 -25147 -22040 -76322 24845 -24372 -17660 54482 20626 -52150 24073 25531 12851 -27962 -15420 9181
-9862 39789 22422 12751 -52469 58913 88290 -67318 13327 35278 -39489 10713 18953 -5481 -53635 -71145 48222 10155 34951 -94290 940 7419 38220 46061 -59108 -63496 -10454 37501 4355 -42306 -44838 11645
-10876 67513 37878 12284 1999 35455 67156 -111788 46668 24836 -41104 7629 32841 -65697 -60440 -19347 52622 -14452 47094 -50637 62714 4920 22150 27890 -62243 -21007 -1355 2446 6993 41882 -17306 16693
