-81937 1020 -56900 -64104 33767 -30443 28522 28035 -36898 81871 -48474 -71909 -86931 11948 -55618 60046 20783 -10398 -48080 -102727 49905 -23410 55734 40240 -38959 32001 -31786 28270 -39765 17534 22238 -52576
-90549 327 -44004 -44710 1118 -65249 26712 3714 -33172 63361 -58534 -48133 -74819 -4732 -49586 20131 17989 -7589 -62506 -98557 65405 -26923 6015 19353 4230 30924 -27221 -9367 -17074 14299 20073 -63926
-54578 -3067 -16987 5679 32753 -20873 -1253 -46511 -69287 49961 -65906 -54570 -93437 10633 -60580 46289 -13721 -14941 -79266 -106383 35334 -26638 -5599 30979 -19294 11255 24837 104822 -24921 73411 -28110 -102809
-59703 8458 -40220 -8534 14890 -17788 -17120 -33387 -60698 -13090 -18288 -106563 -80052 31512 -14374 33964 47471 -17667 -38334 -89982 61381 -11322 -40733 14184 -46425 -15623 -3926 50879 -35375 82265 413 -71037
-86353 -26991 24981 -28433 4227 -14314 -1101 11960 9181 32117 -13657 -59545 -77712 10537 -42840 2646 30075 -5173 -21813 -114943 71852 -60173 -15086 -7357 -43924 -36382 -21142 63902 -30895 4792 2807 -56183
-76716 28641 -7037 -23389 27351 72 -5707 35939 -59515 29578 -18924 -75671 -85958 16812 -3130 10306 32626 -2283 -51922 -72178 30521 -88197 -4068 49667 -30211 -11024 -9998 63800 8818 28136 -30797 -77471
-94335 20944 -47175 -62737 36741 -58366 37527 -16633 -42049 78553 -45830 -29649 -103312 25489 -77928 -10612 7455 -7920 -38921 -100576 53671 -10936 5005 50243 -40961 -11959 -18803 63570 7854 56324 37518 -46067
-70914 -12915 12587 12186 7912 -38421 2144 -15398 -55518 34791 -11782 -63070 -77572 4608 -4152 20292 3930 -951 -9804 -118747 74719 -22936 -4797 -6888 -18687 -4355 31018 37902 -8331 63683 -1118 -60703
-86410 22215 4491 -82240 12304 -37426 -18767 -10118 -62537 19969 -25325 -34307 -73206 11601 -64839 -11249 28794 15217 -12316 -98099 92125 -40700 -13432 19730 -57093 -21777 24295 96309 -13577 41157 4772 -92167
-67915 17064 -6020 3510 -7740 -41302 49541 17500 -70472 9777 -53994 -53793 -95888 -1945 -18171 -18867 15307 6691 -18710 -62168 56974 -21917 19153 -6160 194 5553 -10460 69078 23216 54550 -32559 -37458
-38390 18473 -3666 -32477 -19870 -24545 -25001 7124 -64495 47662 -65208 -52223 -80337 -2570 -45822 2041 -13479 60107 -28567 -84442 25904 -27275 -24656 20006 -45748 -21648 28335 34108 21961 52249 29199 -34112
-49637 -50079 12628 -78246 38309 -58007 -44875 5141 -75944 49871 -3301 -44226 -63773 14722 -9523 -17730 3557 56991 -71750 -64502 57912 -37022 -18892 31110 -66284 -23136 17381 50680 -16568 24212 -13356 -34960
-25971 -5326 20406 -56489 28819 -26599 -22675 27586 -80486 -20106 -23845 -46945 -67238 10654 -9760 14167 30152 48992 -9180 -73312 59312 -25323 4514 16871 -67171 -37581 10986 101572 2553 27959 28361 -55787
-46496 7873 27577 -66505 10738 -26194 -1160 393 -72864 39781 -36546 -45967 -61162 -3215 -25957 -41417 24859 31415 -55828 -95265 68405 -42451 25033 36692 -15225 -45633 -16868 106572 3167 40339 -19856 -87367
-26638 13795 14483 14489 17254 -7238 -47539 6007 -32452 47627 -31690 -62140 -46584 22456 -56787 8444 13972 25804 3154 -77582 52228 -55468 -8002 18537 -19834 -14895 11764 37176 -17996 37244 54589 -50386
-63994 -1661 -28712 -47321 32509 -34559 -17426 23994 -78754 38123 -13940 -79233 -92219 27681 -47081 5073 283 24920 -59896 -118058 67919 -35392 22431 37050 -27072 12360 -30785 62845 -17350 61538 4338 -80859
-62715 -32802 1661 -34409 -3800 -39590 -27415 3844 -34805 -3039 -18073 -57057 -83233 22978 -68617 27821 12435 -11098 -33810 -117245 62380 -35757 7343 -11804 -34349 -19496 -36941 76007 -23150 27088 6062 -81451
-50613 10053 -3045 -3703 -11441 -37594 29579 -37235 -57427 30707 -46349 -63768 -80234 7612 -78889 -16892 30673 -53278 -42898 -129735 53290 -27337 11966 -9836 -30800 9312 18448 57544 -25433 49056 11798 -88719
-50440 6887 -12706 -44685 24065 -36434 28670 16011 -38845 44876 -9288 -59532 -109751 22084 -15148 8215 44057 -22368 -52991 -101250 55594 -26218 4130 -8785 -66474 -29087 -16091 54175 -28346 22199 -34305 -55524
-78638 -11723 8979 -21311 5012 -2553 -4510 27234 -11363 27626 -22174 -73195 -82695 -14717 -24079 36729 30680 4629 -63788 -98142 34607 -60680 18467 -28252 -29243 4951 42 63461 -46966 39676 -19477 -48744
-101840 -21598 -34809 -67217 -11205 -34864 -24111 6910 -80039 26902 -26214 -41534 -85585 3216 -16995 43441 251 27096 -41227 -78861 68739 -19468 -16646 31818 -60890 2034 34635 87281 34282 31352 -5099 -48599
-36503 34840 -5540 -9521 33179 -32101 -36645 24921 -43755 35548 -34637 -64689 -63818 52200 -64312 2708 1674 -65 -41664 -123350 35296 -54912 12877 12375 4518 711 -21796 41193 -62807 23468 24808 -72036
-44433 -14120 -1178 -67969 27094 -42997 16158 -3274 -75906 61658 -61621 -38877 -77125 40895 -38875 18493 -9247 43239 12852 -83423 83991 -28664 -37531 639 -40708 -30518 34855 29261 14121 46125 -1623 -32701
-67794 38796 498 -16365 10412 -29338 -27935 35 -92046 27605 16940 -80132 -108162 33613 -58689 -7653 40970 30555 -9834 -96366 35378 -22222 -10067 33360 -85280 -49671 29883 85096 -24825 37681 28395 -47727
-95149 -13655 3404 -60385 47903 -37653 23488 -13425 -54096 30537 3207 -42980 -60163 11060 -47591 20776 -5020 -42918 -66666 -105156 64955 -53119 21321 75034 -16935 24894 7801 56292 -1005 -7564 -9988 -71087
-33198 -3669 -5870 -36242 2167 -21470 -22291 11983 -78404 28988 -34480 -76304 -74083 10378 -32353 28534 55924 23347 -47080 -83082 14679 -55251 25167 17 -10236 -15994 41574 37232 -16461 29588 -6870 -23543
-81869 37764 -37869 -11157 12826 -35595 -22433 23038 -50380 -3321 -50598 -36132 -93985 19962 -50117 46508 3024 10548 -15520 -103721 33377 -20912 -35175 27345 -43611 6713 20874 52403 26250 57352 -19245 -53883
-12127 1022 -14843 -23028 20275 -37888 -54900 40857 -110713 63526 -51828 -35050 -60181 53886 -43753 -17501 -20528 13716 -57489 -111019 65409 -61118 23244 15903 -35020 -7025 7021 81532 -28605 45606 -4108 -80577
-72234 -30410 -12045 -14722 24738 1976 -30404 41491 -37735 27904 -27725 -84213 -43154 21585 5803 25609 5062 14136 -30592 -119199 46457 -37375 -1041 33832 -28462 -1827 -4290 90858 -22137 53842 -9113 -58728
-83903 12151 -18140 -8243 -18577 -29778 -8126 -17435 -72105 80837 -29185 -72701 -109309 21787 -8081 8272 8734 -4274 -38942 -97371 51931 -34875 -22742 19279 -16043 -12568 -5306 62475 -17473 51977 -6396 -78717
-55392 -8080 5473 -33497 65976 -10421 13023 10228 -77446 18830 -24251 -35800 -32996 -71 -25071 -4231 -27646 24413 5980 -72453 76669 20152 -11772 28280 12499 -3440 -5676 82876 6605 56563 -15906 -37163
-51611 -38677 -2341 12123 13318 -20652 12119 2694 -60283 22740 -40164 -73222 -76911 -25359 -34229 29035 23003 20655 -58385 -94438 56638 -14530 -28539 16086 -26865 15086 42292 88949 16161 89304 -788 -77538
