-51066 -10170 -57568 -712 -45772 19135 45027 10086 1682 -2981 -18963 3834 -15160 35922 19768 -59723 1105 -39758 11370 -15823 -22930 -40590 -28073 -9537 -4291 -1387 -14974 43962 17616 -37719 -33376 -26328
-40653 -35081 -40284 -8659 -43993 11496 36644 22027 7928 67849 17851 -21959 11380 91885 -31218 -80797 2717 -28539 54401 -23741 -38297 -100109 -26512 -10445 -22655 -19643 31927 6073 -15406 -21993 -52543 -253
-31210 -35502 -10953 8334 -50102 4722 59363 3992 -10303 62252 -8646 13545 11702 42561 30851 -91143 5957 -37880 49273 27998 -15681 -73500 -69841 47201 26892 -19809 48212 -6587 -27023 -9012 -33291 -4292
-12371 -37077 -41162 -21380 -58231 40842 57047 24706 -7975 42971 8330 31086 -1382 58705 9848 -76547 27822 -34722 -2819 -13412 -42770 -23965 -29117 1523 16955 -26422 31989 -17165 26095 -5793 -25096 -308
34338 -30469 -54844 6715 -55437 -20121 51453 9896 -20897 44382 -572 61061 15080 71149 -9543 -116677 31996 -22140 7471 1862 -56306 -28190 2411 37876 33967 -51091 9545 -3540 34989 -2824 11935 8636
-18198 -55006 -29378 17317 -75137 -5388 81891 3920 -8830 21461 47852 -12987 -31895 66117 38312 -84565 11843 -13549 34333 -12837 -13054 -59549 6216 564 38892 -1161 60927 -20515 10637 -20007 -26579 -11360
26173 -25169 -81617 1660 -38066 -9404 55581 -19386 -18231 41435 -3644 9733 -2123 62744 7293 -116955 -11937 -31792 38307 -1761 -54467 -36679 -11568 56317 13339 -33173 -14144 22962 2193 -18876 -2628 19064
-17326 -27398 -20678 -3768 -53782 20190 51788 4330 97 41168 -8475 48620 16569 69549 -6851 -98759 21237 -34030 37725 46391 -192 -66143 -7521 -36854 20670 -23380 55281 -39040 5443 -35467 -55497 -13086
-13362 -84466 -59047 -26323 -46710 9152 67389 -21152 -25090 34738 12163 -21583 5288 72663 22344 -59307 -22697 -19782 -2332 29632 -17927 -82852 -26735 39482 24013 -18767 46276 -38896 -5535 8735 -40517 -10509
-23161 -15683 -64242 -18722 -47984 27689 76972 603 -3547 41072 -4724 70724 30023 93412 -1973 -84557 23147 1437 24065 10984 -23641 -28243 -44803 -7385 -13809 -26112 64855 -33064 -23916 -1003 -22789 1701
-13804 -40582 -50972 -21177 -77062 36104 54597 -14144 23316 1660 29212 33881 31321 29125 33151 -76414 16634 -523 27941 48541 -25592 -38164 2327 32306 360 -7760 56887 -9854 -3401 -26844 -5190 -2784
-3953 -28421 -47935 29653 -47187 176 32892 34856 13784 61423 5978 6888 21697 40160 -12641 -88412 -55214 -37783 35288 33849 7575 -36770 -45099 -8021 32093 -40544 47602 -13717 -11733 -36669 -20684 20181
-52600 -12223 -55111 -13391 -68882 25261 55453 -17215 -23641 38297 14404 29240 -4258 46367 -51111 -88971 28026 -117 2312 20690 -53064 -48498 -4980 -14367 -5291 -22775 25048 -14537 12805 19361 -52267 -12093
-6268 -14108 -13020 -8010 -48129 7664 18905 7826 -51038 23946 -15593 26214 19151 30161 -7558 -86910 19766 -54130 53575 47635 -5945 -51805 -17860 -8429 -8590 -53025 60947 -39906 -12239 -23645 -32831 6588
-12466 -18613 -39335 5452 -91318 34039 51744 -17522 51852 78638 20817 56278 28585 74855 -9498 -100618 38804 -48008 38885 2888 -40679 -39422 -42465 -20476 37725 -27262 88571 20423 1090 -30582 7845 -18246
-21825 -36360 -64687 7017 -101506 -41714 55454 -535 -48193 18550 -6428 45094 -9014 74385 4652 -112939 115 4032 59709 35423 -12039 -34974 -12008 40030 -33569 -57178 94745 -41083 -47522 -18846 6318 -10572
-21400 -2276 -52265 -34773 -83631 -36943 31908 2542 -42145 -9591 12616 51700 22889 41423 -16457 -95659 42616 8680 42598 23454 -40234 -58629 23405 -35143 -5903 -61130 15513 -23356 31102 12700 -39012 14845
-21637 -21021 -77806 -26419 -65691 31334 43638 -3369 -21493 8141 16834 3914 -4355 67421 8482 -92491 23938 -7799 49121 37666 -48504 -34805 -2023 -7239 -26734 -2522 50309 32974 -2386 -51203 -23686 -31292
-7651 -16092 -31323 7863 -100554 28896 52308 -17685 -13909 13499 14311 -12411 38627 26752 3747 -97359 17042 1243 82844 18451 -21542 -75950 6734 -19603 13231 -33341 25568 16397 10953 8201 -39004 16917
-62899 -22265 -37951 -12573 -51322 1405 24274 36656 20220 18190 5052 26863 22074 60945 -12470 -65802 9823 -38212 12458 17322 -58419 -45367 -5875 12839 10398 2211 66867 -19943 11794 -36876 -4674 -2556
-23486 -40201 -76329 -5696 -89049 1212 25367 3814 -31891 -19696 -20721 41285 37949 83227 14446 -91154 37621 954 67505 9924 -16961 -58342 -14840 -58978 -9256 -91111 53594 -202 3017 -43004 -28132 -9409
-37869 -25790 -35512 4065 -39696 -5441 14638 -25129 5397 22387 -27761 936 -893 19831 -18818 -34258 -5851 -51126 -14677 40112 6194 -18294 -50605 7955 15495 -29527 7713 -18752 23706 -35092 -24218 -11606
-5917 -14060 -70615 -27497 -59505 20686 32507 6720 -36231 1680 -30890 20804 50239 50084 -18559 -83512 37919 -17305 18203 40171 -28403 -54248 19182 -42594 -11619 -35170 66594 -20490 15331 11952 -40624 7378
-21730 3745 -77802 -1086 -71345 26607 52611 -36047 -4485 -7905 -9576 13231 4978 57717 -7901 -69826 21205 -36417 47071 36397 -77867 -83010 -7047 -7039 11587 -32369 44111 -9155 8908 -30492 -26906 -15587
10146 -63452 -77588 -13468 -85066 38180 72431 -26499 -326 44988 36415 17153 12853 83638 40401 -96411 49148 4708 24613 11874 -33284 -23447 -18846 22590 -3782 -16790 73195 11360 -16886 -726 -18400 28871
-6320 -35825 -101855 2480 -52497 -26824 45475 -7202 -10960 30090 -9228 24011 -3239 57492 -989 -129781 30676 -49125 4855 19134 -60066 -14532 3508 51024 3436 -36120 61313 8164 -4848 -6767 -24752 -8477
12432 9490 -84296 13680 -87331 4790 52341 -12461 -29672 17883 -13029 30676 -9028 27504 -14087 -98447 45684 -13742 71042 34105 -36842 -54005 -1351 12548 9002 -8082 6014 9614 -29270 -11474 -16051 45356
-46674 -11156 -52812 -2352 -47436 19223 42649 15063 -65464 16190 8757 19487 -3119 55546 1700 -109654 17495 -23922 42785 4516 -32476 -15023 -6895 -3384 18792 -20086 48480 9596 278 -2795 -60577 5510
-39970 -11468 -67866 12976 -53178 -26692 41909 2052 -41561 21211 -2185 32038 10714 60676 -2055 -97799 -25121 -43591 51184 27343 -43202 -45653 12647 39536 -6893 -40972 16166 -7157 -10190 -25680 -11730 -17784
-28250 -65993 -32476 19167 -64877 30590 29661 45760 -49385 32519 -27720 29589 -16556 80054 5633 -114615 -13450 -51001 50489 22172 -5765 -71416 -36173 24019 -18617 -25097 58811 447 -17742 -46183 -57391 -15778
5644 -21111 -29883 -2662 -56081 12015 27333 27601 -16584 23641 -8911 20762 -15638 32666 -25274 -87163 39351 -34098 34963 23661 -56975 -86794 10760 16334 12616 -36079 11303 3028 5850 -2823 -34017 15938
-34070 -23440 -39448 4127 -58040 -32262 10075 20307 -18458 -10356 -29634 23973 25561 52358 -18476 -97254 34325 -61462 35813 21532 -41398 -56948 14764 -3286 -23209 -33261 49479 -34318 -9090 -33903 -32613 -19976
