-17
-17
-17
-17
-17
-17
-17
-17
-17
-17
-17
-17
-17
-17
-17
-17
-63
102
100
-24
-79
59
-118
102
-91
95
61
122
-59
-66
-97
-15
-29
-53
-9
80
-20
-121
110
14
92
116
42
0
63
-106
69
-36
-110
-38
-23
26
42
43
108
124
-107
-104
-107
-34
-126
-95
-91
-120
121
16
-48
120
110
-21
-103
123
23
-122
26
48
53
104
75
73
-20
-110
-9
-29
-33
43
-76
-63
24
33
80
-8
62
-34
-126
46
-88
69
15
43
34
-25
-28
83
61
58
-102
19
-100
85
-64
41
-94
-66
119
118
-39
109
24
-80
-124
115
-20
97
-11
-114
-86
-88
26
93
12
13
-11
115
8
70
32
-81
78
72
-68
-25
71
2
111
-7
-88
-66
60
41
-107
-14
22
62
-51
-117
-42
-8
85
-47
-101
57
91
-18
-3
-46
-94
31
-126
-51
104
103
59
55
104
75
125
67
-117
102
-29
48
57
8
-97
16
-114
85
36
-26
-44
-24
-79
59
-29
79
73
-118
29
-68
75
-45
93
87
-91
25
-61
-53
-6
89
-73
94
91
-29
-8
-95
-22
-122
122
41
49
-118
55
-6
86
52
81
-19
-127
6
-22
-100
-92
32
56
-7
50
105
-94
-46
101
-10
41
-36
119
-81
43
-52
112
55
-35
-43
-17
47
-41
8
-39
-23
-2
-50
-93
96
-58
-33
45
-96
113
-79
-2
90
-102
-21
89
16
97
88
73
-100
-22
-63
18
-123
-9
-124
-59
-31
110
3
20
69
-3
14
53
62
56
-61
74
-74
-44
28
-14
76
25
-29
-22
-21
-24
-55
13
35
91
-21
-71
124
4
-45
-23
71
-5
-34
119
79
86
61
97
91
-91
50
116
-70
-109
-21
-2
98
38
0
87
-63
-81
-72
112
127
-71
-57
-90
49
-17
3
-78
-97
-26
-92
-79
-23
-32
-52
34
8
72
73
-114
-96
-58
-73
34
-47
-71
-86
121
-19
74
82
112
99
-62
84
-82
-14
-72
15
-35
-109
122
-73
93
41
-105
64
-24
-52
-29
123
-13
92
74
103
-99
-2
-101
10
-2
-94
-38
29
-70
-40
65
-60
-106
117
-3
42
-25
77
-7
-6
-29
-63
-122
44
48
79
-52
-103
93
107
60
-3
-50
-46
84
118
19
-112
-33
-67
96
38
97
117
-112
8
6
69
43
59
-49
117
111
86
33
-8
112
23
-23
-63
46
-75
122
36
-42
-101
31
76
-72
-23
54
-4
-73
-19
-96
-42
45
51
-30
123
94
-46
-16
-121
-33
-13
1
-92
-9
-28
-42
-45
5
87
20
41
-56
-65
3
100
-44
-99
-94
-55
-92
56
115
-41
-111
-8
-113
-59
-125
69
35
123
24
89
75
-87
68
95
-84
88
-59
84
-6
31
121
-97
-56
-71
-36
-57
-103
57
-121
-38
-23
-33
38
33
-39
-45
16
-17
100
3
-89
66
81
39
87
-97
-112
-44
27
5
60
86
40
11
21
96
-112
16
73
62
102
-96
-113
-101
-106
19
-37
-7
121
-97
-7
-16
-48
-63
-76
-21
7
92
-52
-12
-61
-103
122
-113
83
-20
-68
-121
70
-27
83
27
98
-123
-101
-11
-17
-89
-87
64
-4
-26
-36
-14
-117
117
-71
-12
-75
-110
-127
18
-57
103
-61
-49
71
17
-59
-16
2
-109
-107
-5
-106
113
103
1
-74
-42
-22
46
101
-9
-10
-126
-125
-109
33
-2
-64
-90
114
68
-79
117
-87
-1
25
29
-100
-108
-99
86
108
-29
15
-67
-99
66
115
-25
97
59
59
-96
94
120
13
-63
125
29
-119
-47
-103
75
-65
125
-94
-116
33
-39
-65
103
-67
-31
35
-53
-95
83
120
-39
-13
-123
-112
121
-25
-73
119
-123
31
-113
26
13
-107
-107
-92
-63
-44
-84
31
57
7
-13
91
-24
36
11
-1
-96
99
-45
-34
-65
-125
-90
-111
80
126
45
-3
-19
-39
-111
17
-105
-109
72
73
52
40
-68
121
94
-104
-27
-105
22
-100
-33
-115
32
-106
22
110
87
-84
-90
-77
-82
2
-79
-49
25
-108
-13
9
-17
32
-29
43
89
113
101
-44
119
33
57
89
111
-118
9
115
-45
-111
80
-35
-55
33
-72
47
-78
103
80
-114
121
34
88
9
97
22
70
-19
18
35
-65
67
-48
-69
56
-124
-122
-47
18
-13
93
-79
-11
53
-54
115
-76
61
-105
96
93
58
28
79
86
63
115
12
-71
-62
48
15
-6
-53
-89
-50
-114
58
-76
126
11
125
-8
123
103
-59
108
45
122
52
-105
91
106
-82
-29
48
-40
-73
-25
3
110
33
-71
-95
-110
86
109
-23
-85
94
-119
-127
65
116
41
-39
-64
-109
62
92
104
-33
8
19
86
-2
-60
121
39
84
12
80
5
63
-16
-81
76
-127
-18
-29
-32
84
46
-56
-46
-115
-102
88
38
-83
80
49
-72
-119
-101
-25
-126
94
-39
114
15
14
25
31
64
16
-105
93
31
61
-7
-58
-51
-54
-126
-123
125
104
110
75
-8
25
98
-34
-117
-92
-23
74
23
55
-104
-81
-23
-28
87
-56
-69
-91
42
50
75
-114
-30
100
36
-52
-57
106
-60
-96
116
-103
13
-54
-71
18
92
-74
89
-48
-31
-101
97
-12
-89
115
-73
-125
68
-94
38
20
-9
57
-28
102
35
-120
-59
-17
-17
-17
-17
-17
-17
-17
-17
-17
-17
-17
-17
-17
-17
-17
-17
