-39410
-9584
50705
34747
43987
29987
51358
6746
19776
1224
55911
2858
10200
41723
2449
-18124
-43236
23528
33286
33890
27933
5433
-19021
-6596
35316
-51505
69312
-25553
-8871
36155
59224
29577
14802
-800
-19361
38095
-9606
18556
21396
-47869
-25716
-66069
-54634
-46537
-6133
-38994
27676
-41801
-5243
10557
-40031
11943
56617
-18475
-105315
3482
9263
-51237
-10864
-20624
-54968
-68803
36693
24906
-21654
-30852
-41056
36484
11239
41411
104847
-14193
-5051
-18991
4324
27335
-86595
-36027
44276
-160
74045
12935
-28446
68364
45816
-10964
-36132
-35740
-13993
64169
-1534
53233
-6593
-14798
-18474
13169
-24174
-103464
-64680
-79541
-25558
40848
113259
11544
6861
-40222
57455
-29331
-11570
81682
-26394
62489
26835
-59294
-55490
-14521
-41145
27423
71438
38304
-79191
26137
2400
34140
-56103
32002
39040
73052
