49672
71099
226677
-206965
16792
121694
6305
98179
-52465
41410
-79056
8759
-79241
-234441
-109255
98779
109431
-107391
-10982
55551
160545
94458
20408
82682
-59936
-194237
53764
48999
118603
-146336
29940
152497
24293
105208
-18200
69016
-79031
-81352
-29893
-90126
11268
-193099
27792
86625
-242176
129972
40683
61226
-7405
132594
-11162
-59254
-12344
33403
-25401
-179233
27885
119404
-158674
-148246
160082
38337
15372
-91281
-114579
-58941
-20553
36647
15214
-71910
64257
19136
-61569
73792
-184818
-60039
81824
8208
128922
-101222
-130941
-81940
197118
94592
-96558
-205440
88272
37345
28315
44307
-86170
-130536
-1614
-64660
52322
26083
-979
214474
-67009
-20365
225621
-162591
-12107
-172450
-76983
-49344
121065
-112740
129982
94875
-74456
-171101
-156059
-101403
4477
31813
-33034
-199349
-44132
52177
-53774
-128803
-138948
-69875
20971
121623
-41960
-44166
161099
-163381
-112236
-234276
32920
-107829
-65167
-32965
-121628
46521
82798
-274267
-222539
153280
123229
89980
185633
-184939
-37479
-313045
-40237
96922
63769
31751
165521
-86537
-16595
-126324
108091
86102
-87868
94866
-2338
-133748
9536
123240
-12940
204038
42121
181154
333189
-94357
-122446
-179085
-15692
-29192
146183
44652
-2686
151531
-33643
-2250
-103017
28847
-90825
278785
-41906
25452
300650
88464
61273
-107881
-181427
223202
107577
-48135
103074
-52049
-2182
-18617
99625
158225
241589
55178
31093
-56805
15094
87915
-173786
32918
-118871
9673
-91807
34900
-93759
-89561
-42103
104962
123646
68983
-31190
119547
-59114
-74799
66492
19491
162817
33808
143288
-81337
148445
50892
131884
-222176
11899
-97662
132892
-63252
91936
139864
-42685
6699
-220850
375164
-57942
118950
-81809
-102662
198260
-52941
15095
16639
-50440
95704
10892
-5894
13246
59936
0
0
0
0
0
0
0
0
0
0
0
0
0
0
0
0
0
0
0
0
0
0
0
0
0
0
0
0
0
0
0
0
0
0
0
0
0
0
0
0
0
0
0
0
0
0
0
0
0
0
0
0
0
0
0
0
0
0
0
0
0
0
0
0
0
0
0
0
0
0
0
0
0
0
0
0
0
0
0
0
0
0
0
0
0
0
0
0
0
0
0
0
0
0
0
0
0
0
0
0
0
0
0
0
0
0
0
0
0
0
0
0
0
0
0
0
0
0
0
0
0
0
0
0
0
0
0
0
0
0
0
0
0
0
0
0
0
0
0
0
0
0
0
0
0
0
0
0
0
0
0
0
0
0
0
0
0
0
0
0
0
0
0
0
0
0
0
0
0
0
0
0
0
0
0
0
0
0
0
0
0
0
0
0
0
0
0
0
0
0
0
0
0
0
0
0
0
0
0
0
0
0
0
0
0
0
0
0
0
0
0
0
0
0
0
0
0
0
0
0
0
0
0
0
0
0
0
0
0
0
0
0
0
0
0
0
0
0
0
0
0
0
0
0
0
0
0
0
0
0
0
0
0
0
0
0
0
0
0
0
0
0
0
0
0
0
0
0
0
0
0
0
0
0
0
0
0
0
0
0
0
0
0
0
0
0
0
0
0
0
0
0
0
0
0
0
0
0
0
0
0
0
0
0
0
0
0
0
0
0
0
0
0
0
0
0
0
0
0
0
0
0
0
0
0
0
0
0
0
0
0
0
0
0
0
0
0
0
0
0
0
0
0
0
0
0
0
0
0
0
0
0
0
0
0
0
0
0
0
0
0
0
0
0
0
0
0
0
0
0
0
0
0
0
0
0
0
0
0
0
0
0
0
0
0
0
0
0
0
0
0
0
0
0
0
0
0
0
0
0
0
0
0
0
0
0
0
0
0
0
0
0
0
0
0
0
0
0
0
0
0
0
0
0
0
0
0
0
0
0
0
0
0
0
0
0
0
0
0
0
0
0
0
0
0
0
0
0
0
0
0
0
0
0
0
0
0
0
0
0
0
0
0
0
0
0
0
0
0
0
0
0
0
0
0
0
0
0
0
0
0
0
0
0
0
0
0
0
0
0
0
0
0
0
0
0
0
0
0
0
0
0
0
0
0
0
0
0
0
0
0
0
0
0
0
0
0
0
0
0
0
0
0
0
0
0
0
0
0
0
0
0
0
0
0
0
0
0
0
0
0
0
0
0
0
0
0
0
0
0
0
0
0
0
0
0
0
0
0
0
0
0
0
0
0
0
0
0
0
0
0
0
0
0
0
0
0
0
0
0
0
0
0
0
0
0
0
0
0
0
0
0
0
0
0
0
0
0
0
0
0
0
0
0
0
0
0
0
0
0
0
0
0
0
0
0
0
0
0
0
0
0
0
0
0
0
0
0
0
0
0
0
0
0
0
0
0
0
0
0
0
0
0
0
0
0
0
0
0
0
0
0
0
0
0
0
0
0
0
0
0
0
0
0
0
0
0
0
0
0
0
0
0
0
0
0
0
0
0
0
0
0
0
0
0
0
0
0
0
0
0
0
0
0
0
0
0
0
0
0
0
0
0
0
0
0
0
0
0
0
0
0
0
0
0
0
0
0
0
0
0
0
0
0
0
0
0
0
0
0
0
0
0
0
0
0
0
0
0
0
0
0
0
0
0
0
0
0
0
0
0
0
0
0
0
0
0
0
0
0
0
0
0
0
0
0
0
0
105671
174183
102383
32142
181226
253939
-4243
-25332
103462
89855
-8070
-171684
-165632
-205162
27328
37710
12978
59102
149414
2489
77836
220131
155778
-54232
44569
-175786
-257038
23528
-139444
60356
111975
119714
125554
217157
-114147
81706
17804
-1646
-61208
69601
-145996
245082
41267
98113
-62472
59733
107343
30134
-85355
-127983
191289
-129808
-83517
27732
90671
-26984
346364
75027
-7435
-200711
42711
130003
116524
148119
-42764
-177088
11008
-108067
-19962
149500
254797
-104242
-93784
11581
75867
-64808
-51110
108482
27695
-25281
94198
-179009
34192
4355
-66910
-40025
218051
-53379
241882
-137962
-82454
72646
77977
160314
-114321
118195
92749
26726
183408
-154714
-125089
12285
44075
-977
55564
112150
-68440
-227169
56381
250486
-119497
-30278
-32340
-188789
-98312
-120904
-91867
-40969
65299
-27026
-16240
123882
-47862
68053
93634
13139
-169412
-29122
-41228
72093
-137001
140687
-38765
55811
180293
67690
113393
-144048
-72574
143533
35865
61212
23475
-48715
-156636
-28318
-82834
57869
-64405
2900
26551
-130518
-119866
-108978
111794
136724
65116
-42911
-98142
224297
-89708
-187860
-46593
-210100
54464
39125
-10780
130426
-43264
-236648
-163665
148949
-241877
11436
-15275
-215588
-100484
-17055
-27298
-214119
93855
50782
-84158
-51925
-94972
-234129
-178916
-114251
18183
-93548
37307
-106229
-64460
64180
-24346
-180318
135097
-52018
5452
-16237
-94436
143628
-7982
-61764
109356
47557
176470
65918
-27684
-235172
-142580
152111
31017
12762
-30642
-227731
-261494
-97992
189480
-25876
-51491
-147328
138006
-144848
30387
-89470
-82200
133923
15990
-30274
-36769
-98706
-7633
42586
-106060
-22616
119888
-50781
51847
85757
69593
190606
38950
-117492
40336
-28406
-53846
144649
-74893
281395
-139980
71962
199106
-2020
131014
30969
0
0
0
0
0
0
0
0
0
0
0
0
0
0
0
0
0
0
0
0
0
0
0
0
0
0
0
0
0
0
0
0
0
0
0
0
0
0
0
0
0
0
0
0
0
0
0
0
0
0
0
0
0
0
0
0
0
0
0
0
0
0
0
0
0
0
0
0
0
0
0
0
0
0
0
0
0
0
0
0
0
0
0
0
0
0
0
0
0
0
0
0
0
0
0
0
0
0
0
0
0
0
0
0
0
0
0
0
0
0
0
0
0
0
0
0
0
0
0
0
0
0
0
0
0
0
0
0
0
0
0
0
0
0
0
0
0
0
0
0
0
0
0
0
0
0
0
0
0
0
0
0
0
0
0
0
0
0
0
0
0
0
0
0
0
0
0
0
0
0
0
0
0
0
0
0
0
0
0
0
0
0
0
0
0
0
0
0
0
0
0
0
0
0
0
0
0
0
0
0
0
0
0
0
0
0
0
0
0
0
0
0
0
0
0
0
0
0
0
0
0
0
0
0
0
0
0
0
0
0
0
0
0
0
0
0
0
0
0
0
0
0
0
0
0
0
0
0
0
0
0
0
0
0
0
0
0
0
0
0
0
0
0
0
0
0
0
0
0
0
0
0
0
0
0
0
0
0
0
0
0
0
0
0
0
0
0
0
0
0
0
0
0
0
0
0
0
0
0
0
0
0
0
0
0
0
0
0
0
0
0
0
0
0
0
0
0
0
0
0
0
0
0
0
0
0
0
0
0
0
0
0
0
0
0
0
0
0
0
0
0
0
0
0
0
0
0
0
0
0
0
0
0
0
0
0
0
0
0
0
0
0
0
0
0
0
0
0
0
0
0
0
0
0
0
0
0
0
0
0
0
0
0
0
0
0
0
0
0
0
0
0
0
0
0
0
0
0
0
0
0
0
0
0
0
0
0
0
0
0
0
0
0
0
0
0
0
0
0
0
0
0
0
0
0
0
0
0
0
0
0
0
0
0
0
0
0
0
0
0
0
0
0
0
0
0
0
0
0
0
0
0
0
0
0
0
0
0
0
0
0
0
0
0
0
0
0
0
0
0
0
0
0
0
0
0
0
0
0
0
0
0
0
0
0
0
0
0
0
0
0
0
0
0
0
0
0
0
0
0
0
0
0
0
0
0
0
0
0
0
0
0
0
0
0
0
0
0
0
0
0
0
0
0
0
0
0
0
0
0
0
0
0
0
0
0
0
0
0
0
0
0
0
0
0
0
0
0
0
0
0
0
0
0
0
0
0
0
0
0
0
0
0
0
0
0
0
0
0
0
0
0
0
0
0
0
0
0
0
0
0
0
0
0
0
0
0
0
0
0
0
0
0
0
0
0
0
0
0
0
0
0
0
0
0
0
0
0
0
0
0
0
0
0
0
0
0
0
0
0
0
0
0
0
0
0
0
0
0
0
0
0
0
0
0
0
0
0
0
0
0
0
0
0
0
0
0
0
0
0
0
0
0
0
0
0
0
0
0
0
0
0
0
0
0
0
0
0
0
0
0
0
0
0
0
0
0
0
0
0
0
0
0
0
0
0
0
0
0
0
0
0
0
0
0
0
0
0
0
0
0
0
0
0
0
0
0
0
0
0
0
0
0
0
0
0
0
0
0
0
0
0
0
0
0
0
0
0
0
0
0
0
0
0
0
0
0
0
0
0
0
0
0
0
0
0
0
0
0
0
0
0
0
0
0
0
0
0
0
0
0
0
0
0
0
0
0
0
37765
-56152
-128258
57745
-141815
39514
162638
18735
71082
60781
67493
-31374
131134
102568
115731
46458
-285761
136641
133186
20615
-276529
-54638
121921
258666
19290
108599
-121072
-77111
-44631
-39304
65963
19751
-96423
84031
19422
116147
1610
-66304
-99013
172806
-108333
-16203
42646
4181
43378
49643
20525
29280
166026
-62802
119496
91284
59434
-84475
-2139
-34909
133434
35803
-37239
-22434
5058
-58964
34684
168123
19576
-27308
-71922
46758
6858
79194
81090
-34462
63519
-111161
201234
-101222
2159
170865
-68459
-110356
116318
-40604
-214828
126868
131472
150164
91237
-75193
-26658
-136811
-135991
53724
-31765
88408
-221237
-39193
-97492
-71394
16984
302295
151689
52429
-190294
-7419
6083
-204484
-34049
9349
-25653
120476
56053
-75690
-128243
43558
145168
50050
-147080
789
73825
-38537
132287
-9232
48303
-103508
-40004
-21741
-24411
50772
-89099
-7817
8769
29947
31855
24726
-33385
7988
-121431
-144189
73908
-209156
-37831
109794
11510
-79529
23586
-104275
139294
-70243
-44723
31733
42816
15160
-16001
-4300
-47733
-77386
-94374
204321
51060
110266
-16961
25965
241968
-43361
-16090
129509
124372
-82447
58822
-44635
123554
29131
101477
87872
-25368
24245
95546
157900
11129
38525
-125477
-38277
-113788
128213
145958
-170896
33918
-81110
55298
166774
-15469
420093
129337
59269
141530
-68126
-55474
125585
254215
114913
74686
101520
-86214
55709
59466
81076
-125496
5629
34628
88809
119680
-11764
-240655
75216
-27994
-54793
-96251
-219508
101047
32074
122061
83433
-30964
-44418
6344
-8732
173991
-161667
126171
-9649
66449
178898
73817
151942
-4821
-56224
-151654
37494
-110529
120591
79019
-67870
-213025
10865
179930
57536
170461
-69991
-42021
-102760
119175
-182543
43486
7227
-94682
44726
0
0
0
0
0
0
0
0
0
0
0
0
0
0
0
0
0
0
0
0
0
0
0
0
0
0
0
0
0
0
0
0
0
0
0
0
0
0
0
0
0
0
0
0
0
0
0
0
0
0
0
0
0
0
0
0
0
0
0
0
0
0
0
0
0
0
0
0
0
0
0
0
0
0
0
0
0
0
0
0
0
0
0
0
0
0
0
0
0
0
0
0
0
0
0
0
0
0
0
0
0
0
0
0
0
0
0
0
0
0
0
0
0
0
0
0
0
0
0
0
0
0
0
0
0
0
0
0
0
0
0
0
0
0
0
0
0
0
0
0
0
0
0
0
0
0
0
0
0
0
0
0
0
0
0
0
0
0
0
0
0
0
0
0
0
0
0
0
0
0
0
0
0
0
0
0
0
0
0
0
0
0
0
0
0
0
0
0
0
0
0
0
0
0
0
0
0
0
0
0
0
0
0
0
0
0
0
0
0
0
0
0
0
0
0
0
0
0
0
0
0
0
0
0
0
0
0
0
0
0
0
0
0
0
0
0
0
0
0
0
0
0
0
0
0
0
0
0
0
0
0
0
0
0
0
0
0
0
0
0
0
0
0
0
0
0
0
0
0
0
0
0
0
0
0
0
0
0
0
0
0
0
0
0
0
0
0
0
0
0
0
0
0
0
0
0
0
0
0
0
0
0
0
0
0
0
0
0
0
0
0
0
0
0
0
0
0
0
0
0
0
0
0
0
0
0
0
0
0
0
0
0
0
0
0
0
0
0
0
0
0
0
0
0
0
0
0
0
0
0
0
0
0
0
0
0
0
0
0
0
0
0
0
0
0
0
0
0
0
0
0
0
0
0
0
0
0
0
0
0
0
0
0
0
0
0
0
0
0
0
0
0
0
0
0
0
0
0
0
0
0
0
0
0
0
0
0
0
0
0
0
0
0
0
0
0
0
0
0
0
0
0
0
0
0
0
0
0
0
0
0
0
0
0
0
0
0
0
0
0
0
0
0
0
0
0
0
0
0
0
0
0
0
0
0
0
0
0
0
0
0
0
0
0
0
0
0
0
0
0
0
0
0
0
0
0
0
0
0
0
0
0
0
0
0
0
0
0
0
0
0
0
0
0
0
0
0
0
0
0
0
0
0
0
0
0
0
0
0
0
0
0
0
0
0
0
0
0
0
0
0
0
0
0
0
0
0
0
0
0
0
0
0
0
0
0
0
0
0
0
0
0
0
0
0
0
0
0
0
0
0
0
0
0
0
0
0
0
0
0
0
0
0
0
0
0
0
0
0
0
0
0
0
0
0
0
0
0
0
0
0
0
0
0
0
0
0
0
0
0
0
0
0
0
0
0
0
0
0
0
0
0
0
0
0
0
0
0
0
0
0
0
0
0
0
0
0
0
0
0
0
0
0
0
0
0
0
0
0
0
0
0
0
0
0
0
0
0
0
0
0
0
0
0
0
0
0
0
0
0
0
0
0
0
0
0
0
0
0
0
0
0
0
0
0
0
0
0
0
0
0
0
0
0
0
0
0
0
0
0
0
0
0
0
0
0
0
0
0
0
0
0
0
0
0
0
0
0
0
0
0
0
0
0
0
0
0
0
0
0
0
0
0
0
0
0
0
0
0
0
0
0
0
0
0
0
0
0
0
0
0
0
0
0
0
0
0
0
0
0
0
0
0
0
0
0
0
0
0
0
0
0
0
0
0
0
0
0
0
0
0
0
0
0
0
0
0
0
104567
61746
106436
100867
-1832
-89856
1006
-79940
133807
-15985
-45993
-60561
83809
-168057
6581
111581
2869
126385
41595
-9049
-31117
-105022
-149567
62762
86432
62711
-89039
135437
-162059
-71875
121406
-184228
123284
62458
35631
26187
-90189
63226
-50227
-81967
-128706
2721
33786
-278
72767
73268
-21098
76461
19842
55206
50870
143998
170202
-55028
30813
128209
-44491
-24158
-170529
28795
52518
-25643
-40744
-4011
-12248
87238
300842
40403
-15131
117087
-30831
-266115
25932
-61811
-102465
-1107
197471
45089
-133646
41924
-96305
187707
127643
20029
-103173
-172026
-29768
45093
6502
25341
-76218
123661
125429
-67024
-86738
8489
-24144
80584
90550
-128929
154863
40615
-83061
30073
-104782
16417
-18776
-42599
-29422
105930
-98806
55156
-73182
-102355
177090
18905
-178598
69501
-33883
277590
33689
24361
111322
-24461
-23827
-49505
-50745
-27566
-14007
-69060
60321
-102836
17716
-82677
56710
-58950
-256718
37842
-54672
-43622
16837
-142860
104227
-1497
128935
143793
-151472
-38859
-108214
49181
-163634
-94687
33497
-17839
35118
85706
190282
186153
-138509
85804
-69319
-43509
-76096
-187631
640
23455
37380
51840
22596
-89132
22725
-82942
-48405
150754
-201063
-201581
-163560
158850
58963
-135110
-24178
-2604
1060
-100038
81245
-199747
-126418
72358
-159994
49515
9433
123058
-67672
-134233
244234
62524
10208
-116223
-125223
-36807
94692
7271
67397
-44875
188721
-41151
-39576
-24557
220799
-242120
11688
-100428
-110745
8668
-146744
-3166
-23031
-103147
-74706
-24416
-35326
145731
-90871
-5310
29788
174293
143319
-30448
17003
-4704
-94863
99097
-108312
125237
-49490
-15364
-7762
113860
24645
-26852
-29114
-120469
267964
-77948
71337
-490
36204
-197048
20580
55185
283494
-273721
72682
-73575
-54383
-49594
0
0
0
0
0
0
0
0
0
0
0
0
0
0
0
0
0
0
0
0
0
0
0
0
0
0
0
0
0
0
0
0
0
0
0
0
0
0
0
0
0
0
0
0
0
0
0
0
0
0
0
0
0
0
0
0
0
0
0
0
0
0
0
0
0
0
0
0
0
0
0
0
0
0
0
0
0
0
0
0
0
0
0
0
0
0
0
0
0
0
0
0
0
0
0
0
0
0
0
0
0
0
0
0
0
0
0
0
0
0
0
0
0
0
0
0
0
0
0
0
0
0
0
0
0
0
0
0
0
0
0
0
0
0
0
0
0
0
0
0
0
0
0
0
0
0
0
0
0
0
0
0
0
0
0
0
0
0
0
0
0
0
0
0
0
0
0
0
0
0
0
0
0
0
0
0
0
0
0
0
0
0
0
0
0
0
0
0
0
0
0
0
0
0
0
0
0
0
0
0
0
0
0
0
0
0
0
0
0
0
0
0
0
0
0
0
0
0
0
0
0
0
0
0
0
0
0
0
0
0
0
0
0
0
0
0
0
0
0
0
0
0
0
0
0
0
0
0
0
0
0
0
0
0
0
0
0
0
0
0
0
0
0
0
0
0
0
0
0
0
0
0
0
0
0
0
0
0
0
0
0
0
0
0
0
0
0
0
0
0
0
0
0
0
0
0
0
0
0
0
0
0
0
0
0
0
0
0
0
0
0
0
0
0
0
0
0
0
0
0
0
0
0
0
0
0
0
0
0
0
0
0
0
0
0
0
0
0
0
0
0
0
0
0
0
0
0
0
0
0
0
0
0
0
0
0
0
0
0
0
0
0
0
0
0
0
0
0
0
0
0
0
0
0
0
0
0
0
0
0
0
0
0
0
0
0
0
0
0
0
0
0
0
0
0
0
0
0
0
0
0
0
0
0
0
0
0
0
0
0
0
0
0
0
0
0
0
0
0
0
0
0
0
0
0
0
0
0
0
0
0
0
0
0
0
0
0
0
0
0
0
0
0
0
0
0
0
0
0
0
0
0
0
0
0
0
0
0
0
0
0
0
0
0
0
0
0
0
0
0
0
0
0
0
0
0
0
0
0
0
0
0
0
0
0
0
0
0
0
0
0
0
0
0
0
0
0
0
0
0
0
0
0
0
0
0
0
0
0
0
0
0
0
0
0
0
0
0
0
0
0
0
0
0
0
0
0
0
0
0
0
0
0
0
0
0
0
0
0
0
0
0
0
0
0
0
0
0
0
0
0
0
0
0
0
0
0
0
0
0
0
0
0
0
0
0
0
0
0
0
0
0
0
0
0
0
0
0
0
0
0
0
0
0
0
0
0
0
0
0
0
0
0
0
0
0
0
0
0
0
0
0
0
0
0
0
0
0
0
0
0
0
0
0
0
0
0
0
0
0
0
0
0
0
0
0
0
0
0
0
0
0
0
0
0
0
0
0
0
0
0
0
0
0
0
0
0
0
0
0
0
0
0
0
0
0
0
0
0
0
0
0
0
0
0
0
0
0
0
0
0
0
0
0
0
0
0
0
0
0
0
0
0
0
0
0
0
0
0
0
0
0
0
0
0
0
0
0
0
0
0
0
0
0
0
0
0
0
0
0
0
0
0
0
0
0
0
0
0
0
0
0
0
0
0
0
0
0
0
0
0
0
0
0
0
0
0
0
0
0
0
0
0
0
0
0
0
0
0
0
0
0
0
0
0
0
0
0
0
0
0
0
0
0
0
0
0
0
