-3184
-27013
-22879
-27687
26763
-28897
23017
17646
16712
14999
27554
7907
-202
-11730
-2121
21461
4446
11072
-10995
-20954
-23540
-20541
-30833
17873
-5881
20486
19698
21074
-23562
-31749
9450
9224
-12471
-26701
17903
-19836
-8897
26064
32526
-30225
14085
21697
25315
19836
-16722
-4516
9668
-10155
-27165
-31072
-11480
-17952
1883
26481
-29312
-26621
25374
3801
9801
-3760
-25268
-13405
23364
21642
-13151
-23544
15163
25345
6454
-11731
-21087
-18777
19474
-23235
13676
1651
7922
-8592
-18943
18719
7040
23666
-26513
-21995
-15937
21313
-20238
-32053
-17586
24730
16526
14559
4238
-28127
-13253
13147
-30125
24033
-1548
-29579
-11024
7828
-5652
-25334
13793
622
-30758
22162
32127
-1726
18220
16090
6750
7444
-11617
25253
25407
-7484
15522
19632
-30821
-20911
6636
5721
-18305
-31748
-17167
5148
-17631
11524
-14303
30857
3057
12797
12879
31675
16693
22148
-29930
5128
7322
19990
32287
-29390
-29363
13252
9367
-21004
26604
28213
29591
-26087
-14737
-2051
11732
2570
-19991
-31543
-28283
1530
10973
-11658
15826
8628
-8180
-24086
7785
1518
3783
5989
20304
-15963
31969
-17416
-25396
-10402
-4926
12566
-8601
24867
14593
-12996
-9259
7617
27520
7955
-26900
-14483
-20569
7601
-11543
-13187
25251
30570
5488
21580
16562
23416
17
14102
-695
-766
-2903
15275
26841
26210
11907
9713
-6453
385
-15153
31546
-23897
18148
1030
-4953
25846
5216
13623
6381
-8505
-16487
-19772
-17077
28825
275
-10719
4586
-22467
-22662
-2839
-656
-21519
-1404
3993
-31880
29882
4526
-11792
30213
10717
-30523
9898
26846
7580
-11448
-28259
26349
606
8432
-21671
27183
4499
-25420
4629
-12972
-20549
20844
-30972
18803
-26101
-28130
14985
3686
18410
31285
9860
-1558
-23017
-5068
23515
-21989
9911
10928
31725
-3898
15004
-25937
-4040
16179
3669
-25457
-18515
-9308
-22948
-9408
-5575
8349
5832
28324
-4709
4621
16524
6871
20411
15803
5216
-4158
-31724
-10442
13494
-16916
6801
10356
12447
-15729
9090
4537
18059
-13308
9298
6777
-16754
-18235
-32600
-2008
-18134
3774
-17981
9275
28283
26124
-30781
15098
-30631
-4325
14169
-4540
-5524
-5709
26950
3786
15854
-1162
-27450
17075
23268
-32222
-25829
-2894
3954
6962
-27814
9159
-14797
-19470
14534
12689
-16521
11390
30936
-25588
3161
-12251
28749
-2860
12417
-29779
-21839
-31274
5230
-14172
-28679
18224
15024
15113
-18970
-26567
11857
-4977
32507
-30363
29178
18286
3044
-30609
18627
-31124
25516
-27864
-25637
26347
-13526
4187
-29792
16002
-31335
31679
16556
12712
-20476
-28193
6938
20621
-31346
23678
-16772
-21853
-2093
17952
26054
-206
15092
-19663
816
6974
-28977
-11320
23019
-32523
-12084
-11764
21463
12881
11229
10020
30834
3358
20951
-7035
-2704
20179
-12800
-8053
-144
-11523
-31706
25446
8912
9439
15659
2408
-25774
-3152
21365
13858
9457
402
-10142
13385
576
-3983
30763
-31778
14343
-9929
-12283
9176
17020
14866
2555
586
-8894
20652
7265
12569
10613
-26059
31406
31402
-13357
9860
-2835
-25209
29245
20656
17396
-5036
1665
27277
-7340
-2570
-18336
11246
6940
3199
3551
-28157
21321
-30196
-17629
-32224
-2901
10896
-19517
-21320
-8324
11872
17073
-4801
10761
-23392
18006
-23222
-4977
-22477
4205
-15356
-25370
-9237
25203
2
-793
25893
-19245
-28232
-23339
-19361
20244
1202
12309
-2168
