3 40000008 1 0 0 0 0
0 40000010 1 0 0 0 0
0 40000014 1 0 0 0 0
40 40000018 1 0 0 0 0
40 4000001C 1 0 0 0 0
1000 40000020 1 0 0 0 0
40 40000024 1 0 0 0 0
40 40000028 1 0 0 0 0
4000 4000002C 1 0 0 0 0
4000 40000030 1 0 0 0 0
4000 40000034 1 0 0 0 0
0 40000038 1 0 0 0 0
0 4000003C 1 0 0 0 0
40 40000040 1 0 0 0 0
40 40000044 1 0 0 0 0
40 40000048 1 0 0 0 0
40 4000004C 1 0 0 0 0
40 40000050 1 0 0 0 0
4000 40000054 1 0 0 0 0
0 40000058 1 0 0 0 0
8000 4000005C 1 0 0 0 0
10000 40000060 1 0 0 0 0
83800000 40000064 1 0 0 0 0
400FF 40000068 1 0 0 0 0
8 4000006C 1 0 0 0 0
1000040 40000070 1 0 0 0 0
10000400 40000074 1 0 0 0 0
400000 40000078 1 0 0 0 0
40001 4000007C 1 0 0 0 0
400010 40000080 1 0 0 0 0
100 40000084 1 0 0 0 0
0 40000088 1 0 0 0 0
FFF80000 4000008C 1 0 0 0 0
FFFFFFFF 40000090 1 0 0 0 0
100FFFFF 40000094 1 0 0 0 0
50403020 40000098 1 0 0 0 0
90807060 4000009C 1 0 0 0 0
D0C0B0A0 400000A0 1 0 0 0 0
1100F0E0 400000A4 1 0 0 0 0
51413121 400000A8 1 0 0 0 0
91817161 400000AC 1 0 0 0 0
D1C1B1A1 400000B0 1 0 0 0 0
1201F1E1 400000B4 1 0 0 0 0
52423222 400000B8 1 0 0 0 0
92827262 400000BC 1 0 0 0 0
D2C2B2A2 400000C0 1 0 0 0 0
1302F2E2 400000C4 1 0 0 0 0
53433323 400000C8 1 0 0 0 0
93837363 400000CC 1 0 0 0 0
D3C3B3A3 400000D0 1 0 0 0 0
3F3E3 400000D4 1 0 0 0 0
1004000 400000D8 1 0 0 0 0
10000010 400000DC 1 0 0 0 0
4000 400000E0 1 0 0 0 0
FFFFF001 400000E4 1 0 0 0 0
FFFFFFFF 400000E8 1 0 0 0 0
1FFF 400000EC 1 0 0 0 0
1000001 400000F0 1 0 0 0 0
80000100 400000F4 1 0 0 0 0
8000400 400000F8 1 0 0 0 0
1000 400000FC 1 0 0 0 0
100008 40000100 1 0 0 0 0
0 40000104 1 0 0 0 0
3 40000000 1 0 0 0 0
0 0 0 0 1 0 0
3 4000000C 1 0 0 0 0
0 50000014 0 1 0 0 0
0 50000018 0 1 0 0 0
0 0 0 0 0 0 1
0 0 0 0 0 0 0
0 0 0 0 0 0 0
0 0 0 0 0 0 0
0 0 0 0 0 0 0
0 0 0 0 0 0 0
0 0 0 0 0 0 0
0 0 0 0 0 0 0
0 0 0 0 0 0 0
0 0 0 0 0 0 0
0 0 0 0 0 0 0
0 0 0 0 0 0 0
0 0 0 0 0 0 0
0 0 0 0 0 0 0
0 0 0 0 0 0 0
0 0 0 0 0 0 0
0 0 0 0 0 0 0
0 0 0 0 0 0 0
0 0 0 0 0 0 0
0 0 0 0 0 0 0
0 0 0 0 0 0 0
0 0 0 0 0 0 0
0 0 0 0 0 0 0
0 0 0 0 0 0 0
0 0 0 0 0 0 0
0 0 0 0 0 0 0
0 0 0 0 0 0 0
0 0 0 0 0 0 0
0 0 0 0 0 0 0
0 0 0 0 0 0 0
0 0 0 0 0 0 0
0 0 0 0 0 0 0
0 0 0 0 0 0 0
0 0 0 0 0 0 0
0 0 0 0 0 0 0
0 0 0 0 0 0 0
0 0 0 0 0 0 0
0 0 0 0 0 0 0
0 0 0 0 0 0 0
0 0 0 0 0 0 0
0 0 0 0 0 0 0
0 0 0 0 0 0 0
0 0 0 0 0 0 0
0 0 0 0 0 0 0
0 0 0 0 0 0 0
0 0 0 0 0 0 0
0 0 0 0 0 0 0
0 0 0 0 0 0 0
0 0 0 0 0 0 0
0 0 0 0 0 0 0
0 0 0 0 0 0 0
0 0 0 0 0 0 0
0 0 0 0 0 0 0
0 0 0 0 0 0 0
0 0 0 0 0 0 0
0 0 0 0 0 0 0
0 0 0 0 0 0 0
0 0 0 0 0 0 0
0 0 0 0 0 0 0
0 0 0 0 0 0 0
0 0 0 0 0 0 0
0 0 0 0 0 0 0
0 0 0 0 0 0 0
0 0 0 0 0 0 0
0 0 0 0 0 0 0
0 0 0 0 0 0 0
0 0 0 0 0 0 0
0 0 0 0 0 0 0
0 0 0 0 0 0 0
0 0 0 0 0 0 0
0 0 0 0 0 0 0
0 0 0 0 0 0 0
