101373
974128689
2003442246
1742649790
-442091303
-2113783966
-1292017067
18644174
-1557985169
-714525921
-1613576675
273871544
-287282884
1836704780
704652179
-676306138
-513914171
-746770964
1524921528
-315557886
955426147
-981884464
-595617137
1618443736
832452615
-1463794680
-1160282246
69902699
1315765232
1677140121
1644864935
73444
85927528
85869340
-14887246
1163713992
1503844204
842021993
2038967800
-1309045631
10988135
-249174313
1023348558
1927646845
-38773241
824599346
1628722065
1151462429
1053834972
723536459
-2012167719
-899986239
351427699
1275938166
-514952429
644447914
859924761
-1232824821
1435390994
1420220241
-1065056417
718477276
1428218869
68480
455656581
-656174511
1866399738
-1872896228
1014376416
974259328
847087397
1657301813
882320908
-21890646
157082529
-803344203
-1471117918
-22265957
186395378
1741670784
-250441141
1813281291
622134389
-1713116538
-1060249520
303689541
223314442
-351418966
-2089705108
836542478
-331316426
1147716693
694449988
-524379688
-722524824
87567
-609602629
-1697120978
1076729262
-772862745
-505521342
-1612104449
-1480427301
1025774941
1444899206
1061837196
1007999887
-414609328
998273227
42022713
1787782290
1070254826
897851020
609336590
654105307
-1530117004
671059701
859221184
-417950984
689130638
309066549
-1359000311
-555909130
-978415617
801215148
404281053
723082945
74152
835787297
-865827830
-2027383470
1976586580
29210662
2114871352
-1001205795
1515431516
1714708978
-919104953
-1754637297
-1978142495
1582427461
21949519
-596797048
-1834479645
836204582
312028938
1281998590
1952957871
-2123767432
-2096800542
1983478562
-1616080959
88247985
2062320339
-1238276441
-1250672588
388284247
693510152
1089464588
92155
455826770
-1437548135
768740394
-897178976
-1176589297
-1834973186
1821114338
-376489668
19086203
-1104698619
205132512
833341020
-1951104028
-1784704578
-1182754584
-441778353
794410496
635499663
-804924739
1962584066
1910093095
-683003676
1510100550
-1894732439
-521904190
-1547378390
-1504089437
-1751932426
318961618
117069688
-2030146641
101026
-903053008
1329406382
1405598472
-1884731139
746865699
-890504328
427132354
1315389705
981064896
-1204102018
-1752291849
1176930406
-1646156308
230718360
-1293099046
99896018
-1448947336
1418407801
-1306918509
-151693298
2030318606
1917140941
283908260
-1570229632
-280270002
2111817942
1752810324
1862801016
-115813282
1302631286
-965775650
40246
-2030312023
1143504012
897649162
-1991638333
308103313
-436648070
-1352945213
-1959470734
615120585
-553707013
-1738090254
-1343157908
-460977935
-1125707454
584432380
-182048917
1411120977
917455504
-1130080857
-528215889
-1032620036
-1749577224
1155518226
1281420203
-45261517
-2010500992
388986357
1665517154
1825501925
-516972669
-862076504
58966
-642583503
405604492
74388014
-2635819
214449963
-1118220302
-2129043107
-859731682
-1324891980
-1236354859
614437062
10567622
908070536
1127710972
-280948665
422063312
-905029379
1558689445
-1134161320
-249431692
-1347251661
-1735781432
-1286560241
-1960183601
827681291
703032173
-1632436042
1107569084
-897498419
-1914911807
-285258334
39322
1604791483
-2010036423
719358923
1568520819
822088682
-1308639330
-1262629041
1050756446
148559691
23127655
-528948059
771158765
2058996115
-1102111295
-1131916218
-243978626
352278629
1720580478
-1171750919
1622902271
870947203
1823372760
-580356844
-685518345
1209458082
876380176
-464994076
374094026
1237728645
-1681767350
747404845
73547
1767586626
830791746
-476345443
1807434625
-1187528530
-527879544
1785590281
-1435299325
-1053875101
1814660494
849132867
-1616663595
-796266031
-385053309
1017299770
-1510669007
672840331
227346916
2114826576
-586979528
31579775
1614555107
-655455143
-550956009
252249541
780352605
-1503321877
1015388595
806201635
1570484463
-1092856144
7107
380877249
395965450
1390518047
414684394
1514455739
855344703
781393208
969688656
-266733322
-927382898
668553792
1315535664
-426531616
-109285985
-1839532666
-1182364197
1770372382
-140223325
1081097509
-547328569
981406981
237149184
1665640285
1040331875
-458777222
-2081695468
-399024692
1453384368
1400599672
1172763607
1237810497
23373
-329978232
-2124756461
-373971992
1628874712
-788529254
890255274
-2118395524
-182887545
-2023955622
2129298591
-1907975037
243106575
675999683
825936982
-351592284
-657472601
1756774656
1720446552
-1640024853
1554331487
-648174696
1727287285
-1151066971
-1561109331
-1069017092
-10650397
-529682790
1808135428
318022937
248013437
97837458
85368
254444594
-895107863
1875759232
-1886166216
1652699205
-457625991
-787094837
-1690938507
-1651693287
590610696
1250106734
-2074178104
1111556935
1953849767
-1737397300
-1238046497
1266106157
1048053597
-1537706204
1838980639
1602044331
613538853
839484518
396368951
138545582
825795714
-1471609351
-293232902
-1642597121
-1201848284
-1195398326
111386
-195098841
-1027224291
-71351632
-1292116990
1160453334
-1368720489
-1355888090
-1980887558
1007689793
-1275622355
-1560682007
1493178988
-913176497
-1637288345
-1915441400
-215505510
-214149237
1713007203
2117842827
-1904398165
-39157047
-1139486658
-1488383206
1436784402
1857150034
-684712982
1790706951
1054153870
1921070792
-273933065
964087293
110138
1962058763
1410932781
-1883936843
-1921708413
-1132441271
-1101966911
-1319152361
-970310163
-2111845535
926085736
-727799347
1638961880
-16888875
-1179674411
397665889
-2067049192
-1985402871
-1685869267
-172590638
766147018
644222117
615303290
-131512226
524992927
1106127247
-956373725
1589837413
356338116
-2040636898
-436287042
606058375
47434
2029851749
840377954
686521771
1590419751
921363432
-1164087363
194806019
-1507823209
641954608
1699823101
1448204410
-1843530553
592291728
-463347937
1186234999
1084296990
1565216158
228874697
-140681521
-802889844
-1731778306
1308951568
607755757
-1261676772
1760134541
1976016600
-735061270
689799347
827149438
-402498654
-520739679
92333
441492501
-1459592967
-111124760
-1062866637
-646189557
-2091649953
-1952846313
322358881
-882150250
461455221
32280707
-1722763357
-904027012
-1420812425
893329951
1777052460
-424570453
1459319139
1163815127
-810395382
-457699020
-348044146
-1592980973
-264205590
1771128691
-160338637
-278858067
639882573
146852220
-1574088919
1251243628
97502
199255895
-1962140420
-1633311893
1121164943
-1644211590
1017373896
-315071080
-510711924
-1075587479
186842322
295856750
1619460146
915386655
299561376
1294447753
-798470121
-1701810633
-1207565247
294107151
1126981502
117284754
1529223852
626013963
-1372235267
-1352513791
862416102
524068993
1278613849
1082192507
21928807
-604382276
42796
1588645827
-209968625
-1596170665
1479116632
952735538
-1173453073
2032317543
1024479941
-1553950492
-213661572
1805413510
292029440
-600669388
2016196419
1244278712
-2005132583
466435808
-1688409030
1353758882
2066610404
-1384569488
-842623156
-525108533
1693414488
1030785672
-1691531017
-1691072626
1781963228
589102238
639030763
1547290866
28505
-1130458610
1237677533
-1586164652
1020154988
-76494485
598493023
-1631293989
-935085603
-1666193623
1361724531
781793117
252796020
1882796243
887191283
-1618504848
2031503245
891472652
-1977974713
10453501
250964104
1740597861
475606177
-141259695
500310347
2020388728
42935575
-1791695641
-1292262005
-1071272347
-1105756715
982138087
30285
-1756215244
-309711786
-1721672715
-479842995
593909498
-303041670
-1571325235
-938090332
-147184411
430956158
-225445464
-601227421
-1467001912
-1708399691
1466121083
1108569749
-1181151821
-411219401
-1045007358
1548824815
622222694
-1624333547
525731547
516076200
692603426
1775238166
315433947
1915015174
-2119193320
2097093174
-1794916877
33132
1304943989
505992596
-1679348021
1921622542
1448979885
2116430309
-1656673307
-1422044319
-395295072
-708902015
-1705094279
2037156253
-572611799
2051780582
-1081867581
-1501068801
1761542741
519992121
-83750743
-2146759276
1061746829
954002821
236654160
407724784
-1973035969
-1787932587
-1552382485
2020412133
-438632125
1953972826
-1988488690
-61043
-1115324075
1611429576
-248206468
1566099014
150686328
1743502821
-1945746166
472191720
-152974238
399406769
-68838380
-1341434502
-1689682022
-740414830
1369647727
1038417306
-76521264
-212081427
-653162806
-428530360
572623333
-1975122454
-127599105
-1214051140
-197734389
1220454362
-1935818749
800675562
-1592426504
1818145980
-925581604
73943
-1184252815
444918783
980636036
-629621775
-951754798
-1652267929
364401470
-992050270
-314016052
1421514288
-282007307
-1357392093
537721995
2130317642
-116232215
1020086271
534477167
1456175295
320695942
1579357068
-924287115
-607624879
1744788979
2097838155
-111195772
-1092706092
-670476706
1831741117
1092231274
-1696107826
-331372320
86470
1027730356
220018152
1723108115
-1541019748
1061706165
-114014270
-1539465204
1058445239
-248930386
-98035287
220366514
342357938
-21125193
979265078
1802921836
2104397170
-338103383
-1338234400
661264565
905586358
1122246072
-1052143059
245648634
1373649472
807099014
1727972401
1604455930
-1216508859
-328801638
-1539502103
10401007
34997
-1190729473
1840274609
-1643409989
1012512517
1093883422
-1752713091
-18730516
1742646721
-477291195
924092327
1027432964
1749406660
-1552005817
-18623266
1763276096
-293044493
-854598790
550872437
1286580104
276060125
1927290206
-1290899113
-2008342801
-1635720035
-991539437
1273157405
-1828481816
-1471310189
120793605
-2067073906
-583538327
115984
-1140924975
-1660145097
-1394808494
-1683155241
-289704777
-761011031
-2041077177
1433521901
-63879280
1736774012
2055368160
-330143418
-316828685
482827295
-1428295604
604767968
1626419997
-1135243001
-1126853660
647255229
-1893830639
172531757
-2037904344
-275175146
-971300895
-1081701301
-1333533663
-1924971667
1999563758
867381964
-1367011921
-2825
-1110219412
1095781893
2099832274
317754421
-1405246309
-348155427
-893641335
-2001480990
1532215156
1959212542
-1656105749
-1935565431
1361382954
-174148684
-424026890
-1002964802
822339132
-1340269561
1150384052
-1351090456
-1892424834
59949171
1102544754
1132337571
509177144
-767299512
-1550087882
-2062522349
-14388051
93766262
-1286607905
35656
1711393939
15977207
-570667375
1774139712
-2010860002
-360779721
2129695365
2097456406
481035413
1530774317
-1586207746
748777266
1876162562
-752016164
-1136028337
1444932002
-1136213645
-657595862
-1376369470
896516557
1833631166
-1895174686
1555024249
-246674793
-1607910336
-745651984
-641171683
1058470699
588787284
-25426048
-1933054644
62415
-1346608796
1601506293
921032816
1535661592
-1064838617
-1892873700
-810039939
1975007287
807075015
-1146563977
707395869
1571927086
-647823347
637469166
-1557910182
1859940837
1137189966
663882089
1408795002
-1009067897
418099107
1270630762
-1245327671
-1954638435
-1600619064
417884436
-1130163180
1401423342
-1652650653
128070095
-578795715
139033
122465
-514938014
-138403378
2049400875
-617534615
-1254570661
-1462407115
1094889711
1880963709
714752474
-1190501829
-1189982976
1397621315
883964761
712620987
-2143690450
2033327952
-998209727
-35729707
-1207465634
1595794422
-1722746569
-768242370
1871326859
528291955
391609419
1117507589
1981270003
-1407312421
1799594511
1498292380
24650
