3 40000008 1 0 0 0 0
0 40000010 1 0 0 0 0
0 40000014 1 0 0 0 0
8 40000018 1 0 0 0 0
20 4000001C 1 0 0 0 0
800 40000020 1 0 0 0 0
8 40000024 1 0 0 0 0
28 40000028 1 0 0 0 0
3C0 4000002C 1 0 0 0 0
2400 40000030 1 0 0 0 0
2400 40000034 1 0 0 0 0
0 40000038 1 0 0 0 0
0 4000003C 1 0 0 0 0
8 40000040 1 0 0 0 0
20 40000044 1 0 0 0 0
A 40000048 1 0 0 0 0
3C 4000004C 1 0 0 0 0
40 40000050 1 0 0 0 0
3C0 40000054 1 0 0 0 0
0 40000058 1 0 0 0 0
3C0 4000005C 1 0 0 0 0
27C0 40000060 1 0 0 0 0
83800000 40000064 1 0 0 0 0
4008F 40000068 1 0 0 0 0
8 4000006C 1 0 0 0 0
40002B 40000070 1 0 0 0 0
500078 40000074 1 0 0 0 0
7803C00 40000078 1 0 0 0 0
4000200 4000007C 1 0 0 0 0
14002800 40000080 1 0 0 0 0
0 40000084 1 0 0 0 0
0 40000088 1 0 0 0 0
380 4000008C 1 0 0 0 0
80403FC 40000090 1 0 0 0 0
1814100C 40000094 1 0 0 0 0
1C 40000098 1 0 0 0 0
0 4000009C 1 0 0 0 0
0 400000A0 1 0 0 0 0
0 400000A4 1 0 0 0 0
0 400000A8 1 0 0 0 0
0 400000AC 1 0 0 0 0
0 400000B0 1 0 0 0 0
802400 400000B4 1 0 0 0 0
1000004 400000B8 1 0 0 0 0
4000400 400000BC 1 0 0 0 0
FFFFFFC0 400000C0 1 0 0 0 0
7F 400000C4 1 0 0 0 0
280008 400000C8 1 0 0 0 0
4000020 400000CC 1 0 0 0 0
200020 400000D0 1 0 0 0 0
8000008 400000D4 1 0 0 0 0
1000400 400000D8 1 0 0 0 0
3 40000000 1 0 0 0 0
0 0 0 0 1 0 0
3 4000000C 1 0 0 0 0
0 50000014 0 1 0 0 0
0 50000018 0 1 0 0 0
0 0 0 0 0 0 1
0 0 0 0 0 0 0
0 0 0 0 0 0 0
0 0 0 0 0 0 0
0 0 0 0 0 0 0
0 0 0 0 0 0 0
0 0 0 0 0 0 0
0 0 0 0 0 0 0
0 0 0 0 0 0 0
0 0 0 0 0 0 0
0 0 0 0 0 0 0
0 0 0 0 0 0 0
0 0 0 0 0 0 0
0 0 0 0 0 0 0
0 0 0 0 0 0 0
0 0 0 0 0 0 0
0 0 0 0 0 0 0
0 0 0 0 0 0 0
0 0 0 0 0 0 0
0 0 0 0 0 0 0
0 0 0 0 0 0 0
0 0 0 0 0 0 0
0 0 0 0 0 0 0
0 0 0 0 0 0 0
0 0 0 0 0 0 0
0 0 0 0 0 0 0
0 0 0 0 0 0 0
0 0 0 0 0 0 0
0 0 0 0 0 0 0
0 0 0 0 0 0 0
0 0 0 0 0 0 0
0 0 0 0 0 0 0
0 0 0 0 0 0 0
0 0 0 0 0 0 0
0 0 0 0 0 0 0
0 0 0 0 0 0 0
0 0 0 0 0 0 0
0 0 0 0 0 0 0
0 0 0 0 0 0 0
0 0 0 0 0 0 0
0 0 0 0 0 0 0
0 0 0 0 0 0 0
0 0 0 0 0 0 0
0 0 0 0 0 0 0
0 0 0 0 0 0 0
0 0 0 0 0 0 0
0 0 0 0 0 0 0
0 0 0 0 0 0 0
0 0 0 0 0 0 0
0 0 0 0 0 0 0
0 0 0 0 0 0 0
0 0 0 0 0 0 0
0 0 0 0 0 0 0
0 0 0 0 0 0 0
0 0 0 0 0 0 0
0 0 0 0 0 0 0
0 0 0 0 0 0 0
0 0 0 0 0 0 0
0 0 0 0 0 0 0
0 0 0 0 0 0 0
0 0 0 0 0 0 0
0 0 0 0 0 0 0
0 0 0 0 0 0 0
0 0 0 0 0 0 0
0 0 0 0 0 0 0
0 0 0 0 0 0 0
0 0 0 0 0 0 0
0 0 0 0 0 0 0
0 0 0 0 0 0 0
0 0 0 0 0 0 0
0 0 0 0 0 0 0
0 0 0 0 0 0 0
