-1.733398438
-1.733398438
-1.733398438
-1.733398438
-1.733398438
-1.733398438
-1.733398438
-1.733398438
-1.733398438
-1.733398438
-1.733398438
-1.733398438
-1.733398438
-1.733398438
-1.733398438
-1.733398438
-1.733398438
-1.733398438
-1.733398438
-1.733398438
-1.733398438
-1.733398438
-1.733398438
-1.733398438
-1.733398438
-1.733398438
-1.733398438
-1.733398438
-1.733398438
-1.733398438
-1.733398438
-1.733398438
-0.1137084961
-0.6899414062
-0.2125244141
-1.108398438
-0.470703125
0.7084960938
0.6284179688
0.9013671875
0.1442871094
-2.111328125
-0.306640625
-0.3088378906
0.3530273438
0.7436523438
0.6020507812
-0.1303710938
-1.7265625
1.405273438
-0.01022338867
-0.2015380859
-0.8432617188
-2.046875
-0.4282226562
0.7109375
-1.516601562
-2.1171875
0.9614257812
1.245117188
0.2067871094
-1.202148438
0.6030273438
0.9130859375
1.083007812
-0.568359375
0.642578125
1.53515625
0.09344482422
1.674804688
-0.8525390625
-1.500976562
0.3100585938
-0.8271484375
-0.2895507812
0.4582519531
0.8828125
2.5625
0.5620117188
-0.4106445312
-0.1441650391
1.413085938
-0.7602539062
-0.2180175781
-0.1890869141
-0.2998046875
-0.7856445312
0.984375
-0.6215820312
3.54296875
1.559570312
0.5415039062
-0.7084960938
-0.1932373047
0.1192016602
-1.559570312
0.5043945312
-1.513671875
0.4455566406
-0.4565429688
0.9467773438
-0.4431152344
1.092773438
-1.985351562
-0.7197265625
-0.4306640625
-0.1619873047
0.640625
0.1940917969
-0.3374023438
-0.01803588867
-0.2907714844
-1.49609375
-0.5571289062
1.424804688
-0.09197998047
-1.176757812
-1.5625
1.845703125
0.6899414062
1.01953125
0.1032104492
-1.35546875
0.08612060547
-0.880859375
0.328125
2.103515625
0.72265625
0.693359375
0.3781738281
1.0078125
1.036132812
0.9907226562
-0.5615234375
1.397460938
-1.052734375
0.9975585938
-0.4938964844
-0.7001953125
0.8959960938
-0.1158447266
0.3630371094
-0.1790771484
-0.421875
-0.83984375
-0.3806152344
0.9326171875
-0.8232421875
-0.06982421875
-1.043945312
0.5932617188
0.2340087891
-1.989257812
-0.3935546875
-2.33203125
-0.8774414062
-0.6123046875
0.2668457031
0.2705078125
0.8930664062
-1.284179688
0.1427001953
-0.3439941406
2.08984375
1.814453125
-0.6821289062
0.0174407959
0.548828125
0.5380859375
0.08215332031
-0.5141601562
0.7436523438
0.9033203125
0.1497802734
0.6254882812
0.1164550781
0.4765625
-0.6416015625
-2.0546875
1.145507812
0.67578125
0.08764648438
0.8657226562
-0.03591918945
0.7397460938
-0.6489257812
-0.7514648438
-0.1540527344
1.064453125
-0.626953125
-0.11328125
-0.08587646484
-0.7392578125
-0.70703125
1.240234375
-0.078125
-0.3725585938
-0.6557617188
-0.07482910156
-0.568359375
0.38671875
0.4853515625
1.07421875
0.8974609375
-0.5634765625
-0.556640625
1.037109375
0.5483398438
-0.81640625
-0.1859130859
-0.7734375
-0.126953125
0.1799316406
-0.5810546875
-1.780273438
-1.6484375
1.66015625
-0.6552734375
-1.109375
0.1876220703
1.334960938
-0.2976074219
1.057617188
-0.6552734375
-0.4697265625
0.6127929688
-0.1752929688
-0.07244873047
0.8481445312
-0.775390625
0.3916015625
0.3735351562
0.4714355469
1.314453125
-1.046875
0.9301757812
0.1711425781
-1.45703125
0.5209960938
1.2734375
-1.149414062
1.736328125
0.6025390625
0.8959960938
-3.3359375
0.9389648438
1.3515625
1.064453125
-0.09289550781
-0.4106445312
-0.5639648438
-0.1970214844
0.37890625
-0.5502929688
0.3168945312
0.2486572266
-0.85546875
0.3391113281
-0.32421875
0.0602722168
-1.573242188
-0.4567871094
0.3205566406
-1.892578125
-0.07012939453
-0.2922363281
1.090820312
-0.001441955566
-1.206054688
0.7265625
0.01281738281
1.135742188
1.782226562
0.6860351562
-0.6142578125
-0.1129150391
-0.03720092773
0.3823242188
-0.8154296875
0.451171875
1.645507812
-0.2788085938
0.7163085938
-1.235351562
-0.7724609375
-0.5454101562
0.0500793457
-1.564453125
-0.8041992188
0.1566162109
0.3137207031
1.432617188
-0.04843139648
-0.6923828125
0.9077148438
1.265625
-0.287109375
-0.05502319336
0.353515625
-1.876953125
1.864257812
-1.438476562
0.04986572266
-0.8896484375
-2.220703125
2.14453125
-0.50390625
0.3029785156
1.94921875
0.626953125
-0.6245117188
-0.9150390625
0.4831542969
0.09436035156
-0.8901367188
0.3566894531
-0.9482421875
-0.2583007812
-1.858398438
1.643554688
0.2736816406
-1.389648438
-1.030273438
-0.7006835938
0.7163085938
0.484375
0.6108398438
0.5336914062
-0.515625
-0.3674316406
0.2575683594
0.9853515625
0.15234375
-1.907226562
-1.376953125
0.05004882812
-0.1313476562
0.5981445312
1.404296875
1.434570312
-0.9404296875
-0.7065429688
-0.2454833984
-1.380859375
-0.4572753906
0.7836914062
-1.188476562
-1.0390625
1.260742188
0.2712402344
0.110168457
-1.05859375
0.2221679688
0.3278808594
1.078125
0.1306152344
0.1032104492
0.5478515625
0.02763366699
1.024414062
-0.2873535156
-1.630859375
0.1901855469
0.9584960938
0.3239746094
-0.1756591797
-1.185546875
0.07141113281
0.2105712891
-1.219726562
0.3249511719
1.163085938
-0.4655761719
1.990234375
-0.876953125
0.6533203125
-1.068359375
-0.8754882812
-0.7163085938
0.3017578125
1.204101562
0.3666992188
0.603515625
2.501953125
1.158203125
1.866210938
-1.552734375
-0.5029296875
0.5356445312
-0.6826171875
1.235351562
0.7182617188
-0.4643554688
0.3706054688
-1.7578125
-0.6083984375
-0.4685058594
0.3510742188
0.1947021484
1.103515625
-0.7451171875
1.42578125
0.8374023438
-0.3210449219
0.7622070312
1.017578125
-0.2470703125
1.782226562
-0.5883789062
-0.9716796875
0.951171875
1.015625
1.703125
-0.638671875
0.8159179688
-0.7075195312
1.6640625
-0.8486328125
-1.118164062
1.375976562
0.9458007812
0.4672851562
-0.5639648438
0.80859375
1.10546875
-0.4780273438
0.1763916016
-1.17578125
-1.344726562
0.6015625
-2.158203125
-0.4658203125
-0.3122558594
1.317382812
-1.736328125
-0.55859375
-0.03213500977
-0.1773681641
0.6123046875
-0.07336425781
0.5991210938
0.05450439453
-0.4653320312
-1.259765625
-0.6884765625
0.697265625
-3.638671875
0.4624023438
-1.846679688
-0.06243896484
1.465820312
-0.212890625
-0.1798095703
-0.03393554688
1.465820312
-0.3171386719
1.21484375
-1.005859375
-0.7397460938
-0.04263305664
-0.2763671875
0.337890625
1.640625
1.505859375
0.4985351562
-0.9741210938
-0.197265625
0.1304931641
-1.005859375
-0.5063476562
-0.5966796875
-0.9501953125
-0.08331298828
-1.0078125
0.03070068359
1.833984375
0.5229492188
1.130859375
-0.5537109375
0.8295898438
-0.3395996094
-1.192382812
0.9462890625
-1.158203125
0.1575927734
0.07507324219
-1.294921875
1.548828125
1.17578125
-0.9799804688
1.360351562
-0.986328125
-0.3071289062
0.6791992188
1.701171875
1.061523438
0.8603515625
1.543945312
1.975585938
-0.08374023438
0.35546875
0.02890014648
-1.387695312
-0.1159057617
0.828125
1.005859375
0.6889648438
-0.1873779297
0.640625
-2.1796875
-0.4675292969
2.025390625
-0.5595703125
-1.09375
-0.4421386719
-0.4748535156
0.1594238281
-0.1234130859
-0.517578125
-0.4382324219
-0.1832275391
-0.6103515625
-1.047851562
-1.85546875
-0.640625
-0.1811523438
0.2766113281
1.685546875
-0.1511230469
-1.310546875
-0.05462646484
-0.4362792969
0.1107788086
0.07092285156
0.5454101562
-0.02430725098
0.3513183594
-0.7475585938
-0.84375
0.71875
1.036132812
-1.5546875
1.827148438
0.3244628906
0.4357910156
0.3979492188
1.8046875
2.296875
0.1739501953
-1.046875
0.1317138672
0.3041992188
1.870117188
-0.580078125
1.743164062
0.5454101562
-1.241210938
0.1578369141
-0.0888671875
-0.189453125
0.8276367188
2.404296875
-1.984375
1.278320312
-1.454101562
-0.5004882812
0.7080078125
-1.139648438
-0.9951171875
0.4685058594
1.8828125
1.907226562
0.712890625
1.002929688
-1.834960938
-0.7397460938
0.03656005859
-0.6337890625
1.02734375
0.6328125
-0.1831054688
1.322265625
0.2646484375
0.380859375
-0.2332763672
-0.85546875
-0.2600097656
-2.06640625
-1.888671875
1.74609375
-1.280273438
0.3188476562
-0.8159179688
-1.303710938
0.07586669922
0.33984375
-0.5107421875
0.46875
-0.716796875
-0.3610839844
-0.9018554688
-0.5766601562
1.609375
0.9780273438
1.311523438
0.5952148438
-1.071289062
1.279296875
1.458984375
0.00256729126
0.4636230469
-0.2622070312
-1.038085938
1.169921875
0.1268310547
-0.1818847656
-1.502929688
-1.184570312
0.548828125
1.177734375
0.9936523438
-1.264648438
-0.09393310547
-0.7373046875
0.1767578125
-1.333007812
0.28125
-1.186523438
-0.8969726562
0.3493652344
1.961914062
0.4497070312
0.2797851562
1.5390625
-1.943359375
0.1177978516
-1.034179688
0.7080078125
-0.2749023438
2.490234375
-0.60546875
-0.6401367188
-0.6923828125
1.01953125
-0.4543457031
0.1677246094
0.5581054688
0.1684570312
-0.1800537109
-0.8481445312
-1.70703125
0.8061523438
0.4477539062
1.46484375
0.5004882812
1.555664062
0.9995117188
-0.494140625
1.5390625
-0.3273925781
0.7724609375
-0.6220703125
-0.4067382812
-1.176757812
0.1887207031
0.2609863281
-0.3176269531
0.06109619141
1.173828125
-0.004981994629
-1.610351562
-0.4885253906
-0.1271972656
1.00390625
0.1488037109
1.7421875
-1.251953125
0.7880859375
-0.6645507812
-0.9536132812
-0.1328125
-1.774414062
-0.7446289062
-1.109375
-0.2619628906
-1.46484375
1.797851562
0.2707519531
0.1639404297
-0.4204101562
-0.6577148438
1.631835938
0.3186035156
-2.2734375
-1.237304688
0.1483154297
0.8549804688
0.4916992188
0.7099609375
0.3894042969
-0.375
0.6337890625
0.2330322266
-0.849609375
-0.2502441406
-1.651367188
-0.6225585938
1.247070312
-1.514648438
0.1658935547
-0.8520507812
1.977539062
0.1966552734
-0.0417175293
-0.01179504395
0.1434326172
0.2036132812
-1.671875
0.2072753906
1.661132812
-0.05825805664
-0.8608398438
0.5004882812
0.501953125
-0.9599609375
2.330078125
-0.0274810791
0.9111328125
0.9169921875
-0.6958007812
-1.940429688
-0.1092529297
0.6088867188
0.07489013672
0.9594726562
1.467773438
1.63671875
-1.3984375
-0.7412109375
-0.755859375
0.1553955078
-0.8325195312
-0.1236572266
-0.09515380859
1.127929688
0.08715820312
-0.06817626953
-2.142578125
1.416992188
1.443359375
-0.06188964844
-1.555664062
-0.4465332031
0.5239257812
-0.7182617188
0.703125
0.8012695312
1.395507812
-0.02165222168
0.1341552734
-2.05859375
-0.083984375
1.002929688
0.609375
0.2248535156
-1.234375
0.8950195312
0.8100585938
0.05346679688
-0.9438476562
-1.727539062
-1.186523438
-0.7001953125
1.166015625
1.10546875
0.04998779297
-0.88671875
0.2412109375
-1.138671875
-1.338867188
-0.822265625
0.3203125
-0.107421875
0.8911132812
0.1950683594
-0.6416015625
2.552734375
0.2861328125
0.4067382812
-0.2213134766
1.154296875
-0.337890625
-0.0153427124
0.6899414062
-0.8686523438
2.212890625
0.09979248047
-0.2868652344
-0.6708984375
-0.9428710938
-1.126953125
0.03393554688
-2.3515625
-2.30078125
-0.8540039062
0.4467773438
-0.337890625
-0.03469848633
-0.9267578125
-0.02021789551
0.5180664062
-0.07556152344
-1.459960938
-0.3371582031
-1.743164062
2.8984375
-0.9360351562
-1.17578125
-0.4743652344
-0.3674316406
-1.987304688
-0.5400390625
0.333984375
0.1560058594
3.44921875
-0.8471679688
1.928710938
0.7934570312
-1.857421875
1.231445312
-0.6557617188
-0.06726074219
1.432617188
-1.7734375
-1.681640625
-1.241210938
-0.2485351562
0.1213989258
0.06610107422
0.4851074219
0.2469482422
-0.1168212891
-0.3771972656
0.2687988281
-0.2946777344
3.142578125
-0.1362304688
0.357421875
0.09710693359
0.759765625
0.6059570312
0.2336425781
-0.3010253906
-0.2907714844
-1.186523438
-0.8662109375
1.170898438
0.9462890625
0.7109375
2.509765625
0.5463867188
-0.4985351562
-0.7490234375
0.7631835938
1.36328125
-0.6396484375
0.02146911621
-1.005859375
-0.1235351562
1.7578125
0.6845703125
-1.098632812
0.1646728516
-1.333007812
0.09924316406
0.5776367188
0.7485351562
-0.1793212891
1.844726562
0.04135131836
0.8193359375
-0.3251953125
-0.6049804688
-2.458984375
1.59765625
1.836914062
-0.2509765625
-1.504882812
-0.6547851562
-1.938476562
-0.5556640625
-0.4995117188
-1.110351562
-0.3120117188
1.573242188
-0.28515625
0.9418945312
0.2927246094
-0.9428710938
0.8466796875
-0.4812011719
-0.09240722656
1.247070312
-0.2783203125
-2.9375
0.5932617188
0.4736328125
1.09765625
0.5405273438
-0.3159179688
0.5395507812
0.1990966797
-0.9287109375
0.1632080078
0.7099609375
-0.05914306641
-0.1424560547
-1.6484375
-0.9858398438
1.9140625
-0.3513183594
-1.123046875
0.7172851562
0.05221557617
1.111328125
0.6909179688
-1.10546875
0.587890625
-0.4006347656
-0.7690429688
-0.8818359375
0.5537109375
0.685546875
-0.1459960938
-1.166992188
-0.4919433594
0.794921875
0.9545898438
0.3005371094
0.8383789062
-0.119140625
0.8383789062
-2.02734375
0.9077148438
-0.7622070312
-0.705078125
-0.3874511719
0.5278320312
0.517578125
-0.2425537109
-0.5732421875
-1.80078125
0.7963867188
0.08203125
-0.9296875
-1.481445312
-0.6708984375
-0.5649414062
0.6401367188
1.899414062
0.1936035156
-0.3447265625
0.2568359375
-0.640625
0.2209472656
-0.06884765625
-0.4047851562
0.2407226562
-0.6020507812
-0.4438476562
-2.5
-1.015625
0.4699707031
-1.060546875
0.3276367188
2.34765625
-0.9091796875
-1.038085938
-0.7319335938
0.6318359375
-0.6494140625
-0.1358642578
-0.1052246094
-1.177734375
-0.7016601562
0.1892089844
-0.3466796875
0.3896484375
0.4116210938
-0.1400146484
0.0634765625
1.349609375
-0.4301757812
1.8828125
0.3110351562
0.9555664062
-1.227539062
-0.7666015625
1.196289062
-0.50390625
-0.7412109375
1.606445312
-1.9609375
-0.3872070312
0.2443847656
-1.118164062
0.9873046875
1.467773438
-0.1527099609
-1.012695312
2.736328125
0.4597167969
0.2125244141
-1.260742188
-0.1610107422
-0.4887695312
1.388671875
1.3828125
-0.4133300781
0.763671875
-0.7275390625
0.421875
0.5903320312
-0.4975585938
0.8325195312
0.87109375
0.564453125
1.545898438
-0.004138946533
-1.158203125
0.4421386719
0.603515625
0.7778320312
-0.6064453125
0.9165039062
-1.07421875
0.8168945312
-1.442382812
0.2088623047
-0.1530761719
0.8984375
0.6157226562
0.658203125
-1.833984375
-0.1815185547
1.390625
-0.1264648438
0.03295898438
1.0546875
1.806640625
-0.4914550781
-1.1015625
-0.07598876953
0.890625
0.0751953125
-0.6049804688
1.784179688
1.7265625
1.708007812
1.612304688
-0.1247558594
0.4133300781
0.900390625
1.106445312
1.151367188
1.271484375
-0.04388427734
0.3823242188
0.763671875
0.388671875
-1.482421875
2.1015625
0.7524414062
0.8588867188
0.7041015625
-0.2283935547
-0.1079101562
-0.517578125
-0.1245117188
-0.7041015625
1.219726562
-1.890625
0.4592285156
-0.4448242188
-0.4943847656
-0.9658203125
0.05926513672
-0.5771484375
0.1861572266
0.9936523438
0.3237304688
0.3471679688
-0.4448242188
0.3786621094
-0.8466796875
-1.712890625
0.3825683594
0.6616210938
-0.4626464844
-2.826171875
-0.5434570312
-0.1915283203
0.8671875
-1.038085938
1.155273438
-0.947265625
0.2990722656
-1.193359375
1.290039062
-0.93359375
-1.228515625
-0.9692382812
-1.563476562
-0.9873046875
-0.1336669922
-0.7822265625
-0.7602539062
-0.4907226562
0.8549804688
0.6840820312
1.198242188
0.4731445312
1.614257812
0.2412109375
0.6928710938
0.2132568359
0.568359375
0.48046875
0.27734375
-2.435546875
-1.03515625
0.7705078125
0.8330078125
0.298828125
-0.7241210938
-1
-0.84765625
1.108398438
1.1015625
-0.003625869751
0.779296875
0.4304199219
-1.538085938
0.9052734375
-0.1263427734
-1.265625
-2.40234375
2.16015625
-0.3791503906
-1.045898438
0.859375
0.3801269531
-1.2421875
0.02255249023
0.1649169922
-0.4091796875
-0.5673828125
0.6015625
1.102539062
1.5234375
-0.9404296875
-0.3295898438
0.435546875
0.3093261719
-1.008789062
-1.379882812
-1.40625
0.9272460938
0.4235839844
-0.3229980469
2.216796875
0.7983398438
-2.0859375
-1.038085938
-0.2673339844
0.3862304688
1.934570312
-1.341796875
0.84765625
-1.578125
-0.8276367188
0.103515625
-2.369140625
-0.5546875
-0.3017578125
-0.6142578125
-0.5556640625
-0.01782226562
0.08740234375
-1.254882812
-0.3813476562
0.8901367188
-0.87109375
2.15234375
0.02177429199
0.3928222656
0.1240844727
0.7397460938
-1.329101562
1.682617188
0.06945800781
0.5678710938
-0.03756713867
0.453125
-1.141601562
-0.5952148438
-1.66015625
0.8115234375
-0.5708007812
-0.2131347656
0.2349853516
0.08843994141
0.2142333984
-0.9833984375
0.7026367188
0.4123535156
0.04479980469
0.02233886719
-0.2612304688
-1.447265625
-0.7895507812
-0.9487304688
0.3566894531
-1.704101562
-0.9326171875
0.6157226562
-1.4921875
-0.2291259766
0.01340484619
0.9018554688
-0.6176757812
-0.4177246094
-0.007495880127
0.83984375
-1.979492188
-0.5693359375
2.12890625
-0.3876953125
0.3657226562
-1.875976562
0.09124755859
0.578125
-0.8676757812
-0.1845703125
-0.5986328125
0.6557617188
-0.9599609375
-0.05178833008
0.7749023438
0.1975097656
0.6372070312
-1.465820312
-1.135742188
1.282226562
0.8168945312
-0.4895019531
-0.6459960938
1.015625
-0.4775390625
0.9487304688
-1.016601562
0.05932617188
-0.3413085938
-0.1270751953
-0.9106445312
-0.4633789062
0.6240234375
1.3359375
-0.3161621094
0.36328125
-1.7265625
0.06518554688
-0.6899414062
-1.0546875
0.08929443359
-0.1265869141
-2.087890625
-1.359375
-0.1087646484
1.189453125
-0.7504882812
-1.044921875
1.779296875
-0.4169921875
-1.108398438
-0.1518554688
0.1818847656
-0.4956054688
1.216796875
-0.1227416992
1.08984375
-0.6020507812
-1.052734375
0.48046875
-0.003847122192
-0.2435302734
1.6171875
0.3747558594
-0.1102905273
-1.330078125
-0.2705078125
-0.5864257812
1.317382812
0.4577636719
-0.2242431641
0.93359375
0.9111328125
1.209960938
-0.1206665039
-1.295898438
1.540039062
-0.9858398438
0.1916503906
1.124023438
1.7734375
0.2946777344
-0.03591918945
1.20703125
-1.111328125
0.2185058594
-1.110351562
0.8071289062
0.09631347656
-1.258789062
1.799804688
-0.1527099609
-0.6240234375
0.4020996094
0.517578125
-1.489257812
0.2177734375
-2.876953125
-0.6328125
0.2561035156
0.2056884766
0.8129882812
-0.1320800781
-0.6606445312
0.9794921875
0.1055908203
-1.055664062
-0.8798828125
-0.5092773438
1.1328125
-0.1145019531
-1.250976562
0.158203125
-1.293945312
-0.8837890625
0.505859375
-1.051757812
0.1893310547
-0.5024414062
1.361328125
0.5278320312
-1.52734375
1.048828125
-0.8857421875
1.8125
-0.193359375
-0.3039550781
0.9375
0.638671875
0.4196777344
-0.4968261719
1.69140625
-0.1535644531
-1.104492188
0.71875
0.78125
-0.1198730469
0.2012939453
-0.05557250977
-0.5322265625
-0.4677734375
-0.8823242188
0.04010009766
-0.0008568763733
-1.81640625
0.4809570312
-1.700195312
0.4509277344
0.9599609375
0.1680908203
0.1184082031
-0.69921875
0.4206542969
0.5932617188
-0.1420898438
0.5859375
1.3046875
-0.80078125
0.2993164062
2.37109375
1.584960938
-0.9028320312
-0.5419921875
-1.11328125
-1.217773438
0.7866210938
-0.9853515625
-1.317382812
-2.267578125
-0.04736328125
-0.2614746094
-1.55078125
0.9873046875
1.61328125
0.5234375
-1.9140625
1.924804688
-1.142578125
0.9614257812
-0.7646484375
0.2355957031
-0.0426940918
0.4582519531
-0.4560546875
-2.189453125
-1.481445312
1.856445312
0.3430175781
-0.1307373047
-1.9765625
-0.9833984375
0.6928710938
1.118164062
-0.1455078125
1.23046875
-0.7998046875
-0.3347167969
-1.443359375
-0.3276367188
0.3818359375
0.09130859375
0.5712890625
-0.3095703125
-1.555664062
0.5317382812
-0.4392089844
-1.120117188
-0.6884765625
-1.546875
-0.04891967773
0.6655273438
-1.495117188
0.3308105469
-0.1376953125
-0.4899902344
-0.007335662842
1.744140625
1.015625
-1.540039062
-0.3103027344
0.1622314453
0.05166625977
1.020507812
-0.3259277344
0.05236816406
1.559570312
-0.8046875
-0.007965087891
0.04119873047
-0.3410644531
1.565429688
-1.5859375
-0.3374023438
-0.5249023438
-1.020507812
-1.104492188
-0.5166015625
1.05859375
0.4365234375
0.75390625
0.1058349609
0.064453125
0.5537109375
-1.014648438
0.318359375
-0.3393554688
0.05502319336
-0.3918457031
0.6665039062
-0.3767089844
-0.005237579346
1.828125
0.7021484375
-1.5859375
-1.857421875
-0.1502685547
-0.7734375
1.850585938
-0.2277832031
-0.8076171875
-0.1904296875
0.447265625
-0.6044921875
1.822265625
-0.1300048828
0.9536132812
0.5083007812
0.09533691406
-2.06640625
-1.176757812
-0.609375
1.514648438
-1.09765625
-0.9423828125
0.01936340332
0.986328125
-0.3540039062
-1.541992188
-1.012695312
1.338867188
0.4423828125
-0.2407226562
1.216796875
-0.7998046875
0.6293945312
0.7290039062
-0.1524658203
-0.4738769531
0.1672363281
0.5600585938
1.51171875
-1.853515625
-0.8286132812
-1.223632812
1.962890625
-0.51953125
-0.3205566406
0.3293457031
-0.8310546875
-1.515625
-0.7216796875
1.380859375
1.15234375
0.4340820312
-1.508789062
-0.5639648438
0.5815429688
-1.110351562
1.120117188
-0.5
1.38671875
-1.581054688
-0.501953125
1.243164062
-0.2185058594
2.0546875
-0.8173828125
0.1192016602
0.1173095703
-0.3088378906
0.9404296875
-0.3024902344
1.047851562
0.408203125
0.1394042969
0.4462890625
0.9921875
-0.2631835938
0.7622070312
-2.1015625
0.5815429688
0.06103515625
-0.4497070312
-0.4353027344
-1.072265625
0.4538574219
0.9790039062
-1.315429688
-0.4052734375
-1.09765625
0.01055145264
-1.278320312
0.8784179688
-0.4045410156
-1.116210938
-0.8828125
-1.524414062
0.8564453125
-0.716796875
-0.7919921875
-0.654296875
-0.4279785156
0.2526855469
-0.04473876953
-0.1097412109
-0.3557128906
0.9780273438
0.1086425781
-1.63671875
0.6083984375
-0.7153320312
0.7236328125
0.06530761719
0.3217773438
-0.9907226562
0.1531982422
-0.7099609375
-0.3020019531
-1.053710938
-1.029296875
1.040039062
-0.51953125
0.69921875
-1.29296875
0.5986328125
-0.5166015625
0.5952148438
-0.1378173828
1.021484375
-0.0309753418
0.2741699219
0.8696289062
0.8999023438
2.03515625
-0.1291503906
0.004005432129
0.1192016602
-1.5234375
0.9370117188
0.5688476562
0.845703125
0.740234375
-0.74609375
-0.8427734375
-0.2849121094
-0.509765625
-1.434570312
-1.184570312
0.5278320312
-1.526367188
-1.1484375
1.887695312
-1.060546875
-0.5219726562
-0.6127929688
-0.4670410156
-0.4248046875
0.7158203125
0.4831542969
-0.3903808594
-0.9750976562
0.341796875
0.7412109375
1.545898438
0.5551757812
1.41796875
-0.501953125
0.84375
-1.54296875
2.130859375
0.2458496094
-1.708984375
0.615234375
-0.5424804688
-0.783203125
-0.3547363281
-0.05258178711
-0.1810302734
0.2283935547
0.07629394531
1.533203125
0.3896484375
-0.02102661133
0.68359375
0.06604003906
-0.501953125
-1.268554688
0.9033203125
-0.69140625
0.03833007812
1.162109375
-0.8046875
-0.006252288818
1.15234375
-1.294921875
-0.5170898438
1.538085938
0.7749023438
1.63671875
-0.1033935547
0.88671875
1.004882812
0.8427734375
0.1884765625
1.541015625
1.208984375
-1.337890625
0.6762695312
-0.01393127441
0.6484375
0.2915039062
0.9926757812
1.592773438
-1.846679688
-0.5517578125
0.2216796875
0.5141601562
-0.05932617188
-0.619140625
1.060546875
1.421875
1.38671875
1.251953125
-0.9028320312
-0.2293701172
1.166015625
-0.4985351562
-1.03125
-1.778320312
-1.491210938
1.750976562
0.1178588867
1.634765625
-0.1627197266
-0.1932373047
-2.033203125
-0.224609375
0.2739257812
1.474609375
-0.4562988281
0.5322265625
-0.2529296875
0.2734375
0.4545898438
0.3513183594
0.1378173828
-0.8764648438
0.9130859375
0.5991210938
2.060546875
-0.4946289062
-0.0598449707
1.383789062
-0.2438964844
-0.01823425293
-0.4411621094
0.7143554688
2.298828125
0.8422851562
0.3454589844
0.05242919922
0.365234375
0.2218017578
1.873046875
0.06143188477
0.4875488281
0.7084960938
1.240234375
0.419921875
-0.470703125
-1.305664062
-1.467773438
0.2058105469
0.267578125
-0.9184570312
1.250976562
1.416015625
-0.6381835938
-0.2561035156
-0.0390625
0.8764648438
1.43359375
-0.556640625
0.2846679688
-0.3188476562
0.5288085938
0.5209960938
0.3889160156
-0.2109375
-1.946289062
-0.1712646484
1.083007812
0.1553955078
-2.634765625
1.079101562
0.2604980469
0.3464355469
-2.470703125
0.8037109375
-0.04495239258
1.676757812
-0.7651367188
-0.5283203125
-0.3186035156
-1.5
-0.654296875
0.6118164062
1.125976562
0.7978515625
-0.9770507812
-0.5068359375
0.2687988281
1.485351562
-0.6103515625
-0.783203125
-0.6557617188
-0.1240844727
-1.963867188
2.0546875
1.381835938
-0.4028320312
1.436523438
0.4265136719
0.2536621094
0.7138671875
-1.276367188
-0.3823242188
1.703125
-1.203125
-1.215820312
-0.677734375
-0.1500244141
-0.6943359375
1.709960938
0.2717285156
-1.787109375
1.918945312
0.8569335938
-0.3225097656
-1.296875
0.310546875
-0.2482910156
1.87890625
0.5043945312
-0.09802246094
-0.06161499023
1.548828125
-1.528320312
-0.4521484375
-0.3371582031
0.6064453125
0.007278442383
-0.703125
-1.076171875
-0.6538085938
-0.5302734375
0.3391113281
0.5727539062
-0.2165527344
-1.205078125
-2.291015625
0.05868530273
0.3793945312
1.465820312
0.4516601562
0.947265625
1.051757812
0.8168945312
0.7783203125
-0.4638671875
-0.04336547852
-0.1970214844
0.1273193359
1.006835938
-0.3720703125
0.3322753906
-0.2595214844
0.6508789062
-0.7377929688
-0.4528808594
0.4165039062
0.3850097656
0.3874511719
1.125
-0.8100585938
-0.1070556641
-3.2109375
-0.8442382812
-1.395507812
0.4340820312
0.7265625
-0.2170410156
-0.2384033203
-0.5766601562
1.682617188
-0.8740234375
1.033203125
1.130859375
0.04556274414
-1.428710938
0.3784179688
-0.734375
0.9169921875
1.36328125
1.01171875
-0.8466796875
0.3618164062
-1.19921875
1.645507812
1.735351562
0.7358398438
-0.63671875
-0.1910400391
1.42578125
0.3579101562
0.1479492188
-0.1143188477
-1.383789062
-0.572265625
-0.9741210938
-0.8076171875
-0.02757263184
1.291992188
-0.3879394531
1.163085938
-0.7436523438
1.173828125
-0.6030273438
-0.2360839844
-1.420898438
-0.1833496094
-1.41796875
1.040039062
-0.587890625
1.26953125
-2.13671875
0.5288085938
0.6000976562
-2.34765625
-1.081054688
-1.498046875
0.158203125
0.1661376953
2.40234375
0.8217773438
-0.6484375
-0.2322998047
-1.224609375
0.7583007812
0.6547851562
-0.83984375
0.7475585938
1.2890625
0.4411621094
0.5649414062
0.4877929688
0.7475585938
1.274414062
0.02813720703
-0.8422851562
0.3039550781
0.904296875
0.525390625
0.9462890625
0.2200927734
-0.2171630859
-0.09008789062
0.4829101562
0.1783447266
0.1093139648
-0.6821289062
0.6557617188
0.2961425781
0.1146850586
-1.473632812
0.5102539062
-0.697265625
0.1154174805
0.00193977356
-1.030273438
0.5883789062
-0.333984375
1.1953125
-0.2340087891
0.2658691406
-0.78125
0.5649414062
-0.578125
1.579101562
0.3129882812
0.6801757812
-0.01100158691
-0.03286743164
-0.666015625
-1.59765625
1.327148438
1.420898438
-1.611328125
0.04568481445
-1.547851562
-2.03515625
-2.203125
1.219726562
-0.30859375
1.758789062
0.5380859375
2.869140625
-0.5532226562
0.9418945312
1.043945312
0.5014648438
0.7377929688
1.12109375
-0.4978027344
0.4931640625
0.4396972656
-0.7836914062
0.1638183594
1.5078125
1.236328125
2.115234375
-0.986328125
-0.62890625
-0.3901367188
-0.1011962891
0.4719238281
-0.830078125
0.1993408203
1.672851562
1.205078125
-0.4616699219
-0.5952148438
-1.733398438
-1.733398438
-1.733398438
-1.733398438
-1.733398438
-1.733398438
-1.733398438
-1.733398438
-1.733398438
-1.733398438
-1.733398438
-1.733398438
-1.733398438
-1.733398438
-1.733398438
-1.733398438
-1.733398438
-1.733398438
-1.733398438
-1.733398438
-1.733398438
-1.733398438
-1.733398438
-1.733398438
-1.733398438
-1.733398438
-1.733398438
-1.733398438
-1.733398438
-1.733398438
-1.733398438
-1.733398438
