48879
-1925016452
-1066273791
-29879429
1030406511
758321768
2068685308
777800131
658648679
-1490354057
482916100
-2119847032
-714515654
705516481
-1965704567
57005
1668118448
1935005123
-730183635
-923655427
-1745956260
-1996889290
2142182446
-1994936485
-980551622
-868076796
-1536611249
-902720127
390173146
688524931
920573373
57005
1257351657
-1951117309
464769429
-1306513599
1289025866
1866317152
-1791029032
-2072681484
-1848562483
-1096271242
-2117193534
1578595955
-292404591
-467848142
-1466819001
57005
-1603174065
-1627439678
-910812653
-1927038200
-1827668106
1745698313
370782797
1589685665
320875282
431286650
1514789964
976663507
-170763
1603630800
114031545
57005
1933768348
832396374
588501932
1737993237
2067846969
1954607471
-26334645
1102585470
170347731
843643589
641877598
1825603485
366353550
263756156
1020551785
57005
1095968681
1694687695
-204168722
-1224580417
-754462096
1668302547
556997143
-106075008
1249689868
-261437729
-1056528429
-806886840
2089714940
1117174735
907370523
57005
-162230376
-598160660
822741082
1731640603
1993900003
-2047894390
1080777278
-212870419
-24081031
1854294145
463866744
-411133134
-749461549
-773517173
1864690597
57005
48830
199682291
-282962326
-1324321104
-386514702
1006645715
331202383
-1410284223
-174491048
-1308000648
-424497793
124862454
-1264735281
265545243
-144878193
4064
