26 1 30 56 77 65 28 14 11 100 27 83 124 102 23 20 9 109 77 100 17 87 13 33 127 57 75 21 119 69 35 44 35 21 77 126 79 60 99 55 88 95 32 44 35 19 17 37 66 22 95 108 122 15 58 68 67 20 103 114 77 102 94 77
69 11 15 80 108 86 13 60 70 45 31 14 43 16 40 53 110 43 97 4 108 26 115 86 103 127 122 77 78 42 96 116 30 98 16 91 82 109 53 61 86 31 39 12 122 83 34 4 72 28 69 126 24 94 21 65 44 68 123 90 88 71 118 0
83 43 86 95 74 38 110 53 87 74 28 53 89 15 98 19 45 66 64 126 57 52 110 0 80 65 28 83 69 7 28 111 50 32 2 59 34 68 90 107 75 83 108 19 72 38 3 114 117 18 101 90 44 42 12 12 59 56 85 91 51 110 52 108
85 42 82 71 115 71 41 89 111 114 25 22 42 76 27 8 19 55 82 111 38 50 11 78 94 54 77 10 25 41 26 10 37 97 42 18 63 5 45 115 101 112 41 91 64 98 103 71 58 51 117 46 119 6 10 102 60 67 24 11 25 101 109 11
42 50 116 36 45 52 87 79 120 12 88 124 117 53 56 115 117 3 74 95 48 6 109 121 10 91 53 104 86 44 22 113 27 106 110 56 25 24 53 28 82 96 35 13 77 34 29 91 16 66 79 109 29 115 92 44 78 109 119 88 50 101 105 122
46 52 63 117 115 121 37 63 86 88 105 6 21 80 81 112 40 73 9 56 6 111 124 49 101 90 51 32 0 107 52 59 33 3 16 3 42 117 89 3 0 70 93 49 72 60 34 7 124 23 82 35 49 115 122 42 26 31 77 120 17 27 123 28
15 98 46 122 58 30 3 36 16 38 47 45 89 47 38 104 3 29 29 21 74 65 107 11 93 35 17 89 52 126 70 124 0 126 57 89 86 89 108 5 69 43 71 23 85 18 100 17 94 125 100 29 120 41 32 73 100 11 117 93 26 38 8 117
20 75 118 28 32 106 61 116 14 1 51 102 116 43 53 17 2 6 42 81 107 37 36 57 32 107 58 94 121 10 67 122 81 67 112 97 92 87 21 65 43 126 5 41 24 118 56 84 54 122 15 94 13 38 27 95 91 50 118 48 8 57 44 21
31 68 86 68 41 52 95 58 73 122 38 121 14 70 28 122 110 2 82 9 91 28 78 34 5 11 110 37 76 92 18 66 7 7 118 121 83 46 3 50 84 66 44 7 86 15 76 66 111 8 59 77 76 116 120 70 14 70 101 97 40 21 23 112
100 43 0 9 106 79 109 71 55 112 88 49 11 88 80 59 25 109 111 77 40 35 120 22 42 5 110 68 42 24 17 61 12 42 77 27 17 58 59 62 56 91 50 55 26 31 110 8 103 95 83 91 96 67 45 120 97 111 66 25 7 5 79 23
47 102 93 44 12 68 24 19 117 81 110 81 65 73 118 44 113 46 62 75 110 76 113 110 120 54 74 18 34 102 52 25 109 13 117 44 43 87 104 64 50 42 118 85 22 55 117 18 81 75 54 91 91 59 58 32 18 27 122 51 124 125 48 36
25 98 97 126 98 39 79 37 76 125 86 123 53 21 15 27 111 34 59 44 45 71 107 54 118 85 84 25 103 84 24 104 64 5 22 114 63 86 42 106 22 95 29 76 106 17 86 78 96 20 56 102 22 90 44 43 81 87 114 46 39 50 41 6
49 47 83 90 5 90 8 116 108 56 30 20 89 39 111 44 76 48 86 19 100 117 116 91 16 27 40 65 24 57 113 40 5 74 120 124 37 5 44 74 13 65 39 2 118 116 98 96 23 18 17 63 112 115 124 87 108 34 61 0 99 24 44 48
123 125 106 97 88 15 97 92 18 22 82 24 15 53 114 72 0 41 18 96 33 79 107 103 54 17 33 88 124 44 5 20 121 69 95 104 47 106 38 30 105 9 29 120 115 17 59 87 115 124 72 94 14 3 62 39 8 108 8 25 3 80 15 14
98 120 51 68 118 4 19 78 17 110 1 92 12 3 41 108 73 60 94 104 7 66 111 62 109 127 8 93 116 10 98 100 124 41 12 35 119 12 11 36 73 123 119 72 51 70 1 117 55 59 22 102 39 63 102 84 22 28 77 89 50 68 118 94
88 30 49 19 107 54 80 108 1 24 12 121 102 91 105 118 69 66 57 98 81 74 117 83 63 68 82 85 58 59 82 125 110 61 15 127 87 104 67 14 88 107 54 34 54 13 48 82 101 99 6 29 82 48 88 15 110 117 103 50 71 81 91 79
115 82 41 16 62 44 76 6 26 9 33 35 24 5 23 17 86 5 28 125 24 54 80 45 23 74 25 126 114 125 97 27 2 74 37 60 77 50 89 47 20 53 55 102 93 58 71 50 19 111 95 85 58 70 8 108 0 28 62 71 55 117 67 34
122 2 117 108 103 6 26 0 90 79 101 70 43 86 40 122 74 41 116 32 49 62 99 36 104 58 126 80 98 47 4 47 95 2 115 46 61 98 115 13 62 111 124 60 30 94 16 123 23 115 22 81 49 117 77 113 78 78 69 26 14 49 35 118
7 78 2 61 46 76 104 97 87 103 95 60 31 127 93 115 112 12 0 33 61 78 107 77 120 92 97 81 117 70 92 118 30 63 124 24 37 13 7 90 53 1 80 100 77 88 55 93 92 83 84 60 116 21 34 100 15 49 121 127 112 42 16 79
57 118 1 3 84 38 97 93 5 80 102 88 68 68 19 63 15 50 104 36 103 72 68 41 56 65 8 106 99 85 63 85 21 33 54 28 37 122 109 96 17 70 64 126 96 0 87 3 3 124 81 26 42 58 31 32 27 105 104 54 99 59 69 61
79 33 86 113 105 87 55 112 12 55 17 53 76 112 100 42 38 60 41 80 78 17 22 53 114 29 121 97 57 67 66 70 119 17 105 6 39 69 85 121 64 67 109 48 51 113 106 28 20 89 77 8 122 46 75 41 50 55 50 69 127 19 87 26
37 71 64 53 112 112 23 127 46 70 82 85 62 56 54 59 98 61 29 92 21 74 83 125 28 114 40 41 97 64 30 29 111 17 118 121 16 37 13 86 88 78 109 55 21 66 55 118 18 56 43 97 34 113 124 0 51 84 92 69 36 64 50 0
90 20 52 15 107 122 60 53 39 25 79 91 64 99 73 63 42 16 120 58 22 6 43 52 70 107 78 33 45 108 67 77 77 15 70 95 18 1 9 49 124 80 100 11 69 21 31 104 83 0 53 110 116 57 69 82 17 5 44 96 22 22 25 76
6 78 43 26 25 96 78 35 108 54 63 90 56 68 60 1 54 121 96 79 86 37 118 79 77 28 25 34 78 66 86 28 33 96 40 40 22 70 2 57 31 30 81 42 6 104 0 60 13 51 95 5 102 9 70 89 97 29 99 20 125 59 80 96
73 114 62 110 41 50 63 75 55 79 40 31 14 61 26 27 80 63 109 58 113 57 1 126 35 113 70 12 14 88 86 59 21 127 62 89 96 74 73 24 100 47 42 116 37 40 44 87 39 109 119 96 16 87 100 56 1 95 120 123 61 87 8 67
80 16 116 49 111 93 39 57 74 84 20 17 54 28 23 73 108 16 17 41 111 83 100 44 81 16 72 13 48 28 94 3 81 122 19 119 119 46 106 107 8 76 78 26 14 91 100 118 18 89 51 25 88 25 25 45 91 48 81 95 52 2 65 96
41 18 16 107 32 75 48 55 62 2 106 48 54 25 98 71 51 99 116 117 6 45 45 99 15 23 60 53 61 0 48 24 9 117 79 15 57 71 28 102 91 5 15 19 79 70 104 77 42 25 89 77 70 32 25 120 44 83 62 66 51 67 124 25
74 1 13 107 29 48 11 89 43 32 12 77 87 125 97 107 25 20 27 47 99 39 65 105 72 86 78 76 22 80 125 47 123 1 83 19 58 45 2 54 11 39 65 127 99 77 15 82 33 43 124 109 5 76 63 99 21 17 11 51 122 117 93 116
50 103 70 95 47 18 5 83 26 52 106 100 47 6 58 68 10 14 63 2 121 68 22 52 36 8 14 2 92 69 16 25 20 71 20 120 10 37 71 105 87 124 34 118 13 118 13 9 11 37 107 118 109 33 40 9 121 16 16 66 61 94 114 0
11 102 3 41 12 97 105 84 85 120 3 81 68 18 1 11 80 73 97 5 7 124 50 10 62 56 126 11 72 1 7 121 10 123 52 99 9 84 83 111 7 35 92 105 75 124 13 111 53 113 84 85 20 107 49 93 38 19 87 86 6 8 0 25
37 37 117 60 43 85 43 73 118 61 121 5 16 50 113 37 23 50 9 119 71 20 119 69 84 56 125 38 87 32 58 17 55 91 56 115 95 75 47 41 26 73 109 120 51 41 31 105 25 24 74 22 97 56 51 103 125 86 92 30 63 70 103 32
84 1 17 46 32 100 97 83 34 50 113 124 117 17 109 125 87 71 124 29 43 52 9 86 51 48 10 65 57 89 35 32 46 12 39 88 67 41 18 81 100 93 18 57 22 122 53 79 64 11 23 33 52 120 7 17 56 111 4 25 29 53 12 82
