68 0 0 0 0 0 0 0 0 0 0 0 0 0 0 0 0 0 0 0 0 0 0 0 0 0 0 0 0 0 0 0
10 -63 0 0 0 0 0 0 0 0 0 0 0 0 0 0 0 0 0 0 0 0 0 0 0 0 0 0 0 0 0 0
19 36 -45 0 0 0 0 0 0 0 0 0 0 0 0 0 0 0 0 0 0 0 0 0 0 0 0 0 0 0 0 0
67 120 -55 26 0 0 0 0 0 0 0 0 0 0 0 0 0 0 0 0 0 0 0 0 0 0 0 0 0 0 0 0
106 -66 -36 109 89 0 0 0 0 0 0 0 0 0 0 0 0 0 0 0 0 0 0 0 0 0 0 0 0 0 0 0
-91 81 -70 -111 -82 -118 0 0 0 0 0 0 0 0 0 0 0 0 0 0 0 0 0 0 0 0 0 0 0 0 0 0
112 -49 -55 33 -85 -22 -75 0 0 0 0 0 0 0 0 0 0 0 0 0 0 0 0 0 0 0 0 0 0 0 0 0
25 29 -36 125 -53 -7 32 -49 0 0 0 0 0 0 0 0 0 0 0 0 0 0 0 0 0 0 0 0 0 0 0 0
81 109 5 -110 6 -112 -87 -96 -69 0 0 0 0 0 0 0 0 0 0 0 0 0 0 0 0 0 0 0 0 0 0 0
22 -52 -73 113 -30 -21 -46 42 -122 22 0 0 0 0 0 0 0 0 0 0 0 0 0 0 0 0 0 0 0 0 0 0
28 118 87 -82 74 -65 -39 -34 50 48 51 0 0 0 0 0 0 0 0 0 0 0 0 0 0 0 0 0 0 0 0 0
-64 24 -95 80 -96 -36 22 -89 -80 84 38 -80 0 0 0 0 0 0 0 0 0 0 0 0 0 0 0 0 0 0 0 0
32 -67 -56 30 67 -73 -107 11 -15 119 109 17 21 0 0 0 0 0 0 0 0 0 0 0 0 0 0 0 0 0 0 0
53 -102 29 -21 81 30 -32 114 58 60 10 40 -54 -5 0 0 0 0 0 0 0 0 0 0 0 0 0 0 0 0 0 0
64 46 -4 -89 125 -2 -71 5 71 57 -100 -46 -89 -14 120 0 0 0 0 0 0 0 0 0 0 0 0 0 0 0 0 0
31 93 -98 16 0 9 107 -1 -92 67 77 -31 -90 -15 -101 -106 0 0 0 0 0 0 0 0 0 0 0 0 0 0 0 0
-1 -4 -5 -71 -103 -40 47 32 86 -18 -19 -124 54 -1 117 -74 -28 0 0 0 0 0 0 0 0 0 0 0 0 0 0 0
109 92 98 106 104 -74 -102 -95 42 73 106 -81 86 -91 -109 23 50 -30 0 0 0 0 0 0 0 0 0 0 0 0 0 0
-67 59 6 -67 93 18 28 -111 62 115 -99 49 -44 7 9 36 -17 35 30 0 0 0 0 0 0 0 0 0 0 0 0 0
8 1 2 29 120 -61 51 -55 -57 97 78 111 -22 -45 -67 -46 59 96 116 -103 0 0 0 0 0 0 0 0 0 0 0 0
-120 -127 94 -34 58 79 -45 0 -8 -115 -109 -6 37 -70 -93 -21 -72 -65 52 123 109 0 0 0 0 0 0 0 0 0 0 0
115 -53 37 45 94 17 -80 -125 -80 -72 -59 67 10 -41 -89 68 -74 59 -51 -81 -43 -100 0 0 0 0 0 0 0 0 0 0
-60 54 97 -65 96 76 16 25 54 66 -63 -102 -54 111 13 -48 -59 -40 -43 120 -65 -1 65 0 0 0 0 0 0 0 0 0
42 -67 75 54 -106 28 10 87 36 78 96 -35 -79 40 124 32 -31 1 -60 -126 46 97 25 -15 0 0 0 0 0 0 0 0
-57 84 -99 30 -3 -58 21 -84 95 8 -64 8 121 67 47 -13 -82 -15 68 92 61 3 121 28 -83 0 0 0 0 0 0 0
-38 -124 38 -1 127 -90 -3 -6 11 3 73 -88 -106 -42 -121 106 36 -12 85 12 79 -70 74 -18 -17 -60 0 0 0 0 0 0
107 -34 65 25 -109 124 48 21 -18 79 -107 122 -69 -122 -48 -70 65 34 111 -67 60 1 -21 -26 -59 -113 -121 0 0 0 0 0
103 -121 -115 15 -114 43 -80 -101 -32 -115 -48 -64 -70 55 76 41 -79 29 73 -16 9 -101 -73 -5 -63 -85 4 -79 0 0 0 0
-2 -75 80 77 -24 75 66 117 -108 35 27 -47 -38 -27 -66 111 115 -25 50 106 23 -122 -72 -125 60 119 48 -35 9 0 0 0
64 121 -9 -83 -62 76 -96 -54 -93 12 -49 -28 90 -92 -16 4 57 -20 -75 -30 -100 -83 115 106 78 102 -8 -94 -5 36 0 0
119 38 -88 -116 59 -91 22 11 -67 -42 -85 -123 7 -126 106 45 123 -24 51 65 115 -117 17 -19 -105 38 122 -37 -88 -55 -45 0
20 95 -1 -56 49 111 49 86 61 43 38 61 -68 -106 50 101 -66 -68 -92 -10 113 13 78 119 -93 25 114 40 110 75 27 1
101 90 95 -40 -88 -111 56 102 114 18 25 31 -97 -8 -54 12 117 -89 -12 -49 105 -66 118 39 -24 -89 -107 -7 36 -120 -67 26
22 6 91 106 -1 108 -64 48 -62 47 27 -108 78 -37 -82 103 -13 86 96 -53 92 71 -111 1 119 -43 22 -67 1 -14 51 50
-44 -32 83 85 -71 -8 -72 -86 27 -92 81 -73 -80 24 96 50 53 -38 -66 -70 -6 -12 78 43 34 -81 66 41 -65 -26 124 110
-69 103 125 -51 -46 55 87 23 -34 53 54 -35 54 83 -14 -67 48 79 -105 42 116 95 -71 29 -103 -35 118 101 -10 -6 -90 -21
-16 90 -1 38 121 -51 -22 -106 -24 29 87 -102 46 82 -41 49 74 6 79 18 -52 81 -21 -79 -45 123 48 -1 6 -123 -76 -43
12 -73 -17 22 72 60 80 53 2 11 19 -40 -53 14 -8 24 96 67 89 4 -66 42 -29 -32 45 19 125 111 19 -20 42 -40
-42 97 -47 59 4 119 -38 73 56 -97 -18 110 127 72 50 87 11 -28 -19 -72 96 96 61 101 -37 -46 66 3 77 -10 -110 -41
-90 50 109 40 -115 -115 -56 -114 63 98 -9 64 -117 -55 -20 20 -53 -18 32 -37 -18 -105 -15 -115 83 30 -62 41 79 -80 15 -34
42 -9 -26 78 83 39 -83 -66 -33 -52 -119 -117 8 -30 35 40 50 -107 98 55 35 59 -9 0 -117 64 107 -51 45 -99 49 -2
-10 82 -91 37 121 -12 101 -1 57 -74 44 -106 92 -35 50 51 -85 -16 44 55 79 -33 120 -58 -66 -74 -84 2 -83 -113 -11 117
4 106 -80 -13 109 57 15 113 42 -122 4 -90 13 -82 -34 -57 84 22 33 5 -100 107 15 104 88 -90 -112 -99 -66 118 3 107
-103 -41 -55 -88 116 64 8 73 28 -14 78 124 83 -39 -32 -72 -20 -91 20 -9 -41 69 58 16 127 -44 121 -120 -69 -79 -49 11
75 -107 48 -102 -31 -60 115 -56 52 89 49 -96 -89 60 48 62 -68 -70 106 -120 -69 41 63 -29 125 29 122 111 -24 -57 9 -108
72 -67 88 55 20 63 86 -74 27 74 61 -108 -29 -56 -57 -110 69 10 -94 81 -99 -85 -69 -69 -125 -115 71 -27 67 -69 -36 -36
106 63 64 -7 -16 64 76 90 72 62 -20 -112 116 10 -103 121 -13 64 -89 123 111 -88 79 127 5 80 -15 -24 -44 38 -71 -119
15 54 64 -123 -6 1 -24 72 49 105 -116 95 -9 77 3 -51 99 76 102 -100 -108 95 90 -116 -39 -77 69 -93 -51 76 67 -88
121 -74 42 61 -6 5 118 -118 88 -85 49 -63 -75 -126 -47 59 32 -80 40 -118 -79 -78 -9 30 -88 105 21 -43 116 102 33 94
-78 -114 125 21 -3 109 -58 -39 83 80 36 99 -21 87 118 54 -52 59 -110 17 40 36 -26 -71 81 -10 54 -116 -3 75 18 -100
8 -63 78 -101 -49 54 53 -15 -62 -61 -14 -70 -13 104 0 82 36 49 102 16 15 0 -3 88 -120 0 -108 74 -78 10 59 -126
-2 -104 -29 -115 -115 81 92 -73 -21 30 24 4 -115 11 -86 52 127 97 -69 63 55 -22 110 -115 10 79 -44 94 22 4 -45 21
-22 45 -113 -96 7 113 -106 -6 -91 -16 3 -123 38 -76 -40 62 30 17 1 -97 38 -89 -113 24 96 32 -33 -12 38 -45 118 -103
-114 11 23 43 36 0 31 38 -34 -72 -20 -6 67 108 -70 -79 -13 33 -98 15 -35 -8 68 79 -29 -92 -76 -11 55 3 -63 -15
-9 97 -85 69 31 13 -84 117 -29 73 59 -81 21 58 27 -96 21 11 -71 -25 77 127 92 59 -65 44 -27 -113 94 16 28 -64
113 -1 -110 17 -34 73 70 -9 120 109 -25 109 87 89 -101 9 81 -13 -25 -76 -115 -111 -59 -75 -39 119 -16 -102 101 -18 46 56
-17 115 41 -15 -32 6 103 -70 15 35 80 95 -26 68 -44 80 -17 -23 66 43 9 -32 24 62 94 96 39 -68 -42 -44 -108 -66
74 -9 -110 -103 123 4 56 -83 0 -109 -68 -120 58 -35 -37 49 -15 16 100 -65 -33 54 114 -70 -76 67 -66 -115 62 -124 3 -4
-112 -57 46 99 -50 105 63 -6 66 14 -65 -122 62 85 69 -110 -12 -113 56 119 -24 -111 -17 93 -56 -39 28 104 -47 -41 95 -91
-119 18 109 -65 117 -29 -55 68 125 -120 37 107 69 47 56 -55 21 86 35 -52 60 -45 97 -127 110 114 -1 3 13 -96 17 -46
61 -96 69 52 104 59 -12 -105 -47 110 -57 -16 111 86 -111 111 -69 92 85 76 -97 110 -25 32 -84 -34 91 41 109 -19 9 -63
-78 31 4 54 -4 -4 -38 -80 74 -87 -20 120 79 108 -70 -111 34 112 99 62 -23 88 -45 28 122 99 -46 -19 -97 118 -47 -88
-15 12 -45 -78 -28 -3 -116 16 98 -45 83 -124 -20 111 35 -79 118 119 -126 86 125 53 -9 58 123 93 -53 -115 -105 126 98 113
84 54 -33 -33 -46 -98 -91 13 -122 -118 -3 5 -35 -13 126 -47 23 -38 -97 65 -24 97 -84 14 124 -111 85 -30 43 46 85 80
0 114 66 81 53 -123 -83 -99 126 57 -29 47 32 23 -25 -60 35 89 13 -76 -24 23 -12 -102 109 -29 -122 -43 80 85 -56 122
0 0 -21 -79 97 -96 20 -109 67 -85 -20 75 -59 86 -122 106 -88 19 34 17 -39 60 64 -90 47 -103 110 19 40 -119 -34 -120
0 0 0 -101 16 75 -62 -41 87 15 -111 107 -117 -81 120 -96 -3 59 20 -102 38 -52 -77 67 125 34 127 -24 56 23 -96 21
0 0 0 0 -87 2 -36 59 -2 -94 100 -65 47 -43 -12 70 -22 -71 80 -28 -81 -47 1 -98 -88 15 87 -94 56 102 -72 -113
0 0 0 0 0 -48 -68 96 -12 -53 13 47 125 111 21 87 -93 18 80 92 35 -123 112 55 -117 114 122 -33 -61 123 -100 6
0 0 0 0 0 0 34 54 -63 10 37 43 46 81 -80 86 -98 -106 -113 99 16 32 90 -50 -106 92 10 122 50 122 -100 66
0 0 0 0 0 0 0 32 -98 -81 2 -106 -66 52 -8 -86 45 -103 65 40 -98 62 -6 -108 45 -88 -20 -39 -18 -44 24 1
0 0 0 0 0 0 0 0 90 -44 92 66 58 -10 -109 -92 -52 7 28 84 -6 74 4 48 6 -122 -27 -52 52 52 12 126
0 0 0 0 0 0 0 0 0 -39 38 53 -68 -60 93 77 85 60 119 98 22 -32 102 45 -84 70 35 -17 39 113 79 87
0 0 0 0 0 0 0 0 0 0 -62 -100 -22 88 93 -28 -22 -120 -51 81 109 -16 73 18 -38 -24 -69 -18 1 -38 72 -82
0 0 0 0 0 0 0 0 0 0 0 -116 -103 71 -111 -84 -106 -107 -59 4 64 120 119 101 -14 -100 24 64 -114 -63 77 119
0 0 0 0 0 0 0 0 0 0 0 0 40 -32 2 -32 -94 52 -64 -38 103 -2 -16 -117 74 69 -32 -67 114 111 121 -5
0 0 0 0 0 0 0 0 0 0 0 0 0 -55 -3 -22 16 -51 52 37 80 118 -64 111 77 84 -11 109 -3 18 -56 63
0 0 0 0 0 0 0 0 0 0 0 0 0 0 -52 -118 -104 -112 -86 -17 -101 -92 2 -126 -103 123 -122 93 66 17 4 61
0 0 0 0 0 0 0 0 0 0 0 0 0 0 0 -38 60 -124 -82 9 36 -73 -100 90 -52 -54 106 -16 39 -97 -57 -111
0 0 0 0 0 0 0 0 0 0 0 0 0 0 0 0 73 -86 -20 39 -22 -55 116 -10 -69 -7 78 -125 -8 -68 -125 -21
0 0 0 0 0 0 0 0 0 0 0 0 0 0 0 0 0 -118 -88 -109 117 -33 103 -99 -35 27 -86 106 9 -5 -30 118
0 0 0 0 0 0 0 0 0 0 0 0 0 0 0 0 0 0 -32 97 26 31 7 115 20 47 -101 82 121 -68 63 43
0 0 0 0 0 0 0 0 0 0 0 0 0 0 0 0 0 0 0 121 -51 75 -21 -60 19 -103 -52 -49 -74 110 -52 -61
0 0 0 0 0 0 0 0 0 0 0 0 0 0 0 0 0 0 0 0 98 120 -88 -40 19 -90 -58 -27 127 123 -70 -41
0 0 0 0 0 0 0 0 0 0 0 0 0 0 0 0 0 0 0 0 0 48 -23 -78 1 106 -58 -65 30 -56 -53 -34
0 0 0 0 0 0 0 0 0 0 0 0 0 0 0 0 0 0 0 0 0 0 -108 -10 43 11 94 -12 36 23 -121 -112
0 0 0 0 0 0 0 0 0 0 0 0 0 0 0 0 0 0 0 0 0 0 0 -89 -86 -53 -9 31 111 2 16 63
0 0 0 0 0 0 0 0 0 0 0 0 0 0 0 0 0 0 0 0 0 0 0 0 -68 -81 109 -43 0 -49 22 -114
0 0 0 0 0 0 0 0 0 0 0 0 0 0 0 0 0 0 0 0 0 0 0 0 0 -62 37 67 -124 35 57 96
0 0 0 0 0 0 0 0 0 0 0 0 0 0 0 0 0 0 0 0 0 0 0 0 0 0 -63 118 -116 -57 57 20
0 0 0 0 0 0 0 0 0 0 0 0 0 0 0 0 0 0 0 0 0 0 0 0 0 0 0 51 80 67 26 -43
0 0 0 0 0 0 0 0 0 0 0 0 0 0 0 0 0 0 0 0 0 0 0 0 0 0 0 0 -4 109 106 -17
0 0 0 0 0 0 0 0 0 0 0 0 0 0 0 0 0 0 0 0 0 0 0 0 0 0 0 0 0 36 -106 -101
0 0 0 0 0 0 0 0 0 0 0 0 0 0 0 0 0 0 0 0 0 0 0 0 0 0 0 0 0 0 24 57
0 0 0 0 0 0 0 0 0 0 0 0 0 0 0 0 0 0 0 0 0 0 0 0 0 0 0 0 0 0 0 118
0 0 0 0 0 0 0 0 0 0 0 0 0 0 0 0 0 0 0 0 0 0 0 0 0 0 0 0 0 0 0 0
