95 0 0 0 0 0 0 0 0 0 0 0 0 0 0 0 0 0 0 0 0 0 0 0 0 0 0 0 0 0 0 0
42 -10 0 0 0 0 0 0 0 0 0 0 0 0 0 0 0 0 0 0 0 0 0 0 0 0 0 0 0 0 0 0
-126 -82 55 0 0 0 0 0 0 0 0 0 0 0 0 0 0 0 0 0 0 0 0 0 0 0 0 0 0 0 0 0
11 -75 -68 -43 0 0 0 0 0 0 0 0 0 0 0 0 0 0 0 0 0 0 0 0 0 0 0 0 0 0 0 0
115 105 25 -32 57 0 0 0 0 0 0 0 0 0 0 0 0 0 0 0 0 0 0 0 0 0 0 0 0 0 0 0
-104 -89 122 123 -115 115 0 0 0 0 0 0 0 0 0 0 0 0 0 0 0 0 0 0 0 0 0 0 0 0 0 0
63 106 28 -70 110 -97 86 0 0 0 0 0 0 0 0 0 0 0 0 0 0 0 0 0 0 0 0 0 0 0 0 0
-52 109 -106 34 -51 108 -4 -7 0 0 0 0 0 0 0 0 0 0 0 0 0 0 0 0 0 0 0 0 0 0 0 0
124 -38 93 74 33 35 28 -60 -65 0 0 0 0 0 0 0 0 0 0 0 0 0 0 0 0 0 0 0 0 0 0 0
38 -40 -39 -48 -60 50 -111 45 -12 1 0 0 0 0 0 0 0 0 0 0 0 0 0 0 0 0 0 0 0 0 0 0
31 -94 107 -60 -99 8 60 30 -91 -66 21 0 0 0 0 0 0 0 0 0 0 0 0 0 0 0 0 0 0 0 0 0
81 -8 -44 8 -58 -97 103 -56 126 101 49 109 0 0 0 0 0 0 0 0 0 0 0 0 0 0 0 0 0 0 0 0
-86 -8 109 13 126 121 64 -70 -56 18 17 18 -108 0 0 0 0 0 0 0 0 0 0 0 0 0 0 0 0 0 0 0
-31 80 84 14 -17 -74 -18 86 -113 124 101 -59 -53 73 0 0 0 0 0 0 0 0 0 0 0 0 0 0 0 0 0 0
-16 111 50 -120 6 -123 94 -2 53 -120 -86 112 -72 -22 91 0 0 0 0 0 0 0 0 0 0 0 0 0 0 0 0 0
24 -10 91 -124 56 69 0 1 13 74 93 114 -98 -7 -75 -99 0 0 0 0 0 0 0 0 0 0 0 0 0 0 0 0
17 19 -69 -116 -120 84 29 60 98 25 -60 42 -42 -38 -70 18 -85 0 0 0 0 0 0 0 0 0 0 0 0 0 0 0
85 -78 106 -90 -83 36 36 55 -40 -108 -33 -103 39 -37 -9 83 -77 97 0 0 0 0 0 0 0 0 0 0 0 0 0 0
-116 -111 40 -111 112 8 -118 69 -91 -13 -28 -106 120 126 -100 -112 -124 41 45 0 0 0 0 0 0 0 0 0 0 0 0 0
-34 -16 109 -28 -16 -108 -119 -12 -115 59 -26 -94 117 -11 115 75 -53 -25 -27 116 0 0 0 0 0 0 0 0 0 0 0 0
-34 -35 -12 -38 -41 69 -50 -127 30 -89 36 -111 -71 99 13 -93 27 54 55 97 -63 0 0 0 0 0 0 0 0 0 0 0
95 42 1 53 35 -14 61 -108 5 -28 -26 85 57 98 -107 -47 41 -9 -124 -79 -27 3 0 0 0 0 0 0 0 0 0 0
82 -24 108 126 110 123 92 4 56 -57 -112 -47 76 -97 13 15 40 -80 1 -1 107 67 -32 0 0 0 0 0 0 0 0 0
16 -60 -58 26 -48 14 -44 11 120 -27 82 30 -122 -18 -36 -3 67 72 78 103 -23 -90 65 -108 0 0 0 0 0 0 0 0
28 -69 -49 -108 -110 -86 -76 -44 -6 22 -18 -74 -64 -109 59 65 54 37 -41 -32 92 15 -83 -45 -47 0 0 0 0 0 0 0
100 70 1 -116 39 85 -97 -44 23 -114 74 -98 -24 -20 25 87 66 -75 -83 7 -57 -37 76 -20 -5 -91 0 0 0 0 0 0
-67 -119 39 -42 59 -7 0 -6 -17 69 -115 85 -21 24 74 3 -50 33 -76 26 32 -84 -120 27 30 6 -90 0 0 0 0 0
-41 -36 18 -109 125 123 45 105 -54 72 -119 -40 89 117 26 -7 -23 64 -24 6 122 -104 -31 -7 112 96 74 113 0 0 0 0
4 17 -5 35 -1 -127 -61 -94 -87 30 91 87 122 -122 -87 -118 11 -75 43 -35 -92 -17 -127 112 -82 -124 121 37 74 0 0 0
-36 -47 -6 -108 95 -12 -97 32 22 42 -85 101 -110 -48 30 -44 61 34 -100 -10 4 25 81 -17 -93 -104 35 -91 -116 107 0 0
-76 96 -31 124 65 88 -64 -106 -92 -57 -95 -102 -67 93 28 -35 -57 -88 80 26 -86 -46 -37 102 -81 -101 -13 123 56 108 -83 0
12 7 56 -98 87 -64 107 -70 98 21 -95 -85 -116 41 -53 94 -53 -65 -84 -73 -81 -54 -73 58 55 124 65 40 -43 27 -47 93
59 63 61 113 -7 -30 -52 4 -111 76 -16 -122 -114 -1 -107 107 44 11 69 -16 -45 8 -3 24 111 50 51 -58 51 -65 -96 91
53 -80 -25 100 -104 -43 85 91 41 70 59 70 -112 55 -24 48 48 105 123 -33 -116 108 -71 -68 32 55 35 -92 125 118 -28 106
-64 103 -17 -119 96 -91 81 -95 64 -102 -49 -9 66 72 -70 59 -72 -56 -65 -80 -99 118 -124 121 62 -55 -33 122 27 -62 100 -62
-102 12 92 82 116 85 -99 75 5 -21 -3 86 87 -6 -19 126 -59 -93 -37 -25 -82 79 -106 49 -73 -64 -81 -125 41 70 -57 -9
28 -44 53 -58 -93 -49 -81 116 115 -5 13 -84 -87 -100 118 -105 10 -55 -84 -62 -22 27 89 27 -84 122 91 16 -100 -56 -86 72
124 32 -127 -53 -71 -82 -41 -1 -86 55 116 119 122 98 -12 9 18 -100 -117 -89 -105 61 19 -51 67 31 -49 105 21 -6 -12 95
-117 6 -35 65 -118 -52 -95 108 -46 -110 30 -47 68 42 -123 114 76 -114 -114 -81 113 85 91 -42 44 -46 -80 -127 -70 -34 68 -117
-40 -51 -69 -105 89 61 67 -57 -19 -62 3 18 124 89 -118 117 -52 -84 -78 83 -105 15 10 -111 -36 88 69 -29 40 -126 -61 81
81 32 -8 -38 105 -31 55 48 98 -106 59 77 -44 -66 70 -23 -105 -101 -69 -67 26 -47 111 -90 -78 -69 -49 14 -30 -105 -50 -31
-72 -87 89 33 -58 16 -41 -29 -108 -118 -92 110 -115 -30 -63 118 -22 69 -41 24 -92 -54 43 12 0 121 -4 88 25 -102 100 -57
110 94 21 -82 -26 39 -32 -53 108 105 88 -54 106 -22 105 71 -71 73 108 1 -1 -113 17 -51 -11 -69 26 68 122 -76 -25 54
116 -48 -125 45 -100 118 57 26 124 -60 106 89 28 5 29 -36 -3 -83 -127 -2 -4 -65 -123 34 81 98 -60 7 101 90 95 70
86 -71 -31 -30 111 -112 -7 54 126 124 42 -66 48 -72 44 66 -55 67 -8 54 -118 123 78 -75 118 87 -120 -43 -5 54 -45 85
-47 -15 120 88 -31 112 -86 -16 -68 33 -20 -62 45 -84 -29 42 -69 44 -38 -42 16 -60 -21 113 110 -114 -5 -4 124 99 121 -71
113 -28 -72 -24 -69 -37 13 -25 -62 90 58 -113 44 -65 91 120 122 -36 62 80 109 122 12 2 -87 -80 26 39 118 101 -49 -45
-55 -45 -45 -71 -83 96 -69 66 -112 -18 17 48 14 -100 8 -2 29 -67 48 -97 80 -90 -82 -17 108 -52 79 114 -55 -27 -9 -112
-57 107 124 90 59 -68 -54 -55 -62 -28 -8 40 -45 -73 -21 26 -14 -123 63 -124 -19 -84 54 13 10 -33 91 -117 34 82 94 43
6 43 0 23 -12 0 -62 -65 13 -85 12 -105 -62 -73 1 -18 -90 70 -124 -78 -77 -112 105 36 102 -68 -62 74 -126 116 -73 -61
-65 -12 104 -68 78 109 -27 95 -103 30 62 76 114 -13 41 -95 -17 -36 -5 51 124 5 -33 -7 117 -64 -1 49 -21 -41 83 -110
94 -33 -27 116 93 -3 -3 122 -81 10 -75 -39 62 49 -4 -66 -58 -50 -29 -65 -113 38 39 93 14 -61 -50 -98 89 2 -104 -104
-121 -103 92 75 80 -64 17 73 7 110 -51 124 92 -94 20 85 17 -72 58 -20 -79 94 92 -87 -51 108 -7 104 -14 102 -33 126
103 27 -75 -83 23 -40 50 -49 -126 42 -13 -4 80 48 -90 114 54 -26 -105 125 -23 72 60 95 -123 23 90 -2 -41 24 112 -100
-26 -15 62 88 -3 108 -41 -76 -43 -66 13 -102 1 51 -15 -1 115 -57 -69 -74 108 41 -43 -102 54 8 14 -37 79 55 -59 -109
-121 20 76 -86 -117 57 -89 11 17 -90 -108 -44 9 -29 -86 -102 84 94 -84 14 -38 -35 -21 -87 -105 44 98 103 -71 -117 -65 -115
-67 -118 -110 -36 -31 35 -91 73 -40 -68 -98 87 79 -77 -114 26 -29 47 -113 -44 82 3 2 -26 83 -3 24 118 -126 -80 -30 18
92 -28 39 70 -60 -124 55 -121 18 5 -51 19 82 102 -34 21 59 92 79 66 67 21 -82 55 2 -30 -25 0 56 12 17 27
-85 -62 6 86 49 116 90 58 -18 110 58 -9 -96 56 34 -18 112 -59 -67 -106 -98 -71 63 124 -94 -121 -89 -99 -65 25 58 -84
-69 -13 -43 125 -50 -52 -100 62 68 16 100 -89 81 93 -38 -28 8 119 -18 -3 -48 89 -92 46 123 97 -1 -21 -42 124 -37 0
-109 125 41 123 -49 28 17 -39 8 -91 50 127 48 54 86 52 53 -123 58 91 122 -40 -124 -71 -73 119 20 -23 23 99 97 52
54 -116 -115 13 -79 68 -86 53 58 -44 100 14 40 94 122 -108 25 -82 126 116 79 123 -125 -64 -7 -66 6 -81 25 -115 -71 39
92 124 -11 -66 -10 -120 -122 -66 22 50 17 77 97 112 -48 10 -26 -66 57 -89 -90 -36 -9 -127 -63 43 39 104 94 -77 -22 -66
27 75 34 64 -34 -124 98 -62 -3 -46 100 -123 -119 6 -92 -108 -3 102 -111 -67 -60 -127 -125 -66 -75 -120 -84 42 116 -10 -78 -17
0 51 -119 31 -25 126 116 87 36 52 -118 -22 63 -100 61 28 93 25 -64 -89 89 -88 -44 -87 97 64 -76 -66 -80 25 0 96
0 0 9 52 -18 -14 47 -105 79 114 -106 -104 -61 -15 -73 21 64 -47 -110 -92 113 -72 -92 120 -3 -46 44 14 -13 -25 111 106
0 0 0 -108 28 -31 122 76 -58 27 15 -71 84 -6 9 46 10 -45 -109 -64 65 123 -99 21 5 -127 14 -81 -70 -45 -100 -111
0 0 0 0 87 -109 4 116 -125 34 -126 -52 -32 12 31 8 80 -96 -34 60 113 83 -118 -17 126 104 65 54 115 -117 -67 -44
0 0 0 0 0 47 -25 14 -46 -107 -87 -100 -88 11 -124 -27 126 -1 6 58 26 108 43 59 -36 -31 -84 -13 41 38 -69 -34
0 0 0 0 0 0 19 118 -113 55 -24 18 11 108 14 42 -116 -121 127 -126 38 79 -49 -102 25 14 -102 96 -58 60 63 -104
0 0 0 0 0 0 0 101 -43 60 67 -63 -8 -82 41 -97 -2 55 -91 118 -89 115 25 -69 -121 -18 68 -24 65 75 9 -13
0 0 0 0 0 0 0 0 109 -65 -108 -119 18 100 -2 -121 108 5 101 100 -58 -79 79 15 27 -94 -100 -26 -25 109 -2 -84
0 0 0 0 0 0 0 0 0 -60 -33 -108 123 -115 -38 -107 -106 -124 26 -27 -73 -101 -101 44 123 123 36 90 -57 -53 122 -78
0 0 0 0 0 0 0 0 0 0 -51 106 49 6 71 97 42 -56 -19 100 -124 -61 -118 -72 126 84 -70 6 76 -115 -43 105
0 0 0 0 0 0 0 0 0 0 0 -26 7 -29 1 -51 33 -96 116 22 59 94 8 23 -114 76 94 -67 37 -67 17 112
0 0 0 0 0 0 0 0 0 0 0 0 12 -91 119 42 81 25 32 -22 -10 62 -7 -59 21 23 -126 21 83 -66 -70 29
0 0 0 0 0 0 0 0 0 0 0 0 0 -3 -39 -60 104 -19 -76 71 11 -35 -48 102 -123 90 -25 -55 47 -10 -42 -84
0 0 0 0 0 0 0 0 0 0 0 0 0 0 -55 -36 -110 -35 -32 17 22 2 -29 -123 -86 -111 45 -10 -93 35 -49 117
0 0 0 0 0 0 0 0 0 0 0 0 0 0 0 79 -92 24 55 -35 -77 78 -98 64 26 102 125 -2 -6 1 44 109
0 0 0 0 0 0 0 0 0 0 0 0 0 0 0 0 85 -111 27 49 -83 3 -51 -60 -51 -45 91 -17 -125 85 46 123
0 0 0 0 0 0 0 0 0 0 0 0 0 0 0 0 0 -49 -38 -95 -29 -66 -73 -107 53 84 120 54 -70 59 -23 60
0 0 0 0 0 0 0 0 0 0 0 0 0 0 0 0 0 0 -15 -36 -3 -29 -98 86 22 -39 -45 -122 -106 63 -85 51
0 0 0 0 0 0 0 0 0 0 0 0 0 0 0 0 0 0 0 125 37 -64 -98 75 56 -94 21 79 24 -127 27 -29
0 0 0 0 0 0 0 0 0 0 0 0 0 0 0 0 0 0 0 0 5 81 25 -93 -114 -9 10 25 -13 95 -80 -24
0 0 0 0 0 0 0 0 0 0 0 0 0 0 0 0 0 0 0 0 0 69 60 -59 -65 53 -15 -63 -55 90 95 -85
0 0 0 0 0 0 0 0 0 0 0 0 0 0 0 0 0 0 0 0 0 0 -103 125 18 103 -118 -93 -63 -56 124 53
0 0 0 0 0 0 0 0 0 0 0 0 0 0 0 0 0 0 0 0 0 0 0 88 -79 -83 22 72 121 -40 5 84
0 0 0 0 0 0 0 0 0 0 0 0 0 0 0 0 0 0 0 0 0 0 0 0 -27 -47 -18 43 31 -60 -61 110
0 0 0 0 0 0 0 0 0 0 0 0 0 0 0 0 0 0 0 0 0 0 0 0 0 117 97 -108 -100 -122 59 95
0 0 0 0 0 0 0 0 0 0 0 0 0 0 0 0 0 0 0 0 0 0 0 0 0 0 -97 56 -93 18 83 -36
0 0 0 0 0 0 0 0 0 0 0 0 0 0 0 0 0 0 0 0 0 0 0 0 0 0 0 46 -94 119 -96 -9
0 0 0 0 0 0 0 0 0 0 0 0 0 0 0 0 0 0 0 0 0 0 0 0 0 0 0 0 -94 121 6 -59
0 0 0 0 0 0 0 0 0 0 0 0 0 0 0 0 0 0 0 0 0 0 0 0 0 0 0 0 0 41 87 -37
0 0 0 0 0 0 0 0 0 0 0 0 0 0 0 0 0 0 0 0 0 0 0 0 0 0 0 0 0 0 78 30
0 0 0 0 0 0 0 0 0 0 0 0 0 0 0 0 0 0 0 0 0 0 0 0 0 0 0 0 0 0 0 91
0 0 0 0 0 0 0 0 0 0 0 0 0 0 0 0 0 0 0 0 0 0 0 0 0 0 0 0 0 0 0 0
