3.886200905
-5.370508194
-31.24010468
-8.744667053
9.175311089
-23.45226479
4.397979736
-9.923818588
3.621192932
22.67277145
-16.87931061
-19.15088272
32.32690811
24.36893845
13.32801723
5.127229691
-3.55081749
27.7727356
25.56447601
10.54607868
-35.31184387
30.34324455
4.75139761
-11.7608633
2.819483757
-10.30067921
-24.64704895
-7.356595993
7.984640121
-3.081509829
-23.98876381
-8.112224579
6.671059132
-1.072021008
4.400022507
-5.764055252
-11.18604088
5.818397999
14.81474113
36.28625107
-12.74415684
-31.21623611
11.97647285
18.03592491
14.37409496
-4.439750671
-8.287322044
1.313189626
-2.478739738
0.8290680647
-32.57123184
-12.58293152
18.23260117
15.29888058
6.380415916
-0.759534359
15.25642681
-0.7830612659
17.49590302
-3.221915245
-5.234175205
15.99856186
4.625647545
-18.79676437
0.7162418365
4.207993507
-5.840847969
0.5114583969
11.77388096
0.9443392754
-0.01868510246
3.651952744
5.319062233
28.15832138
34.68284988
2.482678175
-1.396497726
-20.17347717
-17.14234924
5.674488544
5.957114697
-12.49388599
-14.77267361
4.042820454
-10.18748856
-10.15380192
14.17023849
-25.87421989
17.9413166
9.440105438
-0.7156467438
21.49578285
3.292699814
-11.80342293
-30.03161049
5.643041611
-4.900691509
-17.04138756
0.8426879644
-15.80196571
22.27703667
-28.67090797
-2.267970562
-13.18898201
-5.701154709
1.657752514
10.17591476
-18.84239006
5.475305557
14.85070419
-21.9593029
-5.227365971
-7.045682907
-1.432999849
14.22772598
0.1099129915
8.907327652
14.18488503
-4.695610046
-7.276447773
-8.301071167
9.932325363
34.87601471
10.21288109
-35.83987045
-15.11177444
11.10538483
5.37079668
-13.82518291
18.27690315
0.8769891262
-12.28680325
-9.252700806
8.741627693
3.996136189
-11.7374754
-2.414840698
-3.238678932
-7.702004433
-10.60384655
-12.99973202
9.993612289
8.741747856
-22.19672012
17.26046753
-18.80924606
23.00426674
-7.97562027
-10.40470123
-18.99653625
4.995172501
15.33590698
-4.655053139
9.493753433
31.33324432
14.33127689
-22.44425392
-17.91324997
12.01068592
6.634366989
22.2951355
49.97663498
-27.84501266
6.441123962
-27.94359016
10.90267754
-26.69080162
4.945970535
28.78010559
16.49840164
1.321872711
-16.16010857
12.39280796
-27.21169281
11.29023933
-7.029292107
1.703391552
-9.179772377
-17.82194519
5.478326797
4.39140892
-34.42447281
7.500470161
11.64608002
-25.79074097
2.733975649
12.62193108
27.09461975
14.93544579
24.37892723
-5.757914543
-34.80632782
-22.27232361
0.7976474762
-5.630048752
22.47444534
0.6399371028
-2.848906517
22.13035583
34.8975029
-0.9823303223
-35.60080719
20.80418777
13.50085735
24.98710442
2.572646141
1.188510656
31.82967567
-13.50453186
9.705966949
6.077646255
0.7769451141
-21.83898735
3.377991676
-3.647259474
-12.38857841
-0.246602416
-6.127005577
-6.072364807
8.698996544
20.25557137
-18.13274193
12.81028271
-6.382525921
-7.595970154
21.67053986
15.77724266
14.05374813
-20.31063271
-2.520153046
-22.75912666
-8.098587036
-12.47424126
2.345656872
-2.573857307
4.002695084
-24.14030266
20.15720367
-0.6787343025
-8.9672966
19.49106979
12.10550404
28.2930336
14.02108765
-17.6572094
25.8014679
21.43968582
25.89783096
5.132892609
6.950088978
5.421181679
-11.62737465
-2.83682251
-12.56339169
-1.394119024
17.01918411
-13.4201498
23.10246468
-5.024615765
-35.10446548
30.12599754
6.399370193
17.86248779
13.01501846
-14.59590912
-5.556369305
4.707117081
-16.37688446
12.84742928
-9.202157021
6.291302681
-5.921317577
-13.63887596
-13.63925838
24.69786263
16.36475182
17.97964478
-43.64866638
21.37439346
5.800863743
-7.43364048
-10.82675743
11.18249512
39.76539993
-12.74697495
17.96203232
15.06252861
16.33440971
0.4193470478
27.48553276
-4.152514458
12.50890255
17.34790611
4.823969841
-1.990873575
11.24561977
3.335317373
-8.925290108
25.75377083
-11.38525677
-2.293227434
-6.411660194
2.40659833
-21.93802071
10.01986599
-17.55082512
-36.93608856
-16.01094246
14.03894711
-23.52652931
-1.943558574
-0.2781834304
-15.28562641
14.84365368
13.09922886
-8.122484207
2.958205938
13.17112064
-14.07568073
-14.30429745
31.09453964
19.85929489
-8.371315002
-23.38235855
-17.26885605
-27.626091
3.351724625
-27.42722511
1.190764427
-6.481612206
-20.21594048
-8.101301193
-10.60944843
4.549681187
-4.54638052
12.15466309
25.2165699
-10.79597664
6.541414261
-8.604326248
0.1418170929
-7.632236958
-2.186041832
-34.37089539
-15.68292999
14.51183891
-20.15589714
3.455553055
7.015218735
30.6875267
4.088551521
-14.20225716
19.26653481
51.83113861
15.8024559
-5.890682697
-21.95669174
-9.393627167
-22.91393089
10.06278992
29.49028397
14.91758728
-1.665109158
-17.12478638
-30.11264038
-11.1101284
9.112184525
2.518357754
-26.1996727
-13.35451508
3.308510303
-20.347332
-23.83151245
-20.73965645
2.725791454
-1.424855471
-7.908801556
7.209491253
-10.3584156
-20.02776527
-10.63358307
-25.00994873
3.163799763
2.828186512
-10.3446064
7.914745331
-18.88194656
-24.43834496
-5.704274654
-4.415347099
-14.19770622
-8.6671772
3.506360531
-15.9485054
-22.91196251
-6.368154526
8.235842705
-24.37316704
-8.050419807
-4.968725681
5.227464676
19.90592957
-11.62870026
4.639260292
6.542516708
-3.998056889
11.92627907
0.3359768391
-11.34203815
30.40091133
3.74829483
30.4015255
-0.0418586731
28.63459015
-6.904425621
3.319440842
3.445905209
15.80397415
-34.35001373
-8.917749405
-6.372796059
-17.22939301
-8.135083199
2.79695344
18.2608223
11.68781853
0.09365464747
-1.671840191
-6.903170586
-9.444548607
-14.06780338
10.04903507
9.393375397
21.89933395
16.98900414
-16.06124115
8.828834534
-36.21041489
-12.11709881
-26.82592773
-10.22028351
-24.25850868
-6.717894554
-7.225835323
-8.152688026
-7.328023911
10.08173084
14.31620979
12.77041435
12.69452477
2.522459984
-9.545042038
5.255867958
22.92998123
17.25634193
9.664411545
-12.00703907
-1.619966984
-12.2580595
10.31084061
-10.19458961
14.46976566
6.351283073
-17.53569794
27.16409874
-7.50785017
17.10966492
-8.148397446
8.396312714
3.188247681
35.61445618
-9.813339233
-2.334638357
7.579722404
8.043762207
-7.176537514
19.68683815
-27.36540413
-3.068941116
66.84020233
28.57648849
15.34766865
-24.81341171
-35.07072067
27.86460495
6.744533539
19.30400085
-15.17540073
-34.75017929
-27.6342926
10.60259151
6.701996803
-23.7580452
-4.895848274
11.51797295
-18.84892654
-14.55762959
-21.40509415
-28.52602386
3.458413363
40.97195435
-10.76794434
22.6355896
3.308842659
8.211625099
8.029253006
-10.59217739
-20.23803711
2.406241417
-33.92522812
14.88144016
16.21756744
-0.02553701401
-4.92680788
-17.99824142
9.810028076
-40.48186493
8.535971642
-1.141515493
-12.16488647
-36.87646103
3.403728485
4.12778759
-13.33920288
-23.95199585
-8.11389637
12.40371132
5.809391975
-19.01448441
2.424790382
55.51165009
24.57983971
9.747693062
14.71760368
7.380671501
-8.877968788
-14.61223984
-5.676582336
3.461819649
-3.6674757
37.35987473
20.97294426
-17.46315193
1.611760139
-8.087168694
19.14185524
-2.678179264
-18.19659996
-15.67144299
4.463330269
11.24870777
25.36024475
-2.605633974
-23.75424385
15.44076538
28.9428215
27.09389305
9.461614609
12.68293667
-5.438653946
-15.08934402
-7.541776657
-34.29148102
-1.244226933
20.3776741
-30.59224129
13.57200432
-15.66557884
-12.01713848
-4.876415253
-11.91579247
-8.255000114
15.11694336
-24.38215828
-23.33727074
-6.580877304
-3.148799896
8.499235153
-30.61950684
16.93682098
7.681393623
-22.89863205
-0.001777052879
-4.979784966
1.412080288
1.131754875
-9.651932716
-21.21145821
22.31447983
15.99334812
-11.80584812
6.12199831
16.07170486
-44.32754135
3.374518871
13.19593811
8.668063164
28.20345306
1.559258461
-14.08288002
6.59681797
9.749839783
-4.525491714
17.426054
-10.64057732
2.929708481
1.357978582
-7.999837875
-24.2808609
-8.338272095
34.06689835
-0.1816708446
-18.22458267
-5.843760967
18.25892067
-19.13051796
18.85473251
5.927324295
-2.340370655
8.568649292
2.237701178
7.580656052
-26.94451332
-19.4387989
16.26899719
8.578682899
1.169898033
27.28374863
-11.53924179
-21.70167923
-2.391409397
-2.193277121
-9.356152534
-29.27314758
7.048960686
-22.17367172
-5.409338951
-11.70900059
13.33119392
11.6152792
-17.95983505
-32.82432556
-6.116566181
-3.55450964
32.40301514
1.841692924
18.93343163
20.11632347
-14.93638897
-34.41652679
-19.63116264
-14.65775108
23.13354301
-6.381356239
11.21854782
2.444674492
5.375454903
-4.70925045
13.54977894
3.648476601
5.726145267
18.91373062
-13.88711071
10.97346878
-4.033517838
-26.72016907
-30.52732849
-19.46727371
38.55242538
12.51212502
9.86668396
-19.44252586
-2.082157135
-12.92818642
2.988298416
4.643307686
-14.5763607
-28.60528374
-2.380267143
-7.38728857
-6.710259914
-14.52341175
-22.93546867
-22.3897419
-6.204909801
-18.36498451
-21.04720688
5.827682018
24.71161652
5.308976173
-2.929432869
-2.568313122
-21.53530693
9.943689346
2.850467205
21.03081512
-10.88768673
13.54443359
4.9421978
2.817162514
5.529227257
-19.81251144
17.08560371
-7.033837795
20.35550308
9.675405502
11.1149807
-5.551362038
-0.6430022717
-23.55169296
3.342037916
23.57317543
18.44921303
14.63346672
2.377067566
2.218446732
7.033948421
-3.737530947
26.09007263
28.73526382
6.866576195
19.40436935
-16.63159943
7.615026474
10.768507
2.068723202
-21.21195602
9.173989296
-3.054136276
7.246306419
12.72035503
22.78162384
6.762421608
32.12389374
14.72126007
9.942188263
-21.21711349
2.646992207
-5.222982883
15.19129467
18.76496887
5.256067276
15.50322437
38.10571671
-4.37173605
-8.307818413
34.79263687
-24.18341827
-5.349995136
19.1656723
-1.018222332
6.925897598
16.49460602
33.52203369
-6.55654335
21.05749893
-41.95444107
12.58075905
-6.615361214
-17.44132614
-12.88152981
8.587879181
-0.7562474012
-4.992937088
3.957046986
17.19215775
-7.06599617
-1.514935374
-15.99788761
2.369438648
4.23031044
3.411585808
9.853081703
-17.87649727
42.59642792
1.253669977
2.769143105
-2.453961134
13.19465256
-42.41075134
-7.229907513
-6.166400909
-19.54590225
-13.09166145
6.009962559
12.86596584
1.02265501
5.725662231
-0.64503932
-0.8035312891
-15.49844933
-25.56881142
-9.644720078
20.36686707
3.740490913
21.99714851
8.088546753
-10.2397337
12.79816628
13.92663288
25.21321297
-11.81910706
6.282041073
-4.253606796
3.885884762
1.558322191
13.21592903
10.86213493
31.19416809
7.96408987
1.684197426
6.440377712
-2.679461956
0.6015514135
0.1582772732
-10.59155083
-6.32829237
-13.02444649
3.714308262
16.69683647
5.16097784
4.567513943
-6.985826015
-10.74087524
24.97764587
-6.522831917
-20.23115158
-26.26402283
3.496710777
-34.17282104
5.9935112
29.34638596
29.9540844
7.22142601
11.37448406
-21.08991432
-24.01311493
31.84733582
-15.15087891
13.9737215
-22.23439026
20.10119057
-1.902867794
22.24530029
7.131618977
-6.753978729
-16.26511002
-19.64345551
4.026849747
1.041672945
-8.798822403
-9.688272476
3.316309929
21.18105125
19.88080788
-5.95827961
1.416411877
8.197566032
-17.44581223
31.25455475
-10.5767889
7.11343956
8.908799171
-2.177129269
17.88717651
10.14630604
-32.88785172
-12.51618958
4.820491791
-13.12340069
6.15446043
15.30923653
14.16982174
18.29853439
-15.42935276
-52.69678497
16.30186462
-15.27791691
-7.285639763
-4.316407204
34.32161331
-13.445961
6.295637131
7.744331837
-11.46574497
-12.45620155
6.833366394
-10.49628544
-22.79192352
11.84513378
0.6100770235
-18.49082184
9.677945137
6.997236252
-7.535525322
16.0493927
-4.946193695
-26.57098007
6.334487438
-7.31794548
24.67124176
4.396833897
3.091087341
-1.981238842
-18.72408104
-9.929615021
0.1907467842
9.15827179
21.72354507
18.87935638
8.885249138
2.789228916
0.5141186714
0.5192668438
-17.47505188
0.1000499725
2.483932495
12.94322586
-5.207511425
5.489723206
-7.332026958
1.608871937
-14.02727985
12.61826801
-39.65834045
-11.52910995
-19.90980148
-23.90651703
-24.83499527
-11.83917713
-1.308684349
-18.30421448
-5.947113514
19.39819336
1.745478153
2.795864582
-4.592297554
5.693134308
9.02682209
-32.65247726
19.36689758
1.07610178
-7.975703239
8.637090683
-5.591659546
23.24471664
11.34269047
1.804919243
-25.36110306
9.75428772
3.855516911
-3.772631884
-34.61223602
2.363499641
-7.036481857
22.06447601
-2.635389805
-5.818716049
-21.82792664
-16.06485748
-19.68702888
-18.47496223
10.44648647
15.52600574
-25.00098991
-1.27872932
-8.210699081
11.06212807
-28.50903702
7.658802032
-25.75787735
-29.07585144
-3.050718307
-3.78307724
12.4981041
-22.09231949
5.472027779
2.072508812
17.47982216
31.26717567
-20.98885155
5.354210854
44.24478149
-17.48740196
-17.22122574
-4.600672722
-28.4283638
17.80275536
8.527984619
9.225423813
-19.96020126
12.14608288
-23.54528999
-10.47612095
-8.727340698
37.02972412
-7.612709045
10.80508232
-1.833322287
-7.725449562
-13.66558838
0.3902497292
10.94205379
28.61882782
-29.12300301
-11.02563763
11.0042448
3.550375462
-10.95523357
-12.35704994
-3.143060684
-11.91230679
-6.572477341
-18.11188698
-8.448530197
-11.90619278
-10.39373016
-26.63149261
-10.17580509
-8.738260269
-0.6065969467
37.19801331
-28.8958416
26.47399139
2.405743122
-9.04202652
-7.307219028
3.438437939
-2.984766483
14.27548027
11.75201416
7.518645763
-0.3559757471
-3.78504324
34.96644592
-14.08430862
-32.69263077
-21.12539291
11.04314804
2.480597496
17.35592461
-6.768780231
-6.943680286
40.82916641
-21.99324608
1.526361942
-9.862344742
1.45006609
-13.78383064
-17.17803764
4.248313904
12.73019791
7.154008865
-25.46499443
20.04853821
-25.71629906
2.337074757
-1.16435957
3.042248726
4.168564796
6.378271103
6.08734417
0.5915088654
-11.34532547
33.8565979
-0.1946287155
-11.06171131
-0.03896486759
20.72465897
-23.37004089
-6.351405621
-10.94138908
-12.79172993
-14.7353363
17.86845207
1.939112425
-35.56690598
-15.51264477
32.93934631
13.75828457
0.1248865128
-3.856085062
7.660444736
-13.35316753
-0.8551464081
-22.12840652
0.9534406662
9.452291489
-18.58818817
14.8770237
-23.22455215
-42.33867645
3.033466816
-19.75889397
18.92168808
28.31603241
-10.09583473
13.32674026
-23.50556374
-10.5862484
7.7146492
8.588748932
-14.23188114
13.3672924
-27.63160515
-26.34025955
4.002149582
-16.24019623
-4.311401844
-9.042856216
-15.21374989
9.524274826
9.395580292
-38.402668
29.10587311
-17.11227036
-14.39352417
-14.62094879
12.16790962
-7.074098587
5.909231663
-19.40881729
1.808674812
4.534049988
17.4108963
-5.335600853
-4.045880318
3.010549545
1.61722374
-19.85276985
4.809836388
-4.108764648
12.17853546
-14.6654644
0.5942834616
-10.67753983
30.26973724
-27.35518265
4.622955322
-13.02457047
-1.816968918
-16.96567345
-15.30639267
3.416883469
-5.928926468
-30.07756615
-1.280567169
12.67530346
-12.52245808
-13.10268593
0.3928251266
-27.81126404
-5.451026917
28.75457573
13.81388187
7.750980854
-7.802262783
-2.527032852
5.224621296
0.980848074
1.436540604
4.594674587
-39.66989136
-0.5038887262
19.41480064
-30.68705177
-14.04505825
4.761661053
12.69655609
32.2378273
5.71200037
6.358370781
10.10857964
-6.91781044
2.2018466
-13.94346046
7.798226833
12.96522999
4.238309383
7.166277409
1.01322031
39.25177383
-13.96885395
-23.13520241
8.389774323
0.4685349464
1.458797693
-4.953822136
2.791553497
18.3985672
-9.53597641
-11.6716423
3.938652039
0.3413972855
21.64350128
-12.12698555
4.033858299
-13.77793503
8.693195343
26.50332451
-8.391208649
6.188714027
-4.950866699
-29.27684593
-9.894919395
2.197794914
2.662620306
-10.00195122
3.754230261
5.446614742
-28.45617294
3.773190737
-1.216860533
-14.88112736
-11.87212944
25.81739426
-4.158405304
-11.93946648
3.558285236
-7.698748589
0.5433084965
22.05131149
-10.62527752
3.935342789
9.62333107
26.93714905
0.2520719767
-0.0700802803
-22.73563385
-1.376678586
-10.00353813
-15.32249546
11.89211464
-9.055101395
2.511854649
7.900829315
18.84074402
-20.99793434
-11.44377995
-4.843800068
-12.52805138
-1.211633086
-22.93160439
-3.092832088
-19.16170883
-13.86453819
8.500888824
-0.7819471359
3.448039532
12.75592232
-32.39671707
14.58154392
24.2526741
4.643377304
-11.94656563
-9.616602898
2.954968452
-32.30166626
-15.42007923
7.264493942
-0.8323564529
-10.5123024
0.370341301
-9.564546585
13.00661659
-12.09710312
-12.53342247
-16.68870735
12.93420124
-18.4440136
-15.89114857
-1.834289551
-4.014410973
36.39806747
-22.07723427
-14.04211712
28.20665741
20.93016052
-24.32089996
-7.952483654
-4.879159451
-10.98125267
-31.37608147
-18.26758385
-14.16823006
-34.24095917
-5.433321953
5.591985226
16.09292793
22.44329262
15.28055
9.968151093
-12.62612534
-8.036018372
0.1291974783
11.89978218
9.762620926
-21.66845703
9.933059692
-10.36515808
-12.35244751
19.66426659
-9.28704071
-10.02880096
10.21801567
-18.12732506
22.72623444
-26.34884644
32.21605301
-7.249880791
-34.48340988
-5.570542336
-21.20390129
7.594308376
-4.366688251
-20.22818756
24.41016769
11.00497818
-4.111837387
-20.15391541
-23.54244041
0.3603131771
-1.820781708
-1.714978814
18.52234077
9.075278282
-1.467218876
-10.01339245
8.178524017
-10.33585358
-20.85601234
-5.406291962
-9.943698883
-3.48845005
41.44859314
9.852146149
-20.22602463
-11.97478485
5.680362701
-26.17752838
12.93043709
15.3561697
9.536136627
-0.7250981331
7.574529648
-3.486803532
-7.705767632
-0.7164607048
-19.11696434
10.89334965
13.29351711
-19.86266708
0.2442057133
-1.318222165
-11.96369743
-11.84716034
-7.122375488
-4.14070034
13.07755184
17.17785645
24.03736305
21.24336815
-0.9146122336
4.266168594
-4.362808228
-4.469877243
6.968672752
18.35165596
-0.7973606586
-5.563381195
0.1975649595
-8.820206642
25.85435104
-2.015771866
-10.73839474
3.722896338
0.4905149937
-12.42167664
11.00769711
-24.06461716
5.45928669
12.12457085
5.23944664
-28.33776855
5.348665714
-23.21784973
23.0666008
13.31173325
6.003334999
11.59553242
-15.43651295
12.89029121
11.66949177
-17.65625954
1.720119476
-23.49027252
-6.084778786
16.4914341
-9.958587646
17.68904877
8.048334122
3.616573095
-23.29851723
-20.2173996
-4.956302643
-29.21285248
-1.263163567
8.422895432
17.21281815
1.961188674
-6.071350574
41.69326782
-24.1820755
5.965774059
-41.40132904
-22.36808968
11.77500439
-14.77061176
15.79793072
6.810237408
11.54347038
-1.914841175
-7.819274902
-8.011305809
-46.96891022
-1.51900053
7.127566338
-5.656625271
-5.765787125
1.097178459
-22.66670036
-1.664340496
-0.3052152395
6.998502254
14.12220478
-18.04772377
-2.245228291
-12.11200905
12.80595875
-15.20580578
7.534308434
-20.18095398
21.50426102
22.71012497
7.133406639
-10.03222084
-2.002435684
-14.40294456
3.320977211
15.13146496
6.041992664
13.03521538
-10.14093685
-14.93052006
-0.85445261
22.97686005
-5.926501751
-0.4538059235
19.6198597
-10.57460403
-0.344496727
-3.511650085
22.4943428
-9.646373749
15.36268139
-26.58151817
-11.00568199
13.12827969
-11.28813457
1.813934445
-30.40618515
-0.1938872337
-13.20865917
15.775877
-31.87555122
1.883934379
20.37855339
2.8176229
-2.575532198
-13.50649071
2.28708601
-9.92143631
-0.2722005844
-32.95806122
16.43947601
13.88972664
11.48098278
-20.68987465
-5.066693306
18.78644371
-29.03531075
-9.006655693
-18.59387207
23.84003639
-5.068721771
-23.59342384
3.768270493
27.26531982
-6.068581581
1.002330303
-3.455537558
25.3351841
12.53588486
-32.02826691
6.155130386
-22.89273834
10.19883633
-2.30814147
-8.929621696
-3.13369894
8.440828323
8.904037476
1.129043579
-27.06076431
5.601942539
-20.93943024
-24.0046463
-32.09114456
6.157466412
12.46247101
-4.876629829
8.879882812
2.766046524
4.559613228
14.42013454
9.791204453
2.280057907
6.641206741
6.099895
-8.643818855
-24.94530869
-23.26836586
5.905944824
-10.10372639
6.721077919
-8.60790062
-2.57054472
9.413150787
-28.47228622
-9.971540451
8.885112762
-2.992022991
4.946593761
-29.00915909
-10.53670502
-9.238147736
-18.23264503
7.822432041
17.95685196
20.80098343
17.46070099
6.818892479
-8.035139084
-5.324023724
9.189920425
-33.97995758
7.649291515
-5.956198215
-9.6095047
8.21824646
4.337917328
2.540072918
-5.289391041
-15.23021698
2.7822721
1.975672722
12.62766266
32.58548355
-22.26973534
-21.93212128
23.05776215
-12.02353096
9.166234016
28.61872673
-11.47519016
-33.06318665
4.753464222
-22.6600914
15.31982231
24.03636551
-38.35523987
0.1134028435
0.500524044
-13.13636971
-0.008770227432
-6.37243557
5.798155785
-12.46452618
24.26881218
4.605798721
-2.53098774
-3.807803154
-10.12830162
14.88571262
-5.45203495
-19.94201851
1.061127663
-30.60085106
0.0606007576
-14.45726395
11.85293484
19.0662384
-12.61200523
-25.8259201
-18.27975273
13.31952572
-6.202419281
0.3833503723
-7.563644409
1.374789357
22.73875809
18.0301609
15.11381531
1.911954165
26.39644051
18.75870895
-13.39014435
2.948236227
-11.96215057
35.61387634
46.88824081
15.49954128
-5.134946823
8.927396774
20.63760567
-38.71583939
18.57167625
-3.896631241
30.21028328
-2.640582085
14.94025612
-28.93113136
-19.50531769
-22.83692169
16.50461578
30.98651505
-6.298656464
11.56863594
5.681927681
-4.728970051
28.37095451
14.94282722
-9.712231636
23.89310265
49.49287415
14.2497015
-8.458542824
4.449988365
10.06150246
13.93775558
2.36345458
9.260912895
-15.51395512
-4.201925278
-2.213967323
12.87352657
-7.652005196
-0.5917153358
21.37213516
9.722763062
40.32308578
13.20359612
15.04484177
-16.99620056
-9.761401176
30.71301651
6.165280819
19.65644836
-15.85187244
-5.640882015
-14.07246494
10.05023098
9.248277664
20.08413315
-13.63523197
13.87729836
10.39757347
11.43475819
-14.41795826
9.200175285
21.65296936
-0.5792229176
27.84682465
-26.08333969
16.7077179
34.38539886
-17.76391602
10.52365971
-4.719006538
-11.50971127
10.79465389
-36.55747986
4.505101681
13.95102406
-27.79046631
-4.313505173
1.53856802
-2.458050251
-11.31141472
3.064690351
-4.290715218
15.49990463
3.867826939
-4.239670753
-17.73035812
-19.0267334
14.47723198
-15.3785696
6.00590229
-9.157615662
21.05261421
4.367948055
15.04363251
12.91065407
-29.94040489
5.840018272
-3.036831856
-2.524424314
3.654472351
14.45657158
14.13960648
18.58956528
-0.9099979401
18.86969566
10.0249052
-17.98904037
-9.647791862
7.100833416
-13.95921421
11.6626606
33.09876251
-10.2513485
18.9425869
12.6580801
34.86371613
10.70738411
5.878705978
-9.595935822
-13.44165516
28.54992867
3.560770035
13.82590866
24.66780472
-0.1512873173
15.33862686
-2.531071663
20.88553429
21.44304848
-14.73884773
1.110546589
-19.22334862
-9.376455307
20.05173302
-3.110177517
-3.335735798
1.796859741
8.580776215
12.37412071
-13.29520798
-0.3896600008
-41.08400345
-25.81264114
9.686758995
-24.71692276
-10.53131008
-23.57260132
-30.51831245
17.08521271
-25.80025864
-12.36863613
23.19482231
0.2801756859
-19.94323158
-4.591082573
25.66717911
-25.74495697
24.67358398
28.89868927
-17.52908325
14.26347923
-16.10380554
-25.08753204
7.518544674
3.057130814
-6.204175949
-5.261405945
-5.809930801
-1.920876741
24.61460304
-31.41991997
-18.77791595
-5.170277596
-21.07284927
7.513712406
-0.6724651456
-8.708778381
8.459058762
-12.52379417
-9.053817749
-1.62397635
-11.19888878
4.240411282
-7.377435207
11.70760155
0.1270132065
3.896031857
27.26127815
-0.7136130333
-22.4173317
5.536943913
28.42029762
12.51698685
11.33089828
-24.75188255
14.31246948
2.28465867
-4.7085042
-6.939953327
13.01506424
-41.37899017
-24.18995857
-0.2245548964
-11.92932701
21.63823128
4.173256874
14.39405251
2.682371855
-2.371997833
-10.09744835
24.99771118
-17.39265633
12.91545296
-28.43498611
-27.07661819
35.12365723
6.394882679
-21.37647247
-12.19683266
-0.5085225105
-9.565759659
7.382282257
9.742037773
-8.446613312
-14.98902512
-30.06726456
11.92969418
-11.05504417
11.91184139
3.763196945
12.62992573
-7.787298203
-8.994524002
6.751642704
8.071965218
6.37993288
-6.46996212
-12.38549137
38.89554977
20.94009781
-18.32730484
-12.29617405
-16.20622635
-2.566180229
-27.70000458
16.42492485
-11.30886173
-10.9848175
10.0946188
-39.12813187
-29.6960144
-14.65195942
1.841827869
20.70287704
-21.80566788
-6.103583336
-14.68333149
-23.26588821
21.99876022
-0.6686241627
0.7905880213
20.23695755
17.47594643
13.21063137
-25.05831909
20.72803879
-6.828186035
1.85663867
-0.8610341549
-6.419268608
19.23108673
7.772932053
-2.764313221
-14.78367901
-3.947914124
-28.17227936
-11.89002609
13.98205566
4.812171936
4.931553841
-17.3055706
28.40548325
19.8972435
-0.8222761154
-8.394953728
-10.41655445
21.10929489
-3.398483753
15.75057602
-1.298738122
4.19554472
-0.9469275475
21.14326096
-13.46349144
-2.728579044
-4.209474564
4.829115391
-7.555217266
24.36200333
2.121936798
13.65478039
-6.346923828
-23.16587067
17.06959915
1.82829237
-17.73451614
34.46170807
-4.347407341
-26.4455719
-3.223038673
4.962521076
-15.50470448
3.730320215
-23.36561203
-19.69907761
10.36588478
24.43906784
18.41661644
-4.938471794
-4.388328552
-18.29628754
-15.49896717
1.552199364
-19.06438446
-25.73226547
9.389596939
4.9376297
1.88757503
-6.620215416
-20.44169617
25.84993362
-7.788542747
-19.35829926
10.94168663
33.3719368
0.1487617493
-7.231310368
-21.20297623
7.920047283
19.84334755
16.83164597
19.65342331
-1.237581253
-12.03337097
9.182900429
4.209351063
-2.402010918
31.84160042
-16.79022026
-27.71237564
4.158633232
5.595749855
-9.297369003
0.2622351646
-9.516530991
22.55167007
13.1494751
-11.9587574
13.58149147
30.02832603
13.02354717
43.30977249
5.252746582
-19.49109077
-1.919608116
-7.335918903
-4.616518497
25.04298019
-31.81071854
2.930459738
-1.491701603
15.20107365
5.066230297
-3.767871857
-21.33761215
-2.543350935
-9.110648155
12.53780651
15.23220634
1.983016014
-15.18881321
-31.41757965
-3.642688513
19.87869644
4.983351231
-15.43863773
4.532958031
26.55286598
2.704341888
-5.760875702
12.50550461
-2.17608428
-1.608801365
16.82670975
-4.984930038
-5.008163929
-22.99965286
-3.259662628
15.67212105
-34.08784485
-0.4115915298
13.96377945
-17.30667686
-26.01729965
-13.54363441
-26.39252663
9.333939552
-3.732496262
-0.5796642303
4.783759117
13.50735092
-2.502408504
4.036249161
-18.73490524
-3.296705723
-2.807314634
-10.61388493
4.117003441
19.99107361
-43.03497696
-17.31417847
17.89125061
3.196747065
-11.75844955
10.43434143
-14.98409843
-7.74592638
-14.052845
26.17918587
-7.036329269
12.92534256
21.09478378
-14.48928738
-17.26305389
28.47206497
-20.23638535
8.220061302
19.2322464
-8.544407845
8.008563995
18.8574295
-11.52759361
9.733782768
33.75919342
-7.219917774
5.306596756
-20.12249565
-3.099430084
42.1375618
-8.703708649
-2.553265572
-1.102525592
-20.09969711
-17.57637024
0.5211830139
-3.848909378
5.839944839
29.04553223
-7.587009907
-13.78416634
5.11687851
-13.365098
36.27561188
-13.28756142
-3.750710011
-5.032721519
6.552562714
-17.58208847
-19.97576523
-12.31566238
-11.94358444
-4.208322525
-41.29241943
-26.4397316
37.10227966
29.40132141
1.878564358
-11.40751076
-9.505167007
-18.02558517
34.46231461
13.78641891
9.46753788
35.15503311
-19.6906147
-15.24259663
21.08557129
-4.714853287
11.94433212
27.97788429
31.1522789
5.904047012
-7.125639915
6.435927868
-24.73391724
20.91041183
4.20614624
-15.80471802
-0.01825141907
-2.185941696
0.5198044777
0.8419413567
18.90211678
12.22554588
-15.16893196
13.0921154
-5.889912605
-19.16524506
-22.37306023
-41.86493683
-4.483466148
-10.27039909
1.808914304
-8.766090393
-4.118029118
24.40497398
-19.31077957
-25.93640137
-12.96263218
0.1946020126
-3.320869923
-8.833233833
2.779482365
-3.835442543
-4.521665096
3.257666111
-6.221515656
11.18196487
-1.17080915
12.28039265
-4.334641933
31.26189041
12.20823956
-8.435027122
11.30142689
-5.954891205
-2.131166935
24.17742348
14.25923824
29.61106682
-26.68425179
-26.91654778
-9.676632881
6.70677948
14.57774353
24.35548782
-5.464877605
-5.276030064
24.07741737
-40.16628265
-4.77376461
14.30988121
-1.986046433
-8.537530899
0.3648871183
-1.595813155
-16.17169762
7.365403652
-19.76413155
-12.83018684
10.46740532
11.55423069
19.08771133
0.6767168045
-6.357919216
-17.79702187
-7.803603172
22.68553352
11.68547153
25.64523315
-8.344053268
1.195634842
10.15604401
10.09531116
-1.22433567
5.781311035
13.41861343
-3.777195692
-16.2736969
7.13224411
-11.88572884
7.28198719
6.482326508
-12.10843086
19.14887047
-16.01723099
42.3477478
-13.46380615
-22.31994438
29.46729851
-12.50266171
-0.9123528004
3.849639416
-19.91294289
10.64640522
-10.91272449
7.816109657
13.02769756
-4.472307682
-28.49158287
3.862426758
-8.638991356
8.880916595
16.10298538
8.959921837
-0.7063894272
-5.9880476
30.57221413
-6.176907539
14.36881447
-24.62566757
-2.081981659
11.32248116
-19.86014557
-12.74752712
-27.63879585
-2.275933266
3.083127499
0.929931879
-19.73632431
-10.80163765
-7.732568741
17.3945961
9.981444359
6.566889763
-44.58802032
3.668556213
-14.98480797
-2.919242382
16.56742287
-2.029978752
-14.48180771
9.556887627
-8.645759583
-4.696303368
-2.076818466
-3.325774908
-51.23608398
21.46069908
-12.58895493
11.77898788
0.7889518738
1.637653351
-13.24227905
6.298538208
3.42950201
-1.767138481
-8.46172142
-36.75357056
18.5100193
27.78341675
-30.62069702
-1.843122482
7.235844135
20.99980545
-3.148751736
17.74035645
-14.1219492
8.997690201
-16.94156837
13.0524435
-10.89679813
10.98530388
26.09691048
-9.45212841
-19.31188965
-0.8600850105
7.173410416
12.13108063
7.292117119
3.20338273
-28.03417969
9.45882225
-40.8248291
-0.4044032097
-18.6434288
-23.43609047
-5.38752079
-13.34295845
21.51554298
16.41517067
9.686547279
6.273357391
2.189802647
-9.714482307
-5.342624664
-7.659270287
6.405017853
0.03368091583
0.8003816605
-38.24892426
-14.07907677
-21.28890228
4.302980423
-0.7747900486
1.901684761
-13.90148258
-4.948587418
-14.20337963
-6.955133915
-12.59282684
-16.1881752
-8.540488243
-8.627239227
-2.692530632
8.419017792
-9.631313324
7.968457222
13.89813232
-24.80891418
-19.78170967
11.65634823
-18.70012665
-49.5647583
11.31750298
-17.4654808
9.284532547
-1.753136873
-0.3179836273
6.83132267
8.499727249
18.79263115
13.14819336
23.30238342
15.36514091
10.97565842
10.41114902
-32.15662384
-0.7925046682
-27.14651489
9.297798157
-15.59093666
-23.82829857
4.67044735
6.385800362
10.43247223
-0.5781841278
10.33539772
-7.094245911
-22.35304451
-24.8553791
5.594607353
4.915850163
1.533991814
3.981280327
-22.7653904
11.17150211
20.65349007
-22.62501907
0.1487796307
-3.31716156
27.41888428
-28.28556824
16.11096191
29.55969238
26.28344345
-12.2106781
-10.86177254
-2.821849823
5.528505325
-21.95617676
-10.48211002
-13.51255703
11.99775887
-5.095934868
-1.829922676
-12.65820217
-9.87047863
15.5610733
-6.368150711
-3.978210926
30.69571686
0.726354599
-7.713950157
-2.162432671
-27.7525177
-8.855474472
-24.86884117
15.37746906
5.103419781
-0.0230588913
15.97227764
7.256195068
14.17246723
-27.75288963
32.80405807
-1.025136948
-4.70922184
18.31511307
-0.8799472451
-6.182915688
-15.633461
-41.24816513
6.501796722
-9.222460747
-14.15409851
-9.976525307
6.013061523
-3.541260242
-21.17624855
-1.904268026
-17.25808525
-14.07946968
2.638954401
-0.9138175249
6.611307144
7.47983551
2.045442581
-14.93750381
-1.013297319
-9.269897461
-11.57813072
-10.27402782
-2.683763981
9.174208641
20.0871048
-15.36338425
-10.9804039
6.549047947
-1.946593761
24.52077866
-2.734601974
-20.46254539
-0.4390230179
-0.6972715855
-1.902792931
-11.71397495
-2.167022705
20.55337715
5.088380814
36.27354813
-15.80342865
-0.7572395205
-0.2900366783
-2.239435196
-14.49818039
24.7898407
1.785319328
-3.119468927
-18.33666611
-2.700716972
12.81264973
17.41677284
-9.937599182
-14.50536537
-6.29689455
-4.055903912
-13.21659851
-6.032333851
-18.24155617
-13.67443657
5.77130127
8.092384338
-2.611601353
-2.240957737
4.74911356
-1.186400652
-14.13529205
22.95952415
22.75687599
24.26056671
-1.375143528
-17.18904305
1.210454941
25.76501465
-7.639181614
-34.33722305
9.072914124
1.347920656
0.09171962738
6.028778076
30.69688034
4.617161274
-18.8687439
22.60965157
17.36823082
-2.22173214
15.84534645
-12.46421146
6.649923325
0.1783790588
19.85342026
24.44930458
-20.60312653
26.22994041
-12.67593956
7.407922268
13.5822649
10.04880142
2.814963341
7.959453583
18.62440872
-0.101565361
-19.99751663
8.768657684
1.852703094
2.127813816
3.339719772
24.10519409
23.29611969
-10.46092701
-22.24311447
14.44323158
-7.393294334
-1.747067451
-2.762167454
-10.15106201
8.483255386
-5.109640121
-7.052206039
24.53099632
11.64376259
-14.93388939
-10.93840408
-7.23000145
-7.94774437
-5.119705677
13.84639168
1.641343832
8.386778831
6.144422054
-34.43105316
-6.328331947
-16.19242287
4.331787109
-17.51832008
15.727108
22.94051933
-0.4316785336
21.26823425
20.04976082
3.516906023
0.6620900631
-1.989475727
-5.536590576
30.12190056
32.74552917
-5.009066582
0.05053567886
-7.962945938
-20.576231
1.183692932
28.47862625
12.93136978
-14.91471291
21.72168732
32.43389893
20.65133286
5.161056042
23.33763123
-8.261336327
-5.136806488
35.36501694
-11.52174187
-8.167703629
12.45082283
8.251525879
3.0687356
4.20684433
33.01644897
-1.500784874
-15.10947132
5.856370449
35.06928635
-0.6359548569
-1.289327383
-7.224256516
-6.175441742
11.13043213
-13.10755157
2.820225239
-8.173742294
7.196142197
-12.13286591
3.742183924
6.78246212
9.794765472
-3.519910336
6.600050449
6.136895657
18.78563499
-14.23062897
7.854120731
2.148152351
-19.88709831
7.749107361
16.53857613
-7.431366444
15.89141273
-5.373092651
-5.145839691
-11.41703796
8.276874542
-1.702944756
-10.13952637
8.131089211
15.50611687
-3.940916061
-2.3041749
24.47003937
3.19085598
0.4961829185
-16.61222267
-10.1655159
9.770366669
7.234500885
16.5854187
14.11340237
-14.72557068
-13.76988029
20.70691681
8.152324677
3.452312231
-11.45305634
-38.96960068
-8.103944778
-26.48596573
-2.643960953
8.137080193
-5.359316349
16.53351021
4.884047985
5.498317242
-22.97452736
-17.81893921
17.03170395
16.9167366
-4.579352379
-0.7004165649
-31.26348114
6.709052563
9.239760399
-7.662395477
3.693408489
15.74402237
29.43263245
-5.393490791
12.34030724
-12.34160519
0.3894298077
14.76490974
1.845749617
12.67164612
30.80008698
-0.5636222363
42.52548218
15.26630974
22.42251015
-1.333342075
21.69527054
12.23433781
37.26515579
5.511608601
-3.412434578
-11.89458942
-22.03881645
-9.662232399
-25.55041504
7.682236195
4.119706154
46.9743576
10.1234417
-31.43342209
8.496777534
25.02995872
8.746761322
-17.92533302
-0.5038673878
28.07267761
-0.9106007814
-6.624595165
-27.57946205
-8.543727875
15.24586296
-1.912761688
8.099132538
-3.085549116
-2.371265411
-4.70053196
-2.76446104
11.85298157
5.407578468
7.506358147
21.38030815
36.1509552
7.668031693
36.63925171
8.317253113
-4.803207397
3.595072746
-5.435243607
-3.866320133
25.54622269
-14.55957985
9.112089157
21.76522064
-22.24515343
-22.99471283
7.26789093
14.80230331
30.32671928
11.13955688
15.71889019
32.93891907
-1.890508175
-4.014363766
17.32538414
20.7686367
5.87875843
-23.98733711
11.27423668
13.55037594
-28.6780262
13.41460514
19.34940147
-2.220460653
-5.779388428
42.35446167
-5.045366287
16.5400753
-10.28209496
-3.417836428
11.6528616
9.355155945
6.57188797
2.232075214
20.1962471
14.59531403
17.46650124
19.13510895
15.57214165
-10.04888153
-16.16101646
-24.06773758
8.991200447
-22.45597076
33.76414108
-29.13533401
11.02990723
1.763754845
5.339525223
1.460895538
-24.52868843
-27.98645782
-15.63155651
1.270728111
-16.9483223
-20.02757454
-9.603585243
2.559691191
24.43902588
15.72938156
-30.73376465
21.42663002
-10.50706482
-12.28859806
-15.13208008
7.00363493
10.14554977
26.64737511
-15.01277733
-15.77648163
13.73431206
-6.431714058
-22.94993782
10.76888371
10.32537746
-7.442528725
-21.94232559
-5.708854198
19.66019821
-22.86349487
20.75696945
14.38920307
-20.79302597
-23.28553391
-5.62256813
-26.4444809
-27.04897308
-7.868998528
-14.59030247
16.2717514
3.357043982
-6.655190468
-17.95901108
-15.49397945
5.873744011
22.28459549
13.00140381
12.25583172
-9.862863541
-0.8450064659
-20.72818375
-4.285978317
-5.445440292
1.508703828
19.18424225
-13.06680775
-10.32271194
-11.91378212
-18.94493675
-37.34416962
8.312482834
-9.259177208
-5.840346336
-14.35115814
-32.03071976
1.529258609
9.811685562
7.685468197
10.10194969
-3.170009613
-5.601513863
18.72300148
6.467343807
-29.30702782
-30.80033493
31.42630005
19.04852676
-3.742073059
-12.81437111
0.1338825226
16.38914108
-3.991882801
-32.82769775
29.94265556
-5.944517136
-15.07191658
-30.78385925
-27.95830536
18.64556694
-5.737874031
-17.46889877
-22.56597519
1.989991665
0.7889072895
15.93230057
10.27842236
15.8024559
3.33159256
-16.79494095
0.8969326019
-19.73622131
13.20153427
14.57030487
11.14153099
11.87787056
-14.31174278
-28.82605362
24.28083801
-2.143078566
-11.07592773
5.706482887
25.65807152
-15.39415169
-6.842429638
-2.80300355
10.52640915
-6.582054138
9.366437912
6.111904144
10.03158951
-18.33122635
-9.651286125
7.445170403
-3.237360954
9.80109024
11.33693123
22.53765488
18.18009758
-38.73764801
-10.47565079
6.523934364
29.53212547
23.54433632
-16.99390602
-15.44598389
24.5662899
-3.688147783
-2.214304209
-28.41369247
-3.832389355
8.643733978
6.50116539
14.3049736
-24.40981865
26.08716583
17.92192078
-3.969783783
-22.34908676
-39.37787247
6.484658718
-19.8979454
0.3990971744
1.202991962
12.70618916
12.4073534
10.01309013
-7.793445587
12.92821503
-9.269277573
-22.1670475
-11.75388145
-4.451354504
7.154191971
-15.98392105
-14.00190449
-10.39328003
8.232433319
39.24837875
20.22006798
23.99930763
16.35408211
-12.77196217
20.9540844
2.289785624
25.3613472
6.365597725
1.334364891
-10.89475918
-25.22153282
-15.828228
-12.18799782
24.22641754
-11.48869514
-23.02121925
-35.66904068
-16.82427979
14.62194347
-6.327404976
-2.912675858
7.203713417
5.950437546
13.81866837
-18.68624687
-6.482539177
-18.99554062
31.45660973
19.79718399
-4.997171879
-12.36127377
-12.01178169
16.94221497
-27.92887497
6.859116554
-2.157130241
19.1578598
29.80082703
-2.990033627
-8.164243698
17.4957428
24.8442955
23.35863304
-3.363655329
2.427941322
23.08819389
5.245136261
9.556789398
-6.126711369
26.13542175
-5.2199049
-9.058811188
-8.588439941
-8.590229034
3.447409868
-6.778533459
-10.62603951
17.92651558
23.59541893
-15.18992424
-12.30235291
-43.10574722
-3.090799809
21.11372375
2.321524382
27.70366478
-0.03521573544
8.426347733
24.20477486
-6.109679699
18.31571579
-14.41904449
3.029815674
9.821409225
-11.8204689
-22.93635368
0.9617942572
-2.611989498
-20.40289879
-7.773355484
-15.8093338
-11.12706947
-1.505667686
-32.21579742
-36.91326141
2.062159061
3.230134964
-13.85634804
13.75823402
15.5741787
2.150005817
21.02541161
24.69488144
3.288059711
-3.726379395
-27.27061653
-12.58687019
22.13219452
-5.413048267
5.951555729
-23.46031761
-4.240654945
6.426511288
8.272603989
-5.272886276
-23.18785858
1.782717705
38.57715225
-10.85469818
-2.109203339
-15.33587456
-28.06769943
-5.638865948
7.505146503
-0.2282516956
-12.50343323
-29.68288422
-6.882630825
-0.3610978127
-1.492170095
2.75073719
-47.8194809
-0.2442475557
-4.550280571
1.024621964
-17.60211182
-11.32789421
4.729840755
-3.716381788
-23.98567963
-1.592977166
-4.099989414
-19.04701614
-7.16195488
13.72163773
18.18281174
12.14519691
-5.18904829
-15.60843277
-10.7893734
16.45247459
7.577673435
-24.51559448
15.98700905
-5.352375984
-6.216052532
46.15172577
-11.61154842
17.68021393
12.93831444
-9.713311195
34.83145142
-9.583304405
4.635019302
30.34879112
5.392976761
-4.171864986
17.30314445
-7.048333645
-3.897631168
-9.926804543
-6.121139526
6.733359814
12.1732893
7.897192955
-20.01634979
14.35701752
1.16312027
2.645495415
-3.622571945
-9.315714836
-12.39686489
-12.52385521
-27.27358055
8.58044529
-7.074553967
16.93015289
-0.746515274
-8.678495407
25.13411713
1.207620621
-29.17607307
-16.21470261
-8.423897743
9.371183395
2.078850746
-2.487617493
-28.34472084
-2.985662937
-1.812357426
-1.633690357
16.868433
-18.72460747
-8.496013641
5.661160469
9.238348961
-16.42254257
-4.933613777
3.875197411
-28.22863388
15.40093899
-19.39474297
17.23882675
17.61180687
-3.783066034
7.8924613
19.21063423
-17.56351662
-17.40541458
-29.2691021
-7.455268383
31.06186485
-18.71798325
-12.45095921
11.33102703
-7.839460373
-1.989231825
-13.09921265
3.281872272
-11.29955864
7.315716743
2.059700489
-43.68195343
4.215885162
-34.71046448
-0.8025128841
-5.39853096
7.676365852
-10.6713047
8.564767838
-8.403543472
-19.27658844
7.921015739
2.355801582
-5.28203392
4.310716629
14.97175217
20.13341713
-3.626651287
4.252789497
-1.850674629
-10.11634636
-17.44304657
4.851196289
9.54940033
8.524183273
-0.7832891941
-3.018548012
-30.01544762
-14.33389473
10.86637592
19.43032646
-28.28507233
10.99780464
1.66984129
-34.21631622
20.87424088
-9.022716522
-10.42022324
10.30838203
10.9129467
4.981071472
1.863344908
7.050128937
12.93844795
-20.54440117
-14.49641991
-13.44209862
26.08208656
2.030298233
-19.89608955
-10.70140934
9.522875786
-16.83620644
-0.4352198839
1.351496339
-8.248838425
-1.203420281
-10.68617058
-11.65001869
8.763723373
-13.93952656
-2.999722242
3.39213562
13.71856976
1.565847993
14.73633003
15.87432671
-15.16636276
-7.471170425
13.58908844
-4.548677444
-3.178949594
-15.34601212
-0.5133924484
24.55806732
-1.94241631
22.00128555
-6.22594738
-19.14519501
1.910938978
8.326107025
5.113010406
-3.585600853
33.62855148
13.41295815
16.61534882
10.44351673
10.88018322
3.414130449
-10.02828026
-0.9414675236
13.81952095
35.2751236
11.09612274
2.429891586
-6.519162178
-28.81685257
47.38392639
5.978359222
6.965395927
-9.307477951
-6.896359444
-11.75293541
-4.058732033
1.994278312
-0.8404340744
12.49874973
-1.588632584
-19.04762077
1.049993515
-14.37778759
20.6370945
5.892511368
18.58427429
21.81003189
-14.65343666
20.31298637
-12.53475666
14.77762794
-14.68718433
-5.546206474
-16.65944099
11.4839325
-3.99919796
-4.659394264
-18.60095024
3.403768539
-22.3496151
-4.501670837
-3.110175133
10.53193474
2.838452816
-19.74928284
-18.0880661
-2.706328392
-17.31256866
-17.45221519
2.827932596
33.59672165
19.28553772
13.31968117
6.972434998
-21.88509369
-7.197213173
-0.4210021496
3.232141495
10.14980507
-18.25707817
-35.53521729
-8.105347633
-20.35500336
-25.7474823
-28.27250481
-14.77716732
-5.584542274
-26.3513298
-3.26695013
-11.16509628
13.79163265
13.58036709
-4.211344242
4.381024361
5.814979553
1.684267759
11.4864502
-23.49479103
-6.711939812
2.92921257
-15.94432735
-3.048642159
-31.24583626
4.10752964
-0.1571583748
8.209654808
-16.25588799
1.292860508
-0.5343904495
-17.96806717
-17.45623398
-23.25813675
-10.38769341
6.061273575
1.379607677
-26.67899895
9.242433548
-6.237271309
-7.386614323
-26.55912399
15.14342499
8.227832794
-2.501546383
-6.098060131
-11.19495201
1.258691311
-3.833649635
-14.55108166
-6.957795143
-9.10253334
-1.45217824
-6.49058342
-36.19127655
-6.158753395
-23.42761993
-15.6283083
-17.26888657
4.665013313
-14.65050507
-21.07478905
13.10042
2.563465118
-23.54320335
-4.971111298
-9.81787014
7.815718651
-6.931703091
-19.72554016
-7.341505527
38.6099968
2.00582695
-23.16611481
-33.57094574
3.08399272
-27.18989182
-23.8337822
-1.405521631
-28.06604004
5.282517433
8.669971466
-26.4100666
12.41163921
8.742584229
9.148802757
-11.92090416
-17.03184891
3.58323741
1.066680908
-19.02592468
8.566301346
-12.47813988
-18.95016479
-19.63859558
-27.40639687
-14.02249908
-3.442627907
9.89257431
-11.1012888
-6.002461433
-6.768479347
-17.62187958
-31.53247833
0.8095867634
16.30234909
3.241197586
1.047669649
6.790825844
-7.556839943
-30.56505203
-16.57970619
-32.11672974
-22.38089371
-12.45753288
9.034218788
10.22120857
16.09448433
5.360474586
10.73752403
8.36528492
-1.582717419
19.41635513
32.37075806
7.246231079
-14.59791183
4.5148592
11.95032406
-13.37869644
-31.60392189
-25.19741058
-1.610218525
-36.08008194
-15.52119446
20.7096138
4.901987076
12.32245159
5.902288437
-25.42028236
-14.5281868
17.12086296
10.21446609
-13.56894684
-10.22364044
-9.871274948
15.67213726
20.24017525
-17.6735611
-19.61114311
-19.00774765
-8.615777969
-6.840394497
3.220803261
-3.232178926
12.18604088
-10.1939888
1.894743443
28.54982948
17.72962189
25.54981613
-2.439907074
15.2294426
-10.88345146
9.935617447
6.354502201
-20.68832779
-22.46305084
3.733794212
-2.735267401
14.51839638
-35.2904892
-23.12975121
-11.68963051
-2.170583963
2.382027864
16.64762688
15.43774605
13.25790024
5.977570534
-31.76785469
-9.795373917
23.54187393
-26.25460815
-1.299605846
16.25405884
2.060019493
16.23926544
-17.29655075
-24.05487823
-14.51086998
6.97905302
-20.30950546
28.18225098
-30.98129082
-14.6885376
-9.032705307
0.4918515682
16.61422157
4.91814661
21.03079033
9.821500778
-5.71928978
28.36217499
-2.341241837
-6.351333618
-3.428127766
-26.26638031
36.26581573
10.31238365
18.67696762
26.62876511
-13.67861652
22.35108757
2.532431602
-9.925730705
-10.02959061
3.269465923
-9.77456665
10.69970417
0.3347916603
-8.006515503
10.76963615
32.33701706
20.0186348
-25.31993294
39.25228119
-10.33908749
-2.181986332
10.88698101
-26.96187973
-6.576332569
15.24858952
12.76705551
14.32825375
-16.66659737
15.84864521
-29.03780937
-9.616098404
-0.7247623205
-30.61190987
3.719166756
1.320908308
-2.300182819
-16.31655312
-12.56004429
-0.5673402548
-22.08154678
-13.90623665
-4.301311493
-26.14328766
17.93294144
-30.91111755
13.12974548
-6.478765965
-20.265728
5.126686573
-2.319195747
-17.9773674
-5.627729416
-12.66576004
12.5307312
-3.937763929
-37.22267914
-7.002213478
19.16923141
31.38496399
8.709460258
-20.6557579
2.119645119
-22.8383255
-26.03709984
-9.488548279
-15.56903839
-4.289224148
26.91022491
-10.99318027
19.37565994
-0.2895817757
2.321761131
-0.8107042313
27.7297821
-10.88510132
-0.3369750977
0.5342135429
24.89212227
-27.47286415
4.679159164
12.6855011
-23.48933601
6.111689568
-23.80807304
1.883328438
12.32655144
-25.36210442
-3.682173729
-3.956528664
-14.77831173
-9.258571625
6.522438049
11.85047913
5.45396328
-22.81142235
-0.9548153877
5.273575783
7.260318756
18.3658905
0.3141975403
11.46093082
5.617985725
-10.68870163
2.081450939
-17.53218079
-37.29350281
-20.40575218
-17.37101746
-12.70532513
-14.9190464
-8.785173416
-8.813236237
-27.30626106
-18.04010391
-17.19547272
3.442966938
-0.1656064987
-3.961974621
-0.2145214081
4.00673008
-25.79258537
-10.85054588
-5.46342659
-9.753356934
-16.91092682
-5.765706062
-3.189763546
0.9106640816
-20.65246201
-28.9508419
-8.845333099
-3.106633186
-15.97230148
-3.859072208
-23.72722244
22.76160049
-13.66500664
-20.76730537
-33.41163635
-25.53595734
-10.79951382
-16.17631149
-24.7526741
0.7654597759
-8.546476364
16.00854111
-25.10807037
-11.49614334
10.95568275
-26.43811798
-24.5104599
8.280617714
-26.78538895
24.60181808
6.096599579
-12.53257084
-1.89455986
0.2828774452
28.49477386
-5.038870335
4.324164391
-13.3883009
-4.080356598
6.584320068
8.501138687
-16.97321701
-0.6903746128
-28.21802521
-7.653442383
-8.124087334
25.04335022
-36.98305511
-11.99348068
23.20661926
-12.13720608
-9.989338875
-24.06339645
10.54542732
-13.70364666
-12.32334042
12.29815578
-32.97036743
-34.93718719
-23.52265549
-11.66269684
43.54176331
46.47396088
-19.39275742
-15.64095497
16.08555984
4.837716103
-14.25211906
4.376711845
7.402132988
3.855296135
5.920431137
5.733398914
-7.355697632
-13.88278294
-23.9599781
42.69418716
-14.23634243
-17.07087898
1.744100571
-18.54194641
-2.040620804
-12.40289307
13.26847553
12.03710365
-10.45172501
3.091150761
-29.19441414
-11.76737404
-10.74773598
4.988438606
13.50096703
19.60962296
-10.6104126
-6.801594257
16.10183144
8.32815361
10.39212227
-14.64119911
-15.2347126
18.92728996
-6.629028797
3.855445147
10.38839531
8.774425507
-1.826420784
3.345597267
10.41921234
-25.3800869
12.99630928
6.678684235
-8.481119156
-12.17731285
7.031708241
12.83291435
-19.45187569
-17.69571877
10.55501556
-1.162010193
11.9221487
6.624473572
-2.879565954
15.22631645
4.391294479
-1.045940876
-3.759170055
20.78271484
4.777677536
14.93686867
5.821063995
-3.152475119
-4.065324306
12.63334656
14.19636726
6.435094357
-33.78790283
-20.40696144
-10.92654037
-13.28237629
23.4036274
7.308502674
11.50233173
5.270494461
1.066827774
-0.204429388
10.85844326
11.69495106
0.1002149582
5.643972397
-2.941964388
27.75994682
-6.658379078
-7.314377785
-3.763690948
-12.90377998
2.463973999
2.262399673
3.270152569
-0.3374447823
-10.09335327
-3.747593641
21.41881561
-13.77275658
15.15484238
1.715961456
-15.81605911
-16.03278732
-6.740597248
-26.41941452
39.45994186
-23.90312004
-6.644185066
-1.283054113
-0.8353285789
5.22984314
-5.422032833
2.932544231
5.424600601
-20.69063187
0.1274542809
-0.1043393612
8.623374939
-5.533761024
-15.94815445
1.916122437
-15.96602058
-10.07721424
-33.6974411
3.783362865
-3.23504591
1.728089333
14.06914711
-16.67863464
-29.79106522
13.75157547
-9.508323669
2.852176189
0.8574240208
11.62822914
16.84213638
-9.248707771
-10.89458942
13.10609627
-24.27752113
-14.96302128
-17.50628471
4.415409088
-3.333614826
-3.81817317
-16.77343369
-28.79024124
-22.79143906
-3.261998177
9.653290749
-12.54905415
-12.00114918
9.533584595
6.487503529
-9.201015472
-8.374714851
-1.955991507
-7.454730034
0.7365711927
-24.2247467
-28.37393188
4.937607765
-2.57901597
-19.12545395
-10.61250496
-3.493911982
-32.08197784
10.37305164
2.058708429
-0.6244100928
11.34496784
-3.19693017
11.83367252
-6.893578053
-0.9045318961
-9.183657646
10.57853317
14.13691044
1.355457783
-2.082799435
7.165224075
17.72330475
19.60156822
-0.2897377014
-5.97587204
-5.771656513
2.823270798
14.64773273
8.918575287
-28.64788055
41.03134537
-3.573023796
3.672213078
-34.23164749
-19.65847778
1.485657215
14.07194328
1.112512589
-22.55618668
-12.69002151
-27.68056488
-11.70523643
-28.94233513
-1.959670544
-1.993888497
7.802924156
-3.24216342
-2.903452873
-25.25047874
4.937880993
-26.32184982
20.38866043
11.51465988
17.99728584
13.3879528
-12.49576569
-5.610885143
-25.7694931
-26.5562706
-49.17709351
-6.883117676
7.480659485
-11.68137455
-8.713258743
-2.442083359
9.631756783
-35.67211151
-27.5244236
6.362596512
-0.08936309814
16.564291
-9.762418747
-13.59798717
-6.173127174
-11.0921669
1.621466637
0.764772892
-26.13223457
20.82348061
7.584791183
6.893113136
-9.632996559
-12.73566246
-8.024095535
2.840872765
-24.86317062
-27.40595245
-7.501890182
-0.5844364166
1.087647915
-4.770470142
14.00555801
-18.82416916
3.696443558
-20.16921806
-34.82434464
18.65844345
2.236047745
-18.13874817
-34.44921875
-6.590898037
-8.766508102
3.055524826
21.47190094
31.55088234
10.62803364
-40.42673492
-4.851771355
-17.08408928
-24.27093506
-36.03004456
6.012341499
-27.22143555
1.865451813
-3.426186562
-7.213764191
-7.695001602
-19.19561958
1.345027566
4.759380817
2.15907526
3.537157059
-11.67583084
8.101394653
-12.5488739
0.3291033804
1.317499995
-3.498590469
-22.78712082
5.452548504
3.555529833
4.976941586
14.10538483
-5.041629791
8.807512283
33.22159195
23.61024284
27.94333267
-23.06363869
-9.544409752
-0.2082706392
10.26766682
0.7721691132
13.66463661
-0.1856884658
20.43387604
26.26858711
15.19523907
11.87419891
1.422531605
16.09378242
-2.150588512
-22.27758789
-23.48135948
6.699255943
10.51191139
-13.86452293
-16.14080238
-6.006193161
20.78604889
23.63376236
15.63421535
3.236072063
-5.490301132
-32.21120453
9.270201683
-3.624606371
-11.75939178
-24.69031715
0.7742986679
0.2000318766
9.422132492
6.744267464
7.085786343
12.29393387
3.846525192
-2.189527988
-23.32637787
-19.9273262
-1.416863441
-11.39456367
25.93018913
31.99883461
-9.172416687
3.111005545
-22.70066643
5.542849541
-7.236995697
7.513817787
-7.035373688
-21.80070496
31.25524139
-3.323517323
-3.02563858
8.575012207
-6.812568665
5.907733917
3.360248804
9.015932083
4.47873497
10.39043617
1.495397806
-4.953867912
-10.71127033
15.5548172
8.673879623
12.3858099
11.77126884
43.9655304
18.60815811
-2.63120842
4.643791199
0.9667034149
-35.95792389
-24.66957474
19.73257446
-36.90550995
-10.94850159
4.61537838
18.66565323
11.05241489
31.38105202
-13.03114128
-11.06696796
18.3831749
-2.113931656
-9.518919945
-7.700570583
-13.40288448
10.40539074
-21.02898216
-0.2801940441
29.20830154
6.539803505
11.42494965
-2.017064095
7.332800865
-18.2471981
8.839958191
-4.067100048
8.256410599
28.76850128
-4.006608009
-11.04016876
-2.919501543
