25125
-1978222797
-222875312
-1102188096
1165648124
-1539876384
-301884108
-1256866973
1000593130
-2068908977
662878300
998351036
-1156241728
-922176510
1459646713
-760153823
-1086303743
-473239428
493892841
1945677424
-1901901111
-267390949
-1017732294
29642074
-1257104579
1350027435
-1575822339
1598917133
-191629463
1098311566
-2049619365
43687
-629261470
1955626760
-314929982
-718783024
-1106787392
1092080712
669293525
1808137491
-1428437502
1414367538
1300709020
64103206
1787819343
-243476310
120438198
-1291274293
2003828435
561622298
-1475030594
-393105159
450732806
1122380570
2060367027
1387398106
313242212
1711898464
1277648269
-863792974
-1344809500
1915154119
1010479089
59740
-618380321
1557443837
-564604752
-137876322
-1069767838
-254155022
25327385
658162196
-718738442
1799162045
902170929
1704141627
-1513804489
-1812895759
-929888039
807678736
-1474496297
45670160
-780549663
976018850
325354862
1647650593
-240480155
1189495366
1408759071
-294860024
-841443063
1200849319
-800808628
-1203357341
-1654550992
8729
-68497586
1676043305
266913036
-2033993960
-186590639
-1916026090
748019075
744564198
-1623313981
112506855
1786594865
1861864400
-622450047
-951389874
1104240749
-62332543
-1515608057
2030994148
2043771675
636047098
359153988
-1440757816
1466811733
-2127001242
-1373816783
-197594601
1831412460
2039716289
1172737876
-102496818
-1306815267
22077
-438102584
1322136322
1501113394
858600076
120952431
907925070
2146686626
-562168142
308957349
-2072193646
1506253089
-639846079
1826784718
349145404
1788793087
-253757902
179719150
437359288
-751392593
-1575405490
-510979495
-139000237
1245592553
650776331
-1082033818
603004506
1477748275
643193698
1643754702
1467845763
-1272061150
69494
1721476357
-1366231980
385984311
-318809124
1214215991
1170442127
-1930653042
-22269945
-94219356
-2090550665
-1055735164
-2022556163
-1170838972
-908620029
1508891098
-1633033944
-1971524799
1377839992
-592495100
1719672101
2131460088
-488694257
299303921
1824374089
1611327086
-533406559
-919189547
927612532
-873909668
-610289992
-508456114
120425
-257155766
-1208686277
1120560053
1367086217
-2082976357
160650434
-1959865229
-1465058840
-15918959
-2135931250
918014005
-2068420983
66169602
-386221026
-1001558632
710026550
1105711586
-1518886353
-1919337890
-625161335
-234091235
1220404893
-1376578287
-933104659
161845486
838557859
1343550446
-806522234
1572105307
1958452610
1653696152
203994
35909
-1201846381
-1923803124
884455816
150480216
1929036548
2135067935
764799848
1084326179
-225028332
-1913946015
1369906335
-1395660513
-724914196
920204744
2072544388
-900427110
121565083
640328723
1592097535
763985126
-1038419889
796215559
1489290428
1954648130
401502617
-1868284671
-747841441
506781221
1451785746
2056813920
-32156
0
0
0
0
0
0
0
0
0
0
0
0
0
0
0
0
0
0
0
0
0
0
0
0
0
0
0
0
0
0
0
0
0
0
0
0
0
0
0
0
0
0
0
0
0
0
0
0
0
0
0
0
0
0
0
0
0
0
0
0
0
0
0
0
0
0
0
0
0
0
0
0
0
0
0
0
0
0
0
0
0
0
0
0
0
0
0
0
0
0
0
0
0
0
0
0
0
0
0
0
0
0
0
0
0
0
0
0
0
0
0
0
0
0
0
0
0
0
0
0
0
0
0
0
0
0
0
0
0
0
0
0
0
0
0
0
0
0
0
0
0
0
0
0
0
0
0
0
0
0
0
0
0
0
0
0
0
0
0
0
0
0
0
0
0
0
0
0
0
0
0
0
0
0
0
0
0
0
0
0
0
0
0
0
0
0
0
0
0
0
0
0
0
0
0
0
0
0
0
0
0
0
0
0
0
0
0
0
0
0
0
0
0
0
0
0
0
0
0
0
0
0
0
0
0
0
0
0
0
0
0
0
0
0
0
0
0
0
0
0
0
0
0
0
0
0
0
0
0
0
0
0
0
0
0
0
0
0
0
0
0
0
0
0
0
0
0
0
0
0
0
0
0
0
0
0
0
0
0
0
0
0
0
0
0
0
0
0
0
0
0
0
0
0
0
0
0
0
0
0
0
0
0
0
0
0
0
0
0
0
0
0
0
0
0
0
0
0
0
0
0
0
0
0
0
0
0
0
0
0
0
0
0
0
0
0
0
0
0
0
0
0
0
0
0
0
0
0
0
0
0
0
0
0
0
0
0
0
0
0
0
0
0
0
0
0
0
0
0
0
0
0
0
0
0
0
0
0
0
0
0
0
0
0
0
0
0
0
0
0
0
0
0
0
0
0
0
0
0
0
0
0
0
0
0
0
0
0
0
0
0
0
0
0
0
0
0
0
0
0
0
0
0
0
0
0
0
0
0
0
0
0
0
0
0
0
0
0
0
0
0
0
0
0
0
0
0
0
0
0
0
0
0
0
0
0
0
0
0
0
0
0
0
0
0
0
0
0
0
0
0
0
0
0
0
0
0
0
0
0
0
0
0
0
0
0
0
0
0
0
0
0
0
0
0
0
0
0
0
0
0
0
0
0
0
0
0
0
0
0
0
0
0
0
0
0
0
0
0
0
0
0
0
0
0
0
0
0
0
0
0
0
0
0
0
0
0
0
0
0
0
0
0
0
0
0
0
0
0
0
0
0
0
0
0
0
0
0
0
0
0
0
0
0
0
0
0
0
0
0
0
0
0
0
0
0
0
0
0
0
0
0
0
0
0
0
0
0
0
0
0
0
0
0
0
0
0
0
0
0
0
0
0
0
0
0
0
0
0
0
0
0
0
0
0
0
0
0
0
0
0
0
0
0
0
0
0
0
0
0
0
0
0
0
0
0
0
0
0
0
0
0
0
0
0
0
0
0
0
0
0
0
0
0
0
0
0
0
0
0
0
0
0
0
0
0
0
0
0
0
0
0
0
0
0
0
0
0
0
0
0
0
0
0
0
0
0
0
0
0
0
0
0
0
0
0
0
0
0
0
0
0
0
0
0
0
0
0
0
0
0
0
0
0
0
0
0
0
0
0
0
0
0
0
0
0
0
0
0
0
0
0
0
0
0
0
0
0
0
0
0
0
0
0
0
0
0
0
0
0
0
0
0
0
0
0
0
0
0
0
0
0
0
0
0
0
0
0
73761
531697954
-226130335
1982013612
-1330700871
-1406440205
412318615
-1181330659
-2095728232
-1920211395
893088227
1858389849
1725430488
-895963997
-1518975424
464032205
2061478720
1671478239
-980298662
-1914362876
-7789956
-718300620
710650738
-2120980600
1730164903
-1860746467
1580672634
-1544568802
1576704602
-1119316683
2105186066
-44078
328428432
-1589777135
1380083031
1186577511
424365701
-221618307
1056989886
1903773491
742697216
708255568
-1646308813
67709317
433618222
-1619677891
-1644972429
1510733593
1733045681
774878030
-1183805178
-747382627
-109079550
-1172109236
529725871
-465056999
-2085242955
960140941
366390209
767242033
-11386424
-267587282
-308828652
139790
1711275567
-1752200900
1152985716
-265979714
1283845675
619498839
495364261
-2086460980
1243606543
-859342566
-1010544742
-559055405
452329764
-2059745741
1482508701
-635686992
1829059853
1142094549
-1067472829
940693257
368517469
-2028320650
1927478517
-1906197059
-105170747
804685531
67452374
1914873023
272081635
-1712159050
1026651983
74486
420811086
-953720622
1980193402
-1682824391
-125357027
-726471173
-68423651
-2146149280
-1944630331
-1712984980
462615761
485953751
301924035
-1293842007
-1317316870
1044722878
-1582533127
185179977
1742230474
-413723137
625362131
12331264
1479146207
-1287639987
788644889
670212248
-472752878
-1524559382
1400992856
-1724387862
1283350591
109060
595991219
-1352215219
657847678
-375479268
-1036895487
-1373253879
1233034818
-1175063024
196800587
-1558673398
-2082786735
1227611729
255600812
2107434366
-1959276757
1573213250
196894592
930552352
-1997138191
1686489448
-407936511
-1353404510
-1788787476
-1757872445
2003557213
293257458
-230794737
-1936042577
-460155784
-100810609
207395570
-84999
-1188380049
2134450073
-1424256052
-2063583300
-588316202
1754039964
1753762893
-359982863
-302868322
1587029703
-279649801
-572473010
1610414750
-1949989348
-850241052
1394149769
-1102954854
-113901592
1989506544
1580324632
-458415042
629228824
392243343
951816952
2002265941
331345792
1631293299
-1624544386
1667168255
-1509690283
908072953
38232
1160442456
-1124044802
-1639877435
-766806458
2015872584
2085594861
854554069
1008895394
843882685
-1002195149
-554902488
354105651
-864701607
976680021
-1272394849
-716304853
-1770863930
1704991421
-1562995853
138344781
-897738668
-1005836472
-140986712
523678741
376038106
-140912350
1051318856
1085328514
1719734652
-1875034934
-29193198
52438
159700
792645437
2087191980
-577661665
254387644
434050056
-780514469
-2139079446
1746162606
-2144981010
-129752550
-577694946
-23621932
-1469561855
-145566991
-1997165210
1686293228
1647452906
710274857
-1966943596
1109678854
-1360477617
-12835635
1097847328
1041758448
-807182702
692186241
-662105015
-1116607830
2077077104
1223738035
30371
0
0
0
0
0
0
0
0
0
0
0
0
0
0
0
0
0
0
0
0
0
0
0
0
0
0
0
0
0
0
0
0
0
0
0
0
0
0
0
0
0
0
0
0
0
0
0
0
0
0
0
0
0
0
0
0
0
0
0
0
0
0
0
0
0
0
0
0
0
0
0
0
0
0
0
0
0
0
0
0
0
0
0
0
0
0
0
0
0
0
0
0
0
0
0
0
0
0
0
0
0
0
0
0
0
0
0
0
0
0
0
0
0
0
0
0
0
0
0
0
0
0
0
0
0
0
0
0
0
0
0
0
0
0
0
0
0
0
0
0
0
0
0
0
0
0
0
0
0
0
0
0
0
0
0
0
0
0
0
0
0
0
0
0
0
0
0
0
0
0
0
0
0
0
0
0
0
0
0
0
0
0
0
0
0
0
0
0
0
0
0
0
0
0
0
0
0
0
0
0
0
0
0
0
0
0
0
0
0
0
0
0
0
0
0
0
0
0
0
0
0
0
0
0
0
0
0
0
0
0
0
0
0
0
0
0
0
0
0
0
0
0
0
0
0
0
0
0
0
0
0
0
0
0
0
0
0
0
0
0
0
0
0
0
0
0
0
0
0
0
0
0
0
0
0
0
0
0
0
0
0
0
0
0
0
0
0
0
0
0
0
0
0
0
0
0
0
0
0
0
0
0
0
0
0
0
0
0
0
0
0
0
0
0
0
0
0
0
0
0
0
0
0
0
0
0
0
0
0
0
0
0
0
0
0
0
0
0
0
0
0
0
0
0
0
0
0
0
0
0
0
0
0
0
0
0
0
0
0
0
0
0
0
0
0
0
0
0
0
0
0
0
0
0
0
0
0
0
0
0
0
0
0
0
0
0
0
0
0
0
0
0
0
0
0
0
0
0
0
0
0
0
0
0
0
0
0
0
0
0
0
0
0
0
0
0
0
0
0
0
0
0
0
0
0
0
0
0
0
0
0
0
0
0
0
0
0
0
0
0
0
0
0
0
0
0
0
0
0
0
0
0
0
0
0
0
0
0
0
0
0
0
0
0
0
0
0
0
0
0
0
0
0
0
0
0
0
0
0
0
0
0
0
0
0
0
0
0
0
0
0
0
0
0
0
0
0
0
0
0
0
0
0
0
0
0
0
0
0
0
0
0
0
0
0
0
0
0
0
0
0
0
0
0
0
0
0
0
0
0
0
0
0
0
0
0
0
0
0
0
0
0
0
0
0
0
0
0
0
0
0
0
0
0
0
0
0
0
0
0
0
0
0
0
0
0
0
0
0
0
0
0
0
0
0
0
0
0
0
0
0
0
0
0
0
0
0
0
0
0
0
0
0
0
0
0
0
0
0
0
0
0
0
0
0
0
0
0
0
0
0
0
0
0
0
0
0
0
0
0
0
0
0
0
0
0
0
0
0
0
0
0
0
0
0
0
0
0
0
0
0
0
0
0
0
0
0
0
0
0
0
0
0
0
0
0
0
0
0
0
0
0
0
0
0
0
0
0
0
0
0
0
0
0
0
0
0
0
0
0
0
0
0
0
0
0
0
0
0
0
0
0
0
0
0
0
0
0
0
0
0
0
0
0
0
0
0
0
0
0
0
0
0
0
0
0
0
0
0
0
0
0
0
0
0
0
0
0
0
0
0
0
0
0
0
0
0
0
0
0
0
0
0
0
0
0
0
0
0
0
0
0
0
0
0
0
0
0
0
0
0
0
0
0
0
0
0
0
6730
1043432037
108632442
922887994
1919561991
1368668353
914516318
808624560
249659922
-754191376
-1407065789
1010134886
1478112828
-1846776424
-1348272726
-841418297
1088860368
1787525909
2134413785
371217210
-1961722736
-1873241362
-1356742101
95032289
-1499073265
-853999980
-1854075706
1225717810
422952738
408774075
-1959223624
75481
-1465106492
1718549200
1474560100
1340391218
-684553737
-1263702628
1614426397
1279726862
1135527701
-1669911104
-515616489
501273395
1040872712
2111588576
-1468141940
-1088014487
470853446
1075927946
-901797781
1080850084
-892210828
40378768
1691728544
-151103018
-673451619
-1839262219
-381460397
-181479869
703160673
-1405305120
1918177819
107474
-78394538
-38730076
1742571563
-592094055
-1959552447
-1497028223
-882576715
1355782983
168633357
501950859
-789071108
-872445848
201643903
1695188951
-1403843599
-954748772
453369554
-821237654
-1877648016
-1810513784
115528798
1908234038
281280178
-499995236
-1877758328
214867520
-1382787502
431147404
799215736
1721165065
-1025843704
78071
-189076164
-1464125305
514995976
1955493828
-640428469
1579147418
-1624686365
198728493
-1553031752
228368612
1804562757
-75285462
1766922962
286889693
1309876137
2064415820
-574633809
989506733
-415556288
-748605894
828768201
2076275042
1144542930
-852073968
-923392413
-837861165
1428900206
487680805
1662500977
1764227174
1371526059
106963
968438924
915180908
-94766509
455889925
-1715395431
100750474
331987112
-169074039
-2112637613
-680485588
1894556998
309295344
-1010408862
1307664483
607680492
1223721393
-1150400923
511061854
-1821573870
-1327105776
-14634188
2094880506
-328056261
-532710464
-634056530
-1704497043
-1772103208
-1093764099
-1542978399
62925345
-2140064540
48673
785106745
-230966675
-865053736
-708571610
331016273
-495838762
1197816615
658652972
-357742556
-656681872
1636037803
1239449259
678377371
-1418123888
1382946142
-122393477
-1916328299
280662585
-1728249597
-42439839
-210617806
1986016172
2086696504
1491971278
-1595936101
1338407585
-1456249694
193590703
-954593220
-1606919777
-353703231
144489
-841060417
1692241601
-1223668308
-2017638324
-96314283
1111468960
1993536409
137741452
215685157
-1126283748
-1215237793
1754978596
147368368
470462277
-882060275
479069339
92005986
220466940
-677104048
-1574125959
-667325862
1750878788
2140961971
-425957812
56465365
1780026231
-94955370
-1461982522
-1545400999
-903125484
-600408088
12482
117281
929035577
-114717770
1934532950
218361212
-68023806
-233210367
-1572004156
384607549
632089966
20985759
513827533
-1562776374
-897857464
-69688881
-1726459373
230253856
1474186642
-1019347449
-1475983983
348990593
-1716052088
-1758224141
296185197
1052695932
898304840
-172002829
1306577527
-570456572
-980261136
-1495446361
74121
0
0
0
0
0
0
0
0
0
0
0
0
0
0
0
0
0
0
0
0
0
0
0
0
0
0
0
0
0
0
0
0
0
0
0
0
0
0
0
0
0
0
0
0
0
0
0
0
0
0
0
0
0
0
0
0
0
0
0
0
0
0
0
0
0
0
0
0
0
0
0
0
0
0
0
0
0
0
0
0
0
0
0
0
0
0
0
0
0
0
0
0
0
0
0
0
0
0
0
0
0
0
0
0
0
0
0
0
0
0
0
0
0
0
0
0
0
0
0
0
0
0
0
0
0
0
0
0
0
0
0
0
0
0
0
0
0
0
0
0
0
0
0
0
0
0
0
0
0
0
0
0
0
0
0
0
0
0
0
0
0
0
0
0
0
0
0
0
0
0
0
0
0
0
0
0
0
0
0
0
0
0
0
0
0
0
0
0
0
0
0
0
0
0
0
0
0
0
0
0
0
0
0
0
0
0
0
0
0
0
0
0
0
0
0
0
0
0
0
0
0
0
0
0
0
0
0
0
0
0
0
0
0
0
0
0
0
0
0
0
0
0
0
0
0
0
0
0
0
0
0
0
0
0
0
0
0
0
0
0
0
0
0
0
0
0
0
0
0
0
0
0
0
0
0
0
0
0
0
0
0
0
0
0
0
0
0
0
0
0
0
0
0
0
0
0
0
0
0
0
0
0
0
0
0
0
0
0
0
0
0
0
0
0
0
0
0
0
0
0
0
0
0
0
0
0
0
0
0
0
0
0
0
0
0
0
0
0
0
0
0
0
0
0
0
0
0
0
0
0
0
0
0
0
0
0
0
0
0
0
0
0
0
0
0
0
0
0
0
0
0
0
0
0
0
0
0
0
0
0
0
0
0
0
0
0
0
0
0
0
0
0
0
0
0
0
0
0
0
0
0
0
0
0
0
0
0
0
0
0
0
0
0
0
0
0
0
0
0
0
0
0
0
0
0
0
0
0
0
0
0
0
0
0
0
0
0
0
0
0
0
0
0
0
0
0
0
0
0
0
0
0
0
0
0
0
0
0
0
0
0
0
0
0
0
0
0
0
0
0
0
0
0
0
0
0
0
0
0
0
0
0
0
0
0
0
0
0
0
0
0
0
0
0
0
0
0
0
0
0
0
0
0
0
0
0
0
0
0
0
0
0
0
0
0
0
0
0
0
0
0
0
0
0
0
0
0
0
0
0
0
0
0
0
0
0
0
0
0
0
0
0
0
0
0
0
0
0
0
0
0
0
0
0
0
0
0
0
0
0
0
0
0
0
0
0
0
0
0
0
0
0
0
0
0
0
0
0
0
0
0
0
0
0
0
0
0
0
0
0
0
0
0
0
0
0
0
0
0
0
0
0
0
0
0
0
0
0
0
0
0
0
0
0
0
0
0
0
0
0
0
0
0
0
0
0
0
0
0
0
0
0
0
0
0
0
0
0
0
0
0
0
0
0
0
0
0
0
0
0
0
0
0
0
0
0
0
0
0
0
0
0
0
0
0
0
0
0
0
0
0
0
0
0
0
0
0
0
0
0
0
0
0
0
0
0
0
0
0
0
0
0
0
0
0
0
0
0
0
0
0
0
0
0
0
0
0
0
0
0
0
0
0
0
0
0
0
0
0
0
0
0
0
0
0
0
0
0
0
0
0
0
0
0
0
0
0
0
0
0
0
0
0
0
0
0
0
0
0
0
0
0
0
0
0
0
0
0
0
0
0
0
0
0
0
0
0
0
38858
-70794159
607164195
-1404516491
-1685045437
1871789376
1745260678
1553958647
844242088
1194676568
1380581897
1346951077
228113714
-34344125
404687084
381002418
-1549970165
209607068
1755565252
-514378435
2022162166
-1526334113
669900621
-106599609
-1834669192
1123427416
-201569990
2035373467
249740193
2110571412
-1067418627
3892
-1378573481
-1235706395
1926900271
-1330817593
-1711764425
-988056503
-413672775
-1139379423
1772108478
1585707351
1528780549
1017325369
-77702997
-1119660619
-2074178109
-201111078
942466780
1837580422
-574020306
489757691
497188455
-374552044
-1503575416
96039259
1515407740
-1176755555
346006384
667724419
1242950578
524167468
1057249111
129761
-1689530442
680643481
-713227892
-543383750
1449994959
1376621547
729728220
405011112
-572104880
-618776880
-1586991137
-512724222
-229518332
-350558989
305685509
90744464
197455369
321164878
-845744296
293257249
-959695046
-1460968242
-802905204
-1218720055
1753961896
-1486900643
1993584559
-1406166782
-2052364905
-176792979
1285000722
109777
676738009
-654321172
2052363513
1865053644
1814122598
-1958112892
760664509
-286252861
-939150201
1146093846
-1409351392
53401125
-1046161209
-280807935
-1638916487
-306567097
-1820005630
1872676614
-2077860311
166292428
884596035
1638246497
-194694819
195937940
1922543705
-242225832
-292213600
-1178455761
751560790
2108929969
124773726
242400
68116479
-634310852
1261827943
-1319377105
-129303169
419118411
-1841796952
2108605143
-1412024197
-1745890768
1994899949
1995652871
-1010412129
953629362
909546665
-1649488228
-119036856
-1500445838
-772740833
-337210917
-1092919768
1416122006
1997072443
-834353253
-1016961600
227590739
617960015
1086434965
1805834307
148935965
661837725
-23509
-1840083145
1260686082
-498897250
865585949
-1011193662
-877422523
347498389
-2011820130
1443254589
-1972759694
164188294
-1504451421
1933507866
-195162612
-890852379
-1312132809
1055882272
1851325737
-862751876
730067179
-1233460577
-1721424616
-1967505867
-38169548
307445294
1089992878
221562629
722563156
1639882736
-2007876118
-1475490371
18655
-1555904397
1299218211
137808992
-358992414
166959707
-2005161894
1031626303
350122841
1990601999
1104657895
1019132374
537297155
1002789421
1779250321
1595046503
-1469666740
1773712596
-391713829
1404673848
-2135929963
312726463
-1168497485
272749096
1836487571
186323849
-1530552314
-174005214
477593505
1682173472
-799256834
-516591342
-6586
-34726
-1584163136
-695423178
-895934898
1062795786
-999840499
279804527
1860861791
917172641
-1692591737
1546709536
-795663648
-1546436036
-148063840
-1330940421
1096438065
-28990066
-3387132
1495129119
28776186
-1106540471
-935292429
-640562839
1096890277
-1907714450
2094255096
2132184323
-291606978
1320398257
207900787
346225342
-21878
0
0
0
0
0
0
0
0
0
0
0
0
0
0
0
0
0
0
0
0
0
0
0
0
0
0
0
0
0
0
0
0
0
0
0
0
0
0
0
0
0
0
0
0
0
0
0
0
0
0
0
0
0
0
0
0
0
0
0
0
0
0
0
0
0
0
0
0
0
0
0
0
0
0
0
0
0
0
0
0
0
0
0
0
0
0
0
0
0
0
0
0
0
0
0
0
0
0
0
0
0
0
0
0
0
0
0
0
0
0
0
0
0
0
0
0
0
0
0
0
0
0
0
0
0
0
0
0
0
0
0
0
0
0
0
0
0
0
0
0
0
0
0
0
0
0
0
0
0
0
0
0
0
0
0
0
0
0
0
0
0
0
0
0
0
0
0
0
0
0
0
0
0
0
0
0
0
0
0
0
0
0
0
0
0
0
0
0
0
0
0
0
0
0
0
0
0
0
0
0
0
0
0
0
0
0
0
0
0
0
0
0
0
0
0
0
0
0
0
0
0
0
0
0
0
0
0
0
0
0
0
0
0
0
0
0
0
0
0
0
0
0
0
0
0
0
0
0
0
0
0
0
0
0
0
0
0
0
0
0
0
0
0
0
0
0
0
0
0
0
0
0
0
0
0
0
0
0
0
0
0
0
0
0
0
0
0
0
0
0
0
0
0
0
0
0
0
0
0
0
0
0
0
0
0
0
0
0
0
0
0
0
0
0
0
0
0
0
0
0
0
0
0
0
0
0
0
0
0
0
0
0
0
0
0
0
0
0
0
0
0
0
0
0
0
0
0
0
0
0
0
0
0
0
0
0
0
0
0
0
0
0
0
0
0
0
0
0
0
0
0
0
0
0
0
0
0
0
0
0
0
0
0
0
0
0
0
0
0
0
0
0
0
0
0
0
0
0
0
0
0
0
0
0
0
0
0
0
0
0
0
0
0
0
0
0
0
0
0
0
0
0
0
0
0
0
0
0
0
0
0
0
0
0
0
0
0
0
0
0
0
0
0
0
0
0
0
0
0
0
0
0
0
0
0
0
0
0
0
0
0
0
0
0
0
0
0
0
0
0
0
0
0
0
0
0
0
0
0
0
0
0
0
0
0
0
0
0
0
0
0
0
0
0
0
0
0
0
0
0
0
0
0
0
0
0
0
0
0
0
0
0
0
0
0
0
0
0
0
0
0
0
0
0
0
0
0
0
0
0
0
0
0
0
0
0
0
0
0
0
0
0
0
0
0
0
0
0
0
0
0
0
0
0
0
0
0
0
0
0
0
0
0
0
0
0
0
0
0
0
0
0
0
0
0
0
0
0
0
0
0
0
0
0
0
0
0
0
0
0
0
0
0
0
0
0
0
0
0
0
0
0
0
0
0
0
0
0
0
0
0
0
0
0
0
0
0
0
0
0
0
0
0
0
0
0
0
0
0
0
0
0
0
0
0
0
0
0
0
0
0
0
0
0
0
0
0
0
0
0
0
0
0
0
0
0
0
0
0
0
0
0
0
0
0
0
0
0
0
0
0
0
0
0
0
0
0
0
0
0
0
0
0
0
0
0
0
0
0
0
0
0
0
0
0
0
0
0
0
0
0
0
0
0
0
0
0
0
0
0
0
0
0
0
0
0
0
0
0
0
0
0
0
0
0
0
0
0
0
0
0
0
0
0
0
0
0
0
0
0
0
0
0
0
0
0
0
0
0
0
0
0
0
0
0
0
0
0
0
0
0
0
0
0
0
0
0
0
-2124347237
-963752435
1193229048
1108236682
1374603926
-1238712765
-890534230
-1540092232
-1050971271
1558078204
2054033914
-1455404451
1834298218
-865179003
-1147647823
2130033962
-1404551961
-1091474021
918849864
-1854070038
-1607632945
-172628301
1215716443
1812707421
-1850962903
239611571
-1211260718
-383542173
68779335
-298420027
-857658278
917663259
-363398143
553329063
-668973791
1274380196
1044117874
1858403752
75336906
-1185706255
-1726794685
767376336
1435919908
1197216503
-1641429633
2007844801
1550339250
-529865676
1157099363
1247109504
239762658
682125818
1297077776
-2006900942
127690744
-614912162
-1689208821
1484995845
-187840685
1184269880
-1810148751
711830898
-288717583
1651955170
-1846986999
550039607
-519698278
-1905771303
-1500788097
-53160120
647441959
2098534312
603391901
-1113365101
-1811223030
2080574555
-2111555450
991429578
783916378
-744290198
-1652215674
-1840428782
-1108928771
-587804724
-1258743146
311515820
-1235682434
-1578203950
-1230748910
2028552903
725651069
1483195667
-633170570
-28938067
-1988228435
-1515076689
-1140061504
-1275396069
697631163
-1205782511
-1961805711
-1985742768
2144606250
1046807400
1507950149
-429397698
974137822
-1921220250
1932159418
1212184170
516561410
2117103185
-1250737601
-1568740209
24190212
517330289
1109797860
-810701203
-820999174
-2057355679
215255420
-1205516786
268803269
359337302
-172703254
548949418
-270032980
775445395
-649230746
-530396492
95625390
1851789227
-650301539
177406656
-238963440
474328681
1627845994
-902927431
-1768948420
1811552303
-1221936346
-87173740
1833628632
-629200708
-1454304353
1967029956
-1663245866
1343946825
-1797149353
-2114273342
-1517455535
-186016621
-1919221978
1423873489
259005596
-1961120316
-1923051966
-18136973
-878878884
1942049908
153577977
881323397
803828574
-1130676000
1081422000
1742264254
-1616109435
245395959
984889102
1427126920
573559205
-865657862
-897791064
-847511136
-1964471848
492325825
-335962163
1065082989
-237863897
-1612528139
-1001285452
1078198780
-1340025169
-208882685
-922232642
1049800901
109692085
-1285707165
-1328946088
1227647316
630081000
-2137361617
1934164160
-1543964751
-180344114
-1692527929
-1487616652
-2143808711
-591012290
820528365
633113543
1132881043
1067523820
1807630852
-1754372105
2146041629
1004019818
-1602767780
-1609653992
-469795882
-1003491693
842617270
-696371796
1507520431
1630434097
1410726491
-1034028562
-917868018
1908592832
1773324598
-192611326
2110131809
-904766180
-1854000110
-601564261
877650667
-988152684
1229436551
-377982448
490104688
538697403
386193963
-1854852459
-1925604830
-1099372917
-1163730634
-1032818788
-785417914
-1071119652
-116854092
-1277409647
1690955062
1376791800
-1781765131
-1811777220
636967720
-1351231193
567913077
1908956245
1114677647
-1727737154
-320982454
-1874583719
1534928595
-592579651
21637
0
0
0
0
0
0
0
0
0
0
0
0
0
0
0
0
0
0
0
0
0
0
0
0
0
0
0
0
0
0
0
0
0
0
0
0
0
0
0
0
0
0
0
0
0
0
0
0
0
0
0
0
0
0
0
0
0
0
0
0
0
0
0
0
0
0
0
0
0
0
0
0
0
0
0
0
0
0
0
0
0
0
0
0
0
0
0
0
0
0
0
0
0
0
0
0
0
0
0
0
0
0
0
0
0
0
0
0
0
0
0
0
0
0
0
0
0
0
0
0
0
0
0
0
0
0
0
0
0
0
0
0
0
0
0
0
0
0
0
0
0
0
0
0
0
0
0
0
0
0
0
0
0
0
0
0
0
0
0
0
0
0
0
0
0
0
0
0
0
0
0
0
0
0
0
0
0
0
0
0
0
0
0
0
0
0
0
0
0
0
0
0
0
0
0
0
0
0
0
0
0
0
0
0
0
0
0
0
0
0
0
0
0
0
0
0
0
0
0
0
0
0
0
0
0
0
0
0
0
0
0
0
0
0
0
0
0
0
0
0
0
0
0
0
0
0
0
0
0
0
0
0
0
0
0
0
0
0
0
0
0
0
0
0
0
0
0
0
0
0
0
0
0
0
0
0
0
0
0
0
0
0
0
0
0
0
0
0
0
0
0
0
0
0
0
0
0
0
0
0
0
0
0
0
0
0
0
0
0
0
0
0
0
0
0
0
0
0
0
0
0
0
0
0
0
0
0
0
0
0
0
0
0
0
0
0
0
0
0
0
0
0
0
0
0
0
0
0
0
0
0
0
0
0
0
0
0
0
0
0
0
0
0
0
0
0
0
0
0
0
0
0
0
0
0
0
0
0
0
0
0
0
0
0
0
0
0
0
0
0
0
0
0
0
0
0
0
0
0
0
0
0
0
0
0
0
0
0
0
0
0
0
0
0
0
0
0
0
0
0
0
0
0
0
0
0
0
0
0
0
0
0
0
0
0
0
0
0
0
0
0
0
0
0
0
0
0
0
0
0
0
0
0
0
0
0
0
0
0
0
0
0
0
0
0
0
0
0
0
0
0
0
0
0
0
0
0
0
0
0
0
0
0
0
0
0
0
0
0
0
0
0
0
0
0
0
0
0
0
0
0
0
0
0
0
0
0
0
0
0
0
0
0
0
0
0
0
0
0
0
0
0
0
0
0
0
0
0
0
0
0
0
0
0
0
0
0
0
0
0
0
0
0
0
0
0
0
0
0
0
0
0
0
0
0
0
0
0
0
0
0
0
0
0
0
0
0
0
0
0
0
0
0
0
0
0
0
0
0
0
0
0
0
0
0
0
0
0
0
0
0
0
0
0
0
0
0
0
0
0
0
0
0
0
0
0
0
0
0
0
0
0
0
0
0
0
0
0
0
0
0
0
0
0
0
0
0
0
0
0
0
0
0
0
0
0
0
0
0
0
0
0
0
0
0
0
0
0
0
0
0
0
0
0
0
0
0
0
0
0
0
0
0
0
0
0
0
0
0
0
0
0
0
0
0
0
0
0
0
0
0
0
0
0
0
0
0
0
0
0
0
0
0
0
0
0
0
0
0
0
0
0
0
0
0
0
0
0
0
0
0
0
0
0
0
0
0
0
0
0
0
0
0
0
0
0
0
0
0
0
0
0
0
0
0
0
0
0
0
0
0
0
0
0
0
0
0
0
0
0
0
0
0
0
0
0
0
0
0
0
0
0
0
0
0
0
0
0
248736058
-24536612
-1438616417
-612451198
1002178736
-1520079943
-103579960
458189083
-1409514679
-1515775818
-277952844
-677769237
1268815099
-2024985574
98512269
-1054850884
1167543346
-15516846
-1474449465
-1036775692
-94443691
389454615
2039647074
222735392
1972218026
-1904516530
1259198935
1425466853
-1300047331
-856693365
-727859936
1698022747
-1149320002
2092665585
-391606689
1773297931
-391511962
1036605950
581098400
1705758432
258596122
1172719504
-1886077407
-792397244
1087010831
943102609
1450678804
-1886009353
1325388485
-1218079993
-1658903826
-324281275
-1170960435
-37953992
-1961033777
-1914681232
1580924987
2055424828
-618903797
-801887515
-1702313964
-1890148170
260308613
-1770459858
1658983955
1600864315
-416379211
165822625
-1811352630
1531826047
1751266841
1308576463
-1206365608
1134654901
-189909430
1743300931
1338001008
-1016790526
-1837179152
-1019208795
-141464709
1483617648
664420416
-212330000
80101098
-977640500
1491961575
-1038493552
-755076840
1119565724
206746160
-399120142
-1848346589
696399497
-2061570107
-1640922686
168096066
-1696424740
-77198298
2096179028
425392175
-1281727159
928770907
608049385
-1522458112
358763352
-466358812
-731014701
-1284703379
416849026
997640601
-15237193
-645889926
-233356083
-1137299354
1340718488
-922369992
2033398358
-1498247595
-1977550925
2045720692
700861691
-1541230817
1300848529
756824223
-899970211
-1150880942
1830299917
-797942924
1230216839
-1582794611
-1645501097
-1427879485
-1914081658
966614594
1970990075
252268349
2125437127
1508948823
-2031927744
-1250909269
-2039526414
1134915058
-1534168269
1026170954
-1826450940
1283848222
-1889278119
1515655364
1139835782
616066040
479796247
-1541654318
-1059052478
1403057788
1414534652
112910365
211784835
-976738707
794031348
-1419539560
-839973348
-783315703
-1692892829
-72691654
-2013275626
-175779355
754106861
407310622
-463544613
1224841114
-230881918
1912506613
1323049322
-1743326709
-1804545051
775901329
-2067411788
670466064
-320028368
-1879016540
581602928
1650833655
1663413987
-1342046985
1941009305
255367194
637815308
-1926203576
1054480302
1519361530
-1626340496
-1668215635
-925029383
164092153
1199603757
-620613203
1949854466
-601733322
-1564628253
-2140984939
946645290
-1122458405
-1557489795
578331730
808508112
1809415147
-140707461
761236360
-1738327879
987075401
1574038377
767583343
-386801888
-1264795162
1358944053
1421631565
-855953830
2054620920
752776907
2016228182
-1287466276
-779607553
206978866
1104539011
867292933
-1902987350
376079178
-404794837
1638019158
-489220261
-222836965
776284926
1517504233
-717865989
-1411991320
-294592021
432649434
-920292919
1779978792
-2110089474
1640311542
1580241322
1735412412
794733224
1204745522
1206052431
-1814762811
-821948698
43316354
197049568
864422085
-718613396
569231899
-1259255643
-37716
0
0
0
0
0
0
0
0
0
0
0
0
0
0
0
0
0
0
0
0
0
0
0
0
0
0
0
0
0
0
0
0
0
0
0
0
0
0
0
0
0
0
0
0
0
0
0
0
0
0
0
0
0
0
0
0
0
0
0
0
0
0
0
0
0
0
0
0
0
0
0
0
0
0
0
0
0
0
0
0
0
0
0
0
0
0
0
0
0
0
0
0
0
0
0
0
0
0
0
0
0
0
0
0
0
0
0
0
0
0
0
0
0
0
0
0
0
0
0
0
0
0
0
0
0
0
0
0
0
0
0
0
0
0
0
0
0
0
0
0
0
0
0
0
0
0
0
0
0
0
0
0
0
0
0
0
0
0
0
0
0
0
0
0
0
0
0
0
0
0
0
0
0
0
0
0
0
0
0
0
0
0
0
0
0
0
0
0
0
0
0
0
0
0
0
0
0
0
0
0
0
0
0
0
0
0
0
0
0
0
0
0
0
0
0
0
0
0
0
0
0
0
0
0
0
0
0
0
0
0
0
0
0
0
0
0
0
0
0
0
0
0
0
0
0
0
0
0
0
0
0
0
0
0
0
0
0
0
0
0
0
0
0
0
0
0
0
0
0
0
0
0
0
0
0
0
0
0
0
0
0
0
0
0
0
0
0
0
0
0
0
0
0
0
0
0
0
0
0
0
0
0
0
0
0
0
0
0
0
0
0
0
0
0
0
0
0
0
0
0
0
0
0
0
0
0
0
0
0
0
0
0
0
0
0
0
0
0
0
0
0
0
0
0
0
0
0
0
0
0
0
0
0
0
0
0
0
0
0
0
0
0
0
0
0
0
0
0
0
0
0
0
0
0
0
0
0
0
0
0
0
0
0
0
0
0
0
0
0
0
0
0
0
0
0
0
0
0
0
0
0
0
0
0
0
0
0
0
0
0
0
0
0
0
0
0
0
0
0
0
0
0
0
0
0
0
0
0
0
0
0
0
0
0
0
0
0
0
0
0
0
0
0
0
0
0
0
0
0
0
0
0
0
0
0
0
0
0
0
0
0
0
0
0
0
0
0
0
0
0
0
0
0
0
0
0
0
0
0
0
0
0
0
0
0
0
0
0
0
0
0
0
0
0
0
0
0
0
0
0
0
0
0
0
0
0
0
0
0
0
0
0
0
0
0
0
0
0
0
0
0
0
0
0
0
0
0
0
0
0
0
0
0
0
0
0
0
0
0
0
0
0
0
0
0
0
0
0
0
0
0
0
0
0
0
0
0
0
0
0
0
0
0
0
0
0
0
0
0
0
0
0
0
0
0
0
0
0
0
0
0
0
0
0
0
0
0
0
0
0
0
0
0
0
0
0
0
0
0
0
0
0
0
0
0
0
0
0
0
0
0
0
0
0
0
0
0
0
0
0
0
0
0
0
0
0
0
0
0
0
0
0
0
0
0
0
0
0
0
0
0
0
0
0
0
0
0
0
0
0
0
0
0
0
0
0
0
0
0
0
0
0
0
0
0
0
0
0
0
0
0
0
0
0
0
0
0
0
0
0
0
0
0
0
0
0
0
0
0
0
0
0
0
0
0
0
0
0
0
0
0
0
0
0
0
0
0
0
0
0
0
0
0
0
0
0
0
0
0
0
0
0
0
0
0
0
0
0
0
0
0
0
0
0
0
0
0
0
0
0
0
0
0
0
0
0
0
0
0
0
0
0
0
0
0
0
0
0
0
0
0
0
0
0
0
0
0
0
-1016742696
-2095319905
266076972
1038470728
-838466568
-1144410574
-1883347556
-1369193775
-1729549331
577923747
841780174
159448095
1261718307
-896363881
590156357
-48682138
441534501
-436064629
-861777683
273113345
1643510451
-1538555186
-1565554758
-1168510091
-485160072
567840693
281653120
-126555518
1423378651
-941568264
-157260755
1965146825
1856308765
-722256436
471175890
1387618982
1884872094
1457218199
-940790913
1655045479
-557414739
-490427240
304172947
522398769
-271236735
1964802455
979755409
648370519
1095481599
1931584041
1571468907
-1873669787
479006487
1902165546
-1277444107
1964494503
-1010240106
10200764
-1589691346
-388901590
-2110413850
497872686
-896488890
-912088734
-641246711
1427527896
1911197883
1102097881
1806891705
561320507
-1898119761
2131114244
-2027740214
-1978394420
-354707273
-771241012
18842489
-1339846830
93105145
2039237842
-1440149326
581851641
-1467559138
2105317654
1028797601
-1594874376
996735974
-438697252
1601335334
1877323624
-1449283988
1116002646
557837735
-1219325911
-1052894817
851544562
1767178669
1492380421
-1732656253
-1443810318
-1996585515
-71946401
913621711
1795663139
46701303
350997221
1798920382
1470214388
-319552814
1160538115
-1840353862
1902719451
-522584477
-71101983
-1927227187
1189656183
-453203421
-69891719
-2066130549
-460278109
240410205
-386742479
186624322
-1041636949
-564387464
-78388595
-1498506046
-1363064520
-531526568
-62533707
-1763646443
1315076722
1132534695
-1491781205
1064719542
137727466
-719097382
-48598114
394539769
-1715511167
1779828018
-1591819851
1749987859
-658401834
2058858171
551397515
774312711
843335270
1413571597
-961797692
-527027584
1393550501
-1483084367
855403637
-638747962
-754911650
-819405599
942780346
572148034
-845381477
-1502853888
-1990386572
-1905670732
802080740
-646107095
51765911
808353768
-1573922527
-1719515165
-994867059
440977975
881874984
346222472
-524189130
99970707
-1919124996
1779440219
-1779332723
-781027854
1853612566
-162380341
1284088389
1166117739
4943684
-1126472735
752865523
724549423
-1948148639
1175410653
-15503373
1073755868
922908148
538921892
45709200
418115480
878745100
-1098222486
1947516200
-1061863775
-811583425
1830339446
-1694380655
1326537289
-1125470034
1878822909
-817534840
-620254143
56997831
-987263451
-1664705067
-1923571384
-636103000
1377467467
1299721373
-100988617
-4449484
1575712995
2122755472
1382366951
2100013631
637778064
1823567941
-1928832994
-1120134365
184646159
706446537
-895124767
457992383
1517810664
131735138
-590116688
-2043812950
-438498353
-1425001313
1793360618
-307575054
1455092971
1331036524
1829355959
1849163243
1116641155
-278964418
559532001
-508717491
-774308857
-1543071929
64344802
-127647122
1014834713
323349178
1424182234
612082849
1947708564
1505338323
1361116355
56695
0
0
0
0
0
0
0
0
0
0
0
0
0
0
0
0
0
0
0
0
0
0
0
0
0
0
0
0
0
0
0
0
0
0
0
0
0
0
0
0
0
0
0
0
0
0
0
0
0
0
0
0
0
0
0
0
0
0
0
0
0
0
0
0
0
0
0
0
0
0
0
0
0
0
0
0
0
0
0
0
0
0
0
0
0
0
0
0
0
0
0
0
0
0
0
0
0
0
0
0
0
0
0
0
0
0
0
0
0
0
0
0
0
0
0
0
0
0
0
0
0
0
0
0
0
0
0
0
0
0
0
0
0
0
0
0
0
0
0
0
0
0
0
0
0
0
0
0
0
0
0
0
0
0
0
0
0
0
0
0
0
0
0
0
0
0
0
0
0
0
0
0
0
0
0
0
0
0
0
0
0
0
0
0
0
0
0
0
0
0
0
0
0
0
0
0
0
0
0
0
0
0
0
0
0
0
0
0
0
0
0
0
0
0
0
0
0
0
0
0
0
0
0
0
0
0
0
0
0
0
0
0
0
0
0
0
0
0
0
0
0
0
0
0
0
0
0
0
0
0
0
0
0
0
0
0
0
0
0
0
0
0
0
0
0
0
0
0
0
0
0
0
0
0
0
0
0
0
0
0
0
0
0
0
0
0
0
0
0
0
0
0
0
0
0
0
0
0
0
0
0
0
0
0
0
0
0
0
0
0
0
0
0
0
0
0
0
0
0
0
0
0
0
0
0
0
0
0
0
0
0
0
0
0
0
0
0
0
0
0
0
0
0
0
0
0
0
0
0
0
0
0
0
0
0
0
0
0
0
0
0
0
0
0
0
0
0
0
0
0
0
0
0
0
0
0
0
0
0
0
0
0
0
0
0
0
0
0
0
0
0
0
0
0
0
0
0
0
0
0
0
0
0
0
0
0
0
0
0
0
0
0
0
0
0
0
0
0
0
0
0
0
0
0
0
0
0
0
0
0
0
0
0
0
0
0
0
0
0
0
0
0
0
0
0
0
0
0
0
0
0
0
0
0
0
0
0
0
0
0
0
0
0
0
0
0
0
0
0
0
0
0
0
0
0
0
0
0
0
0
0
0
0
0
0
0
0
0
0
0
0
0
0
0
0
0
0
0
0
0
0
0
0
0
0
0
0
0
0
0
0
0
0
0
0
0
0
0
0
0
0
0
0
0
0
0
0
0
0
0
0
0
0
0
0
0
0
0
0
0
0
0
0
0
0
0
0
0
0
0
0
0
0
0
0
0
0
0
0
0
0
0
0
0
0
0
0
0
0
0
0
0
0
0
0
0
0
0
0
0
0
0
0
0
0
0
0
0
0
0
0
0
0
0
0
0
0
0
0
0
0
0
0
0
0
0
0
0
0
0
0
0
0
0
0
0
0
0
0
0
0
0
0
0
0
0
0
0
0
0
0
0
0
0
0
0
0
0
0
0
0
0
0
0
0
0
0
0
0
0
0
0
0
0
0
0
0
0
0
0
0
0
0
0
0
0
0
0
0
0
0
0
0
0
0
0
0
0
0
0
0
0
0
0
0
0
0
0
0
0
0
0
0
0
0
0
0
0
0
0
0
0
0
0
0
0
0
0
0
0
0
0
0
0
0
0
0
0
0
0
0
0
0
0
0
0
0
0
0
0
0
0
0
0
0
0
0
0
0
0
0
0
0
0
0
0
0
0
0
0
0
0
0
0
0
0
0
0
0
0
0
0
0
0
0
0
0
0
-97763454
-733857379
1134489738
-1458299760
-1735343393
-608421073
1096171412
-1169244753
1812682388
1519141100
1771331951
-2007532001
1557571849
-708038687
1757459892
208649707
90457499
517202314
1770430617
459681592
-943942476
71774392
1864943082
-1636127701
-1434879658
-170947891
2028006338
857409382
1714935395
-1150850404
-1031601234
287409106
380468869
-2023150135
-573141691
-138989406
-1645161401
2063050189
463278363
-2072455710
1367135361
-1903056578
-1344009263
-1952605753
566203284
1521148755
1923853504
-1540591842
893087241
1358039660
-1030736382
1799599802
988345948
1692735948
1978313281
348824596
-1941640217
1349527546
-1204225248
-1722801198
-1980264776
339187771
172964345
-1654132456
2111929247
-783786520
-261673064
696940768
-1389476774
-966728659
2088588181
521986482
1625631355
1474321133
23867518
-852621763
-1339672913
81558527
-1810523886
440459150
-671509752
-1225417786
-702619735
-2036429921
-1992347000
-504759422
-2122470336
-45277203
393094741
-896401153
1985737066
-1029607787
-312894007
1959147843
1017855035
347328102
-1613278950
-1096334963
-1781716829
1133595795
-883094788
-366644684
1170760783
-769076671
-983612575
2091336355
176191683
-799742530
-180202584
-487900559
-614403524
1568436167
-1324373854
-828652150
1506006364
-144108956
642213302
-1790224706
-1268147407
-525068283
-639887687
-937794878
-608256268
1806348908
1119355879
-986186088
-1020871802
-2068585997
-1408150090
-231732783
454048035
56539998
1634854731
1730311570
-514188058
2125146091
-409548368
-1923652565
-1707855935
-1037707296
2113819569
969362117
391593596
138393907
1521404199
-615159921
-79732675
1229289515
-1334149490
154599224
1567846367
-1261405558
-1279792724
-857726925
571291454
-417865298
1998394449
-251655990
-1573163033
360760326
-605633082
1733140790
1637984556
1457963462
889576916
1189029558
1514956642
-611359137
-1164562029
-867126204
764402154
-977664060
1520871718
1360244662
1237085491
-999153461
1165308364
-349559129
1118911673
889322437
393499117
244093984
-241873716
-1095764775
-27408223
37191995
1819416378
1910880973
-160366995
-404631202
2127705375
1877073182
1197612078
-1385445025
-1723052946
1042021038
-1296881332
1169185704
-290007756
-1874606411
1859793844
-1454453005
-969945404
1116823919
424225106
-2028699842
1633929003
-359212051
485589238
-232385586
-90696528
-219489733
-755875688
-280580048
-1206414788
1818802135
286823361
246893113
664000836
1828897293
568637991
-1619228733
-302601751
-51726653
-72006045
-2012054339
1859609473
-809181015
-972829031
1279015129
-1305774404
1066566022
1695507201
2114250520
-80879683
-517698471
23149975
-309739111
481089230
-703250176
1064637461
1887513257
-1019928313
266018920
-535643089
-1217008966
1325652306
1182393750
-605987675
1959506200
-733671357
-1235838978
1590462086
241853273
375537861
12106
0
0
0
0
0
0
0
0
0
0
0
0
0
0
0
0
0
0
0
0
0
0
0
0
0
0
0
0
0
0
0
0
0
0
0
0
0
0
0
0
0
0
0
0
0
0
0
0
0
0
0
0
0
0
0
0
0
0
0
0
0
0
0
0
0
0
0
0
0
0
0
0
0
0
0
0
0
0
0
0
0
0
0
0
0
0
0
0
0
0
0
0
0
0
0
0
0
0
0
0
0
0
0
0
0
0
0
0
0
0
0
0
0
0
0
0
0
0
0
0
0
0
0
0
0
0
0
0
0
0
0
0
0
0
0
0
0
0
0
0
0
0
0
0
0
0
0
0
0
0
0
0
0
0
0
0
0
0
0
0
0
0
0
0
0
0
0
0
0
0
0
0
0
0
0
0
0
0
0
0
0
0
0
0
0
0
0
0
0
0
0
0
0
0
0
0
0
0
0
0
0
0
0
0
0
0
0
0
0
0
0
0
0
0
0
0
0
0
0
0
0
0
0
0
0
0
0
0
0
0
0
0
0
0
0
0
0
0
0
0
0
0
0
0
0
0
0
0
0
0
0
0
0
0
0
0
0
0
0
0
0
0
0
0
0
0
0
0
0
0
0
0
0
0
0
0
0
0
0
0
0
0
0
0
0
0
0
0
0
0
0
0
0
0
0
0
0
0
0
0
0
0
0
0
0
0
0
0
0
0
0
0
0
0
0
0
0
0
0
0
0
0
0
0
0
0
0
0
0
0
0
0
0
0
0
0
0
0
0
0
0
0
0
0
0
0
0
0
0
0
0
0
0
0
0
0
0
0
0
0
0
0
0
0
0
0
0
0
0
0
0
0
0
0
0
0
0
0
0
0
0
0
0
0
0
0
0
0
0
0
0
0
0
0
0
0
0
0
0
0
0
0
0
0
0
0
0
0
0
0
0
0
0
0
0
0
0
0
0
0
0
0
0
0
0
0
0
0
0
0
0
0
0
0
0
0
0
0
0
0
0
0
0
0
0
0
0
0
0
0
0
0
0
0
0
0
0
0
0
0
0
0
0
0
0
0
0
0
0
0
0
0
0
0
0
0
0
0
0
0
0
0
0
0
0
0
0
0
0
0
0
0
0
0
0
0
0
0
0
0
0
0
0
0
0
0
0
0
0
0
0
0
0
0
0
0
0
0
0
0
0
0
0
0
0
0
0
0
0
0
0
0
0
0
0
0
0
0
0
0
0
0
0
0
0
0
0
0
0
0
0
0
0
0
0
0
0
0
0
0
0
0
0
0
0
0
0
0
0
0
0
0
0
0
0
0
0
0
0
0
0
0
0
0
0
0
0
0
0
0
0
0
0
0
0
0
0
0
0
0
0
0
0
0
0
0
0
0
0
0
0
0
0
0
0
0
0
0
0
0
0
0
0
0
0
0
0
0
0
0
0
0
0
0
0
0
0
0
0
0
0
0
0
0
0
0
0
0
0
0
0
0
0
0
0
0
0
0
0
0
0
0
0
0
0
0
0
0
0
0
0
0
0
0
0
0
0
0
0
0
0
0
0
0
0
0
0
0
0
0
0
0
0
0
0
0
0
0
0
0
0
0
0
0
0
0
0
0
0
0
0
0
0
0
0
0
0
0
0
0
0
0
0
0
0
0
0
0
0
0
0
0
0
0
0
0
0
0
0
0
0
0
0
0
0
0
0
0
0
0
0
0
0
0
0
0
0
0
0
0
0
0
0
0
0
0
0
0
