48879
974116432
2003542213
1742615557
-442163951
-2113745355
-1291982158
18640389
-1557985141
-714497034
-1613511923
273847212
-287273169
1836617182
704680200
-676376960
-513847693
-746813292
1524921249
-315591287
955391952
-981859030
-595638531
1618441710
832385428
-1463716893
-1160347365
69913486
1315870444
1677202824
1644915460
57005
85827844
85855797
-14916906
1163691694
1503853731
842045033
2038944522
-1309028248
10967983
-249166616
1023309852
1927559243
-38735751
824583927
1628695937
1151331800
1053842236
723602375
-2012189211
-899960796
351359825
1275980567
-514915247
644446178
859935524
-1232789992
1435429520
1420196423
-1064961950
718422795
1428249644
57005
455661040
-656170464
1866319491
-1872885805
1014463137
974220114
847128453
1657298679
882292228
-21906574
157045424
-803355655
-1471124044
-22306846
186373872
1741693172
-250498959
1813286798
622180962
-1713060012
-1060230792
303682658
223288787
-351399957
-2089724885
836465027
-331257975
1147739824
694499648
-524480411
-722566274
57005
-609512449
-1697139600
1076722146
-772877388
-505456623
-1612163444
-1480455313
1025814442
1444922658
1061748828
1008026738
-414566741
998326785
42063953
1787776709
1070291097
897864149
609349724
654087918
-1530158203
671034945
859221983
-418044113
689199764
309046466
-1359030343
-555967821
-978379782
801162991
404302757
723072339
57005
835811140
-865818975
-2027321906
1976626133
29216815
2114871510
-1001208583
1515535875
1714711834
-919128159
-1754640721
-1978151611
1582488341
21945175
-596793590
-1834476332
836156147
311996257
1282023703
1953015303
-2123777898
-2096794802
1983464301
-1616025951
88263248
2062279599
-1238240571
-1250684324
388308859
693496597
1089497398
57005
455920684
-1437638160
768713621
-897119441
-1176594823
-1835021194
1821088988
-376481535
19112902
-1104704287
205112897
833284575
-1951077104
-1784677974
-1182765238
-441714841
794446763
635584446
-804918761
1962570519
1910084478
-683048743
1510115927
-1894750686
-521931190
-1547429677
-1504121363
-1751932769
318941306
117039016
-2030112702
57005
-903029155
1329334685
1405654925
-1884686070
746890242
-890488578
427107710
1315367921
981053096
-1204119656
-1752275120
1176922260
-1646147745
230701084
-1293053230
99869278
-1448912648
1418383856
-1306846321
-151653524
2030244453
1917030627
283833499
-1570206920
-280286157
2111811013
1752901352
1862816005
-115778827
1302554772
-965668535
57005
-2030366660
1143539684
897606247
-1991673119
308121984
-436657260
-1352935712
-1959412643
615117566
-553670963
-1738070932
-1343200721
-460960544
-1125686259
584430849
-182103999
1411186701
917493796
-1130078223
-528213883
-1032635552
-1749516372
1155490918
1281481045
-45335736
-2010390412
388938379
1665513921
1825528439
-516924094
-862036119
57005
-642605115
405542662
74360795
-2624326
214513870
-1118207487
-2129016799
-859756666
-1324832979
-1236372926
614371388
10547562
908012836
1127561086
-280981979
422037631
-905027659
1558629655
-1134190961
-249415598
-1347214139
-1735733548
-1286521291
-1960132789
827682582
702994037
-1632372000
1107503598
-897480946
-1914894913
-285308433
57005
1604810385
-2010112289
719392393
1568552069
822125526
-1308694034
-1262674075
1050729143
148658001
23140042
-528859927
771119821
2059026401
-1102128057
-1131880250
-243973173
352328732
1720697670
-1171827177
1622880894
870956411
1823255111
-580432132
-685511083
1209391531
876438240
-465006911
374100734
1237691390
-1681755256
747395666
57005
1767636627
830712136
-476375084
1807440533
-1187539372
-527871575
1785585295
-1435280166
-1053824357
1814622014
849107339
-1616731252
-796233611
-385033363
1017252231
-1510699807
672846706
227493322
2114792303
-587014619
31634049
1614664317
-655381865
-550918072
252168290
780374880
-1503343791
1015433119
806146350
1570586421
-1092908889
57005
380831762
395961472
1390542483
414742650
1514421430
855371166
781373430
969704619
-266789114
-927412272
668519914
1315525316
-426524242
-109253418
-1839493098
-1182366881
1770291129
-140295964
1081216165
-547285848
981364658
237202109
1665654970
1040317205
-458785721
-2081689599
-398982071
1453345864
1400666835
1172680944
1237834968
57005
-330022981
-2124760227
-374005246
1628911683
-788536019
890226672
-2118410895
-182891933
-2023971350
2129317291
-1908004364
243042948
675959791
825937735
-351559886
-657430549
1756724388
1720421186
-1639978612
1554341817
-648273362
1727266881
-1151056199
-1561103527
-1069022005
-10692925
-529671116
1808061475
318071013
247925410
97830311
57005
254446098
-895132640
1875760023
-1886144384
1652713640
-457634517
-787064888
-1690936291
-1651787958
590612376
1250046994
-2074216248
1111618648
1953830402
-1737412600
-1238092658
1266077745
1048062009
-1537737001
1838958087
1602037393
613594277
839509286
396380940
138522294
825741555
-1471680711
-293293530
-1642622874
-1201803653
-1195408771
57005
-195043765
-1027211066
-71232332
-1292208896
1160435329
-1368773589
-1355915574
-1980965481
1007674823
-1275656873
-1560748604
1493100306
-913122751
-1637311863
-1915452756
-215502516
-214181147
1712956728
2117876756
-1904384987
-39158404
-1139405150
-1488427041
1436714228
1857156636
-684780644
1790765388
1054132615
1921090971
-273937091
964143173
57005
1962037684
1410888092
-1883868469
-1921693562
-1132487847
-1101946579
-1319131932
-970305331
-2111878925
926079246
-727767920
1638860368
-16950460
-1179658538
397730115
-2067056542
-1985421208
-1685837977
-172555947
766226327
644181600
615302672
-131554538
524922055
1106116538
-956378537
1589859655
356323364
-2040670501
-436308384
605994506
57005
2029862536
840433793
686542758
1590372413
921376901
-1164107141
194780442
-1507770447
641993235
1699837176
1448228576
-1843579042
592296093
-463335284
1186188705
1084239920
1565266943
228867540
-140705693
-802901280
-1731710590
1308937661
607774267
-1261691293
1760121661
1976090462
-735030798
689795517
827192574
-402517986
-520734367
57005
441507789
-1459601944
-111052135
-1062842695
-646195656
-2091610664
-1952905408
322376826
-882152140
461445814
32304271
-1722703485
-904030800
-1420731387
893366012
1777049686
-424596876
1459271262
1163814055
-810457589
-457742310
-348065236
-1593006814
-264207679
1771119041
-160346024
-278888700
639855743
146835586
-1574100618
1251208498
57005
199197851
-1962082560
-1633339741
1121206578
-1644168572
1017382492
-315081896
-510712261
-1075552618
186851087
295862019
1619524574
915391479
299609308
1294390298
-798438002
-1701744989
-1207495865
294087486
1126947578
117277412
1529192725
625992425
-1372177757
-1352486486
862437314
523976757
1278595631
1082065577
21896822
-604351438
57005
1588709909
-209951825
-1596183179
1479159754
952780025
-1173435437
2032330323
1024510746
-1553999677
-213623747
1805374615
292076952
-600663258
2016234350
1244261296
-2005135725
466406263
-1688422067
1353845027
2066639897
-1384537536
-842638542
-525065726
1693462285
1030777234
-1691567758
-1690997625
1781892068
589110689
638968638
1547226749
57005
-1130457440
1237682602
-1586122865
1020103202
-76581883
598558818
-1631221697
-935024900
-1666131919
1361724776
781858607
252807652
1882711107
887097627
-1618494379
2031476480
891515009
-1978019046
10493791
251089828
1740601458
475570016
-141279071
500278520
2020380637
42959948
-1791641428
-1292252901
-1071251201
-1105719321
982193278
57005
-1756170538
-309687616
-1721660698
-479837288
593909181
-302978372
-1571345783
-938091479
-147196748
430986165
-225417727
-601133367
-1466998706
-1708359129
1466158620
1108604869
-1181143103
-411242054
-1045008166
1548823156
622194005
-1624400605
525752356
516110854
692597528
1775269342
315487516
1915053601
-2119205564
2097032197
-1794918587
57005
1304923748
506068723
-1679308733
1921601089
1449068336
2116443237
-1656774578
-1422049051
-395213781
-708963355
-1705075276
2037165528
-572568467
2051758461
-1081825884
-1501111561
1761547624
520027003
-83829819
-2146738425
1061766008
954018426
236679453
407741677
-1973027302
-1787883747
-1552339613
2020407388
-438687870
1954022168
-1988506057
57005
-1115275478
1611422754
-248189925
1566112019
150651303
1743436957
-1945794748
472239908
-153002338
399370278
-68766434
-1341390742
-1689620020
-740376365
1369657415
1038422073
-76547923
-212091811
-653154980
-428443648
572561462
-1975166567
-127630202
-1214051270
-197730223
1220489981
-1935825450
800758091
-1592445121
1818085674
-925521926
57005
-1184226788
444860164
980559948
-629609023
-951805854
-1652295521
364393475
-992084230
-313961276
1421524228
-282026611
-1357456580
537727756
2130328823
-116129219
1020073666
534450412
1456252617
320661411
1579323301
-924285712
-607704689
1744699229
2097800659
-111208816
-1092619704
-670424716
1831779300
1092203348
-1696088347
-331361186
57005
1027762420
219907163
1723154963
-1541008933
1061701455
-114091454
-1539453882
1058455703
-248901119
-98133689
220385223
342326271
-21083614
979304511
1802970526
2104325076
-338139078
-1338277014
661282214
905545549
1122285316
-1052139478
245592120
1373634313
807057403
1728055649
1604447003
-1216487456
-328817440
-1539498465
10437698
57005
-1190648520
1840211999
-1643424809
1012520538
1093943062
-1752679660
-18680929
1742616381
-477236875
924106408
1027455391
1749385904
-1551953357
-18616909
1763251718
-293064350
-854565129
550891660
1286585889
276060520
1927271492
-1290872860
-2008323604
-1635652394
-991591467
1273097910
-1828399509
-1471274061
120903278
-2067090210
-583578370
57005
-1140923072
-1660103620
-1394750982
-1683208399
-289667855
-761011892
-2041026789
1433555770
-63875266
1736781562
2055335035
-330085792
-316910112
482855692
-1428363651
604773777
1626407127
-1135296761
-1126869458
647220433
-1893795580
172533382
-2037882486
-275227386
-971267452
-1081694367
-1333576949
-1924927184
1999579227
867366812
-1366984981
57005
-1110239774
1095834168
2099834480
317724617
-1405256134
-348207502
-893611939
-2001455416
1532195898
1959185028
-1656141929
-1935570014
1361339083
-174182275
-424042390
-1003014749
822336657
-1340360307
1150401990
-1351108188
-1892388774
60017205
1102596565
1132336652
509179444
-767334785
-1550042900
-2062552538
-14359201
93745278
-1286554911
57005
1711403676
16021583
-570591589
1774214005
-2010850979
-360761355
2129684958
2097519568
481000392
1530710549
-1586204389
748829036
1876222744
-751954768
-1136061543
1444903827
-1136232419
-657588180
-1376398647
896419158
1833589542
-1895175157
1555055331
-246664220
-1607872744
-745599578
-641248686
1058470159
588758326
-25421363
-1933014935
57005
-1346604884
1601548449
920996866
1535641382
-1064840398
-1892899255
-809975388
1974980626
807131681
-1146606370
707390830
1571932633
-647836776
637485532
-1557947494
1859974198
1137191570
663872619
1408789650
-1009082450
418206867
1270667952
-1245369812
-1954573437
-1600583579
417808767
-1130074804
1401442707
-1652595066
128031171
-578811294
57005
48830
-515016126
-138360602
2049423958
-617588662
-1254522449
-1462418426
1094822101
1880936146
714766214
-1190441733
-1190040673
1397620597
883900942
712656561
-2143727266
2033379817
-998149359
-35716451
-1207483527
1595740667
-1722792462
-768266964
1871268299
528259042
391590033
1117474649
1981286394
-1407356020
1799651731
1498301593
4064
