52494
12257
-99967
34233
72648
-38611
-34909
3785
-28
-28887
-64752
24332
-9715
87598
-28021
70822
-66478
42328
279
33401
34195
-25434
21394
2026
67187
-77787
65119
-10787
-105212
-62703
-50525
16439
99684
13543
29660
22298
-9527
-23040
23278
-17383
20152
-7697
38706
87602
-37490
15419
26128
130629
-7264
-65916
21492
-25443
67874
-42401
-37182
1736
-10763
-34829
-38526
23818
-94467
54481
-30775
11475
-4459
-4047
80247
-10423
-86721
39214
-41056
3134
28680
15928
37105
11452
6126
40889
21506
-22388
57818
-5507
-46573
-56526
-18728
6883
25655
-19009
19777
77451
-58451
-23131
-49660
100723
41450
30562
-90180
18622
7116
14643
-64719
58995
28012
-39501
-23452
88368
-26851
-42587
-53558
-41240
5581
-36271
-13129
-13134
17389
41199
24756
-799
93129
-69126
20083
30032
58691
-35835
52157
-21704
10606
17147
-23843
-8855
-61564
-39553
-6153
-158
2788
-104359
-2856
23206
3424
9116
-60880
4344
-3458
-3313
48435
32681
-25113
-57432
10466
-5740
14261
-55008
-15263
40740
-35870
11736
-24612
13555
-32810
35150
-93914
90025
26773
-59535
5526
48008
25350
-8133
-26699
5668
19615
56445
-26924
-26604
10654
-63512
-36267
-84783
-5978
13547
8617
45067
-15377
18247
27000
51287
31926
343
20312
30672
-33939
44021
-23853
71697
-56453
-45069
-24543
-15750
24644
21784
11800
17638
-16729
8146
-8563
17276
-45816
26740
-34688
23945
-72188
-39774
74153
110314
74761
-22712
16155
6929
-91028
-14989
-34455
76514
-107115
-16759
54637
-35672
42915
34786
-18671
9190
-9501
-58091
3019
-36050
-19322
42813
-17391
-21195
1531
55082
-65724
-38292
-2634
-2006
15516
-60852
27308
-60842
74219
-110580
47978
3233
-26514
-48575
-40385
1961
21612
61830
27219
-11493
-63907
-12815
-26308
24984
-59001
18067
65674
20060
57700
149886
33314
25681
-1720
59790
29641
-16094
-37522
-47884
-38950
-50812
-1291
38136
-64042
65486
-17473
-16894
50099
-17683
-18902
75866
-33470
-31250
-36844
54704
45034
27303
-98310
-12387
-88132
38944
-30286
16762
-35968
-5453
-50103
-117192
76258
21377
-9208
117649
75288
-7262
66551
-58064
12835
-6708
37255
-12094
9179
16542
-50001
79610
29641
-5908
10842
-7969
4986
-19159
-50744
38480
25528
67657
-32420
-19946
47539
30800
-6375
-146406
34273
35091
-54274
-109210
-73278
-37937
81251
-22275
21914
-44524
55285
-101958
52745
-49898
45487
3978
-24436
-58256
34309
-26463
19778
-15963
55792
29374
33878
10348
-7374
-32567
-39568
2684
81253
72639
-118656
-42721
42323
-52925
-14685
14670
8499
-5869
-42621
38504
-67163
82663
-24471
-33632
44749
3766
33254
-36971
6765
28602
15371
4388
15728
-18700
29327
63627
39892
-753
-32398
-42052
50268
25366
-46241
-10330
98666
20404
-10772
-5804
4913
42528
-11674
73953
-48076
88027
7147
28363
-1504
24777
-791
-21832
-14435
8526
-29949
-2216
94671
-1680
59740
38144
-61713
19365
15300
46161
28412
-8412
30797
22552
6938
-55424
-24768
-11989
23288
54159
71360
60628
25753
-44631
10445
54381
-55076
-13225
-119300
91906
18005
53100
27484
77923
14970
34518
66597
78682
-53746
23518
11356
-2994
31910
50475
-33929
-13178
1357
-81508
43835
70174
-6602
67662
-58437
21255
-20179
4026
-55880
53133
21079
44689
-68374
-14851
46576
-20332
-20429
-4832
33390
6490
-31427
101512
61585
-15873
-64226
7350
18337
-31290
-34691
-79309
40517
618
42312
70872
10709
4812
-22242
14752
33603
21342
63869
-9571
-10787
-55839
-20987
47338
-13469
19778
25577
-52762
-38627
-14075
-24166
48489
-4365
-12653
46294
57070
-50785
7157
24172
11436
-67716
13907
-18510
14521
12880
-73862
-30472
3830
-43136
19332
-5312
35328
-15288
8977
-72625
-23942
6099
-39289
59095
-17945
1890
9407
-23564
-59872
3788
-81038
-36061
2774
26423
47877
1072
62207
43290
21090
25841
2089
9650
7387
30633
26830
16634
11699
35130
40497
58044
-57860
27848
-41635
-43018
-8596
10816
337
-34861
-8765
-5269
-64428
-4824
-47932
57455
-32119
-65644
-69382
19665
33924
7342
31127
21538
-57510
-27305
-21212
92236
18218
126930
31985
-30838
-14209
-64082
-16800
12514
-43122
-44487
-17636
-12780
-30805
49185
-37825
38895
-47512
-6130
-37931
17416
3142
29545
13037
-86145
-29493
-31952
15386
-42807
-47797
8438
36741
-75001
71160
-8451
62125
64117
-28500
-1170
-5069
-41787
51786
87398
-65795
-72292
-60703
-61704
-245
-65490
-11632
85136
93656
-10469
26765
-42357
44333
-40290
-125724
-3597
36161
19376
31827
8091
-24373
-54213
-9104
-21146
-37394
-55191
-26720
-44706
-24170
-12017
-5707
317
-63298
20548
1147
12337
-30007
-27737
-94054
-3206
-40562
-37537
-35120
-8718
22653
808
1659
28689
67058
-20809
-34654
5898
-31176
-53569
-38427
12244
60977
1710
-23873
20241
-76127
-39288
21453
-88451
-12928
101271
4732
-81291
61340
-19003
-9275
-43332
22121
-41697
42760
-4883
-34882
79076
-20851
-19179
-15605
-25293
-16893
-8667
-48840
-42872
4745
55745
-49342
17367
-118048
-48597
6822
-16543
-13005
35025
65864
48582
-48188
28100
36491
-71946
-43760
-62002
-38465
-9688
-4767
26659
10384
-7826
-86712
61871
44113
31097
130
-4166
-35619
6701
-82529
18617
60306
-59678
16938
-26027
58619
76088
-12752
51056
27592
7995
33960
-54776
-9940
19304
64487
-5761
-11181
-102996
12605
26755
-77322
34531
33767
-1403
79810
89750
37496
13044
-86388
-51990
-38183
27926
-19479
-11134
29465
-32064
110989
-46848
-10815
4710
77184
-11322
-10464
-29267
98402
-18709
31667
-41579
-39433
-48690
72094
35695
42614
-17649
40809
-39244
-3581
56514
15159
41611
-83248
8927
-21403
15802
-3638
-36691
-22008
-80953
62610
14820
-8021
-59640
-33431
-49587
30340
-54320
-14081
-22427
20756
-52460
-6357
24378
19857
-33661
-19223
-5785
-395
18714
-26253
-19197
-67641
52030
59495
-82307
-36128
-109673
16304
40043
58979
-1903
-41477
-57512
53158
-36922
861
-50388
-33869
-4014
-7550
33125
-57626
81427
-28397
68047
-5809
12870
53760
15798
34796
-35059
-1625
-21858
52240
-33443
-6934
43286
-44483
-15469
15152
-26940
-59830
20362
-52275
-2206
29804
9825
52075
-29396
-25574
19258
27514
36180
4583
43871
33591
15500
49947
2475
90746
-17938
17732
-36060
-68034
-51811
919
-2300
35273
-44982
30189
-28850
20984
-52994
-21349
-9737
-44376
-75786
-74293
-9023
-18366
10407
-63162
35021
63768
-3357
-51770
-60182
-61396
33206
28175
18774
-7682
29177
97399
41624
471
-31082
-10573
-37592
-52406
77003
540
28958
-4685
-39709
5410
-3912
-42156
35950
20210
1781
25555
-64551
26661
-56666
42393
5039
-5547
13429
-16366
37312
-33361
-1604
9470
5352
14553
-107760
-37190
42141
-64998
-35485
75669
-88376
-19365
-55587
38924
15579
82028
73635
78112
-42776
-23083
54047
-48212
11311
67610
27563
-13740
-60096
57697
718
63819
-35574
36816
-51865
-60368
-13256
17893
53755
45893
24594
58560
32913
19386
32940
-16391
43599
-57220
-9213
20586
