112477
-1497676409
-742918526
1323636769
717322274
619772483
-130025619
-775664431
1611280279
-1668177811
-1996407511
-2080515133
216916106
-388441768
1674447005
-1767745882
-596724049
1519758573
1765813029
-384340632
1522543837
-423354442
-464147913
-88714791
-693197237
1898303103
-2025376962
-1322503456
1492218241
122911696
-1588400305
57623
-975179658
437977301
-944330971
119477403
-1034552514
1944410700
180188171
1955510959
-659881593
-663557493
-226031117
-1091156731
-328770388
1624473165
641087060
-1297501172
1953974244
-518678976
1839398206
-1395148931
1250316617
-103896458
1490488946
1852236032
25241724
-1570835417
-1369242894
1853097910
-792590984
2077030618
-1285909034
45356
441717295
-241790436
2127670834
477856481
-1430272218
650861806
-1031903311
-717373622
1024400371
820620206
1978573005
-579350146
1347408015
-645489846
1409429097
-259192164
1712931450
-1121288847
-407615517
1049790943
813986044
-485511850
621443038
273309914
860777562
-2023792352
-56730848
-127378976
1509223868
-1572206864
1779116894
136122
-1579112273
460689820
-215223198
-1822057887
1955287528
1175931568
-2064976618
-1882270408
-645611902
656455891
-1033402195
640018697
32501028
889509246
669102776
-1212612456
-1097636286
1806801182
1064200449
118420284
-1345500677
185408607
1762665896
-659020917
-1223555188
-2016244035
1257784756
1327093340
451777192
-1974713715
505324428
34160
1422630126
1481588467
-2024252180
-1544529090
1614309817
-852937414
-1807935456
1561752504
-1661988958
-815620887
2063084438
1305046838
-1808498469
2095266143
-1081972372
1130268189
1280723102
-2049566219
-857004992
-874180641
401925354
-577400617
-329101313
524635266
-1013531943
-1184608880
897408675
-804954474
-881685998
1162127969
1228125856
-25521
1032242584
846170441
1207774061
704945692
946550810
-877669928
1518745030
-1468243892
-1532610511
683548551
1098856752
1638152209
-1155957784
878991895
1625609258
1776550141
-2012034742
922927290
719158685
-874171490
-1346466757
209819696
1035872540
-228981334
1786713293
-1555471261
-383924744
-735336041
-1244020156
906594897
1399760610
59397
1940091765
413765581
-1594390379
-912609340
-234140811
1074342686
-1989492505
-1837122025
263874275
-1263742421
-1248927080
420712353
-329041388
1804789694
123663366
-1718821819
747496270
-335539110
-1280553744
-803203660
-1504167272
-1688734887
-241284032
1163764708
1533740379
-793316429
-51079089
-51781020
534824560
-1389802725
-1219104385
18395
114224
690538920
1781168423
-243768502
609683880
-1303590996
-2043975597
-1266904163
-747199054
-610501805
-1832883044
-566859214
601887802
-1487477188
585486819
-997363649
1448885781
-1402498798
-536006197
694235059
1873572919
684879482
784061402
1129633906
-1195044139
96607885
1169532808
333415076
13710114
1641192690
778123479
124647
0
0
0
0
0
0
0
0
0
0
0
0
0
0
0
0
0
0
0
0
0
0
0
0
0
0
0
0
0
0
0
0
0
0
0
0
0
0
0
0
0
0
0
0
0
0
0
0
0
0
0
0
0
0
0
0
0
0
0
0
0
0
0
0
0
0
0
0
0
0
0
0
0
0
0
0
0
0
0
0
0
0
0
0
0
0
0
0
0
0
0
0
0
0
0
0
0
0
0
0
0
0
0
0
0
0
0
0
0
0
0
0
0
0
0
0
0
0
0
0
0
0
0
0
0
0
0
0
0
0
0
0
0
0
0
0
0
0
0
0
0
0
0
0
0
0
0
0
0
0
0
0
0
0
0
0
0
0
0
0
0
0
0
0
0
0
0
0
0
0
0
0
0
0
0
0
0
0
0
0
0
0
0
0
0
0
0
0
0
0
0
0
0
0
0
0
0
0
0
0
0
0
0
0
0
0
0
0
0
0
0
0
0
0
0
0
0
0
0
0
0
0
0
0
0
0
0
0
0
0
0
0
0
0
0
0
0
0
0
0
0
0
0
0
0
0
0
0
0
0
0
0
0
0
0
0
0
0
0
0
0
0
0
0
0
0
0
0
0
0
0
0
0
0
0
0
0
0
0
0
0
0
0
0
0
0
0
0
0
0
0
0
0
0
0
0
0
0
0
0
0
0
0
0
0
0
0
0
0
0
0
0
0
0
0
0
0
0
0
0
0
0
0
0
0
0
0
0
0
0
0
0
0
0
0
0
0
0
0
0
0
0
0
0
0
0
0
0
0
0
0
0
0
0
0
0
0
0
0
0
0
0
0
0
0
0
0
0
0
0
0
0
0
0
0
0
0
0
0
0
0
0
0
0
0
0
0
0
0
0
0
0
0
0
0
0
0
0
0
0
0
0
0
0
0
0
0
0
0
0
0
0
0
0
0
0
0
0
0
0
0
0
0
0
0
0
0
0
0
0
0
0
0
0
0
0
0
0
0
0
0
0
0
0
0
0
0
0
0
0
0
0
0
0
0
0
0
0
0
0
0
0
0
0
0
0
0
0
0
0
0
0
0
0
0
0
0
0
0
0
0
0
0
0
0
0
0
0
0
0
0
0
0
0
0
0
0
0
0
0
0
0
0
0
0
0
0
0
0
0
0
0
0
0
0
0
0
0
0
0
0
0
0
0
0
0
0
0
0
0
0
0
0
0
0
0
0
0
0
0
0
0
0
0
0
0
0
0
0
0
0
0
0
0
0
0
0
0
0
0
0
0
0
0
0
0
0
0
0
0
0
0
0
0
0
0
0
0
0
0
0
0
0
0
0
0
0
0
0
0
0
0
0
0
0
0
0
0
0
0
0
0
0
0
0
0
0
0
0
0
0
0
0
0
0
0
0
0
0
0
0
0
0
0
0
0
0
0
0
0
0
0
0
0
0
0
0
0
0
0
0
0
0
0
0
0
0
0
0
0
0
0
0
0
0
0
0
0
0
0
0
0
0
0
0
0
0
0
0
0
0
0
0
0
0
0
0
0
0
0
0
0
0
0
0
0
0
0
0
0
0
0
0
0
0
0
0
0
0
0
0
0
0
0
0
0
0
0
0
0
0
0
0
0
0
0
0
0
0
0
0
0
0
0
0
0
0
0
0
0
0
0
0
0
0
0
0
0
0
0
0
0
0
0
0
0
0
0
0
0
0
0
0
0
0
0
0
0
0
0
0
0
0
0
0
0
0
0
-147155
681030187
-1182114883
785081646
-543350175
-167152612
-715836615
720288211
2098771548
-636748578
1056268478
-1344141637
810773568
404881814
1704153709
-556269005
-160645537
-2121880251
-1401709392
-1401221077
1763394642
-1882666796
880453741
-880949999
-2111309393
811808474
2023116469
-449956556
-25267009
-841033699
1188794786
51337
611725185
-873091298
421090315
813872067
2044473047
1066513514
184576774
2142710777
-542857537
1273312056
-661009887
1827240553
-859152091
-1616775020
-1441728478
763545529
-181407040
299641663
1283126825
239894295
2093666708
-643864156
-1700364078
-409439236
-548606879
702921025
-2118961410
-1337002347
-2072197248
1969272997
1876432711
138179
-114240683
-1515205608
-788908760
-1672480824
-1384605682
-455595521
-1856895109
-317136737
1733350231
2106125830
860996161
-737222838
137619616
-363645270
403392510
1435222498
-1288366762
1397970873
224629557
-687791371
-1779492249
1543843760
1589752090
-897994135
-24338151
-1109133017
-376883063
-1558121341
556753864
-325551047
-455014018
22640
557120638
1331279500
-487623840
-1066656018
702087233
282394044
-1675242757
273369124
1704529117
-1886324645
1522879732
1121421435
-881644045
739167684
370028614
-614457801
1321001995
1039772175
544870170
-838218026
1434084984
276495214
-1998268611
295106235
980249745
-132564036
-232408593
-1380977446
-482786559
1186909319
-2121508013
20314
1041349434
-94465261
-1017029353
964081982
-396318901
-1902101438
579087816
2084863859
1862897627
151971384
-1252327792
1428852876
481792554
1850132170
-1005746013
1314677441
-1935235474
-1021920743
-763681768
-328272807
-725926941
1422980707
-65873270
213656696
-1083830728
-1171986407
1678034424
1515806165
-3371974
-571671210
-2045865008
33957
1138960902
1419400891
-215207211
-2005838381
1091990803
1063059653
832903010
-518660350
-294013162
1978634639
-464423949
1270364526
258416413
1817782165
-1454973323
234950241
-913928851
-1996609054
1020519419
-787590227
-1733987853
-413365324
-657717909
1655310796
-1293013135
1905804320
-701795870
1015161478
-1310222161
1712855018
-153954969
104582
150536177
685871845
-1615139494
-1507377167
-226681439
-1426126721
-2084226608
-1780028532
112752750
1060189743
239777991
-810138770
193252694
1697021146
301081852
-159234586
-273453925
-1960855604
1110260088
1832977216
206037594
-1896482377
1653935754
-2060547930
-342409096
-521192529
-1737308028
1477926176
457471188
974402849
-1518058011
83837
47299
252276684
-1703914902
1042546567
-698026696
564242419
-1469769306
-1986153201
-274539176
-222546846
-1833819269
-1283752822
-1163325612
-1269431169
-1679547354
2104896082
-1477537390
1375111840
413557438
-1744223778
1409354905
-1855624498
2084447225
2136016570
887396106
-1211394429
-1672139338
-1002038447
823354047
2038017571
-1353609080
72347
0
0
0
0
0
0
0
0
0
0
0
0
0
0
0
0
0
0
0
0
0
0
0
0
0
0
0
0
0
0
0
0
0
0
0
0
0
0
0
0
0
0
0
0
0
0
0
0
0
0
0
0
0
0
0
0
0
0
0
0
0
0
0
0
0
0
0
0
0
0
0
0
0
0
0
0
0
0
0
0
0
0
0
0
0
0
0
0
0
0
0
0
0
0
0
0
0
0
0
0
0
0
0
0
0
0
0
0
0
0
0
0
0
0
0
0
0
0
0
0
0
0
0
0
0
0
0
0
0
0
0
0
0
0
0
0
0
0
0
0
0
0
0
0
0
0
0
0
0
0
0
0
0
0
0
0
0
0
0
0
0
0
0
0
0
0
0
0
0
0
0
0
0
0
0
0
0
0
0
0
0
0
0
0
0
0
0
0
0
0
0
0
0
0
0
0
0
0
0
0
0
0
0
0
0
0
0
0
0
0
0
0
0
0
0
0
0
0
0
0
0
0
0
0
0
0
0
0
0
0
0
0
0
0
0
0
0
0
0
0
0
0
0
0
0
0
0
0
0
0
0
0
0
0
0
0
0
0
0
0
0
0
0
0
0
0
0
0
0
0
0
0
0
0
0
0
0
0
0
0
0
0
0
0
0
0
0
0
0
0
0
0
0
0
0
0
0
0
0
0
0
0
0
0
0
0
0
0
0
0
0
0
0
0
0
0
0
0
0
0
0
0
0
0
0
0
0
0
0
0
0
0
0
0
0
0
0
0
0
0
0
0
0
0
0
0
0
0
0
0
0
0
0
0
0
0
0
0
0
0
0
0
0
0
0
0
0
0
0
0
0
0
0
0
0
0
0
0
0
0
0
0
0
0
0
0
0
0
0
0
0
0
0
0
0
0
0
0
0
0
0
0
0
0
0
0
0
0
0
0
0
0
0
0
0
0
0
0
0
0
0
0
0
0
0
0
0
0
0
0
0
0
0
0
0
0
0
0
0
0
0
0
0
0
0
0
0
0
0
0
0
0
0
0
0
0
0
0
0
0
0
0
0
0
0
0
0
0
0
0
0
0
0
0
0
0
0
0
0
0
0
0
0
0
0
0
0
0
0
0
0
0
0
0
0
0
0
0
0
0
0
0
0
0
0
0
0
0
0
0
0
0
0
0
0
0
0
0
0
0
0
0
0
0
0
0
0
0
0
0
0
0
0
0
0
0
0
0
0
0
0
0
0
0
0
0
0
0
0
0
0
0
0
0
0
0
0
0
0
0
0
0
0
0
0
0
0
0
0
0
0
0
0
0
0
0
0
0
0
0
0
0
0
0
0
0
0
0
0
0
0
0
0
0
0
0
0
0
0
0
0
0
0
0
0
0
0
0
0
0
0
0
0
0
0
0
0
0
0
0
0
0
0
0
0
0
0
0
0
0
0
0
0
0
0
0
0
0
0
0
0
0
0
0
0
0
0
0
0
0
0
0
0
0
0
0
0
0
0
0
0
0
0
0
0
0
0
0
0
0
0
0
0
0
0
0
0
0
0
0
0
0
0
0
0
0
0
0
0
0
0
0
0
0
0
0
0
0
0
0
0
0
0
0
0
0
0
0
0
0
0
0
0
0
0
0
0
0
0
0
0
0
0
0
0
0
0
0
0
0
0
0
0
0
0
0
0
0
0
0
0
0
0
0
0
0
0
0
0
0
0
0
0
0
0
0
0
0
0
0
0
0
0
0
0
0
0
0
87908
1824158703
-2119512489
-1585420451
-464522782
-799548314
1942465740
-1248525928
1302837969
-1442055910
1183712888
-425638208
112886888
-1152727175
-103775331
57727767
-1174679642
1749680672
-1974092189
1046808777
-1335325586
-2093559706
117305284
-1000971403
999070034
-550082634
-453216378
-1881085310
-476325464
1559917938
-1302928280
79018
-890728831
702121932
-1920428230
1426893994
926785303
362262828
-108801946
-1144130097
-607437996
1970521673
34192606
396934661
937011782
2026962939
1856111618
-1820384896
-692023193
204668494
573412928
508683895
345656766
-69729913
985056959
-2136951507
1377043
-1224121660
110107017
1521809517
-2133811676
1686882662
-1636239856
15019
708472095
-1194351148
649906781
-2091173229
259531982
196886179
1390501478
1392233613
839729830
968967426
-1108267023
-1972673051
1609892062
-134080661
-2131786582
-105110775
1158695746
-155565712
-215357215
-964299096
434634578
1861910163
-295888984
-1464668319
622317825
2089155292
795910149
-2121494979
1321612126
665231607
362254207
46403
1226492870
986446177
461317757
-1324344476
-1557633392
25656911
-216813690
1867765719
-601717036
-1147014900
1016404607
571376278
-488111829
-686725766
1811720885
-276651207
1481803968
-199319278
-630478943
-2076843586
-447580229
-650529546
-1169720318
161510680
-226757268
1155626781
-2051247463
-644677496
-495166557
-826965907
-439013975
43430
-1251355318
-405371880
-1856046068
1690286130
-444038271
-1233106305
1624548
-1594466612
-453244427
-1796270279
1560362547
-729074740
1013299390
1164950221
847958398
687748572
2048310384
-1635379823
658101639
-1572300827
-1263398011
2043673000
340358744
1400182051
-390604767
1158154322
-862168046
897878073
81767076
504985915
1306006576
138929
-1657269783
-109531033
-2008476972
7106050
-1998751367
-1671869680
860595540
1762888481
-1542810529
516441039
1058031959
1893257159
290440480
147599460
-435915165
1765121495
154615410
1120052888
126767080
-377354336
-1985288464
-678249336
-1056801606
296641485
-310076900
-59314964
1409872988
2082687238
-1825147297
1277621558
-816564374
72847
-1547188595
-210143135
-1967756072
464018355
-153902242
-374759061
-860355321
-1799050924
-1854983820
311663930
1398149602
-1230844215
1344019886
-1716199003
-257544311
645226183
391994298
-356647329
166474456
1130125068
-332891267
2111905196
-1638412200
-505547478
-739565153
-683906060
581702329
-1489695388
1502884711
1624361171
-1912378243
29451
-36971
-1618116499
1102092879
805298381
692476566
-1760117598
-810227431
444718310
-1891271001
1998433884
-1536151961
712472778
-2116347978
348190450
2031906587
-1190675388
643856332
-69402416
509691091
287424300
1999001211
1324351075
-96431509
-1414005091
-2081270974
-22599731
1224833649
-783420031
684743439
1271325787
1289174192
-98085
0
0
0
0
0
0
0
0
0
0
0
0
0
0
0
0
0
0
0
0
0
0
0
0
0
0
0
0
0
0
0
0
0
0
0
0
0
0
0
0
0
0
0
0
0
0
0
0
0
0
0
0
0
0
0
0
0
0
0
0
0
0
0
0
0
0
0
0
0
0
0
0
0
0
0
0
0
0
0
0
0
0
0
0
0
0
0
0
0
0
0
0
0
0
0
0
0
0
0
0
0
0
0
0
0
0
0
0
0
0
0
0
0
0
0
0
0
0
0
0
0
0
0
0
0
0
0
0
0
0
0
0
0
0
0
0
0
0
0
0
0
0
0
0
0
0
0
0
0
0
0
0
0
0
0
0
0
0
0
0
0
0
0
0
0
0
0
0
0
0
0
0
0
0
0
0
0
0
0
0
0
0
0
0
0
0
0
0
0
0
0
0
0
0
0
0
0
0
0
0
0
0
0
0
0
0
0
0
0
0
0
0
0
0
0
0
0
0
0
0
0
0
0
0
0
0
0
0
0
0
0
0
0
0
0
0
0
0
0
0
0
0
0
0
0
0
0
0
0
0
0
0
0
0
0
0
0
0
0
0
0
0
0
0
0
0
0
0
0
0
0
0
0
0
0
0
0
0
0
0
0
0
0
0
0
0
0
0
0
0
0
0
0
0
0
0
0
0
0
0
0
0
0
0
0
0
0
0
0
0
0
0
0
0
0
0
0
0
0
0
0
0
0
0
0
0
0
0
0
0
0
0
0
0
0
0
0
0
0
0
0
0
0
0
0
0
0
0
0
0
0
0
0
0
0
0
0
0
0
0
0
0
0
0
0
0
0
0
0
0
0
0
0
0
0
0
0
0
0
0
0
0
0
0
0
0
0
0
0
0
0
0
0
0
0
0
0
0
0
0
0
0
0
0
0
0
0
0
0
0
0
0
0
0
0
0
0
0
0
0
0
0
0
0
0
0
0
0
0
0
0
0
0
0
0
0
0
0
0
0
0
0
0
0
0
0
0
0
0
0
0
0
0
0
0
0
0
0
0
0
0
0
0
0
0
0
0
0
0
0
0
0
0
0
0
0
0
0
0
0
0
0
0
0
0
0
0
0
0
0
0
0
0
0
0
0
0
0
0
0
0
0
0
0
0
0
0
0
0
0
0
0
0
0
0
0
0
0
0
0
0
0
0
0
0
0
0
0
0
0
0
0
0
0
0
0
0
0
0
0
0
0
0
0
0
0
0
0
0
0
0
0
0
0
0
0
0
0
0
0
0
0
0
0
0
0
0
0
0
0
0
0
0
0
0
0
0
0
0
0
0
0
0
0
0
0
0
0
0
0
0
0
0
0
0
0
0
0
0
0
0
0
0
0
0
0
0
0
0
0
0
0
0
0
0
0
0
0
0
0
0
0
0
0
0
0
0
0
0
0
0
0
0
0
0
0
0
0
0
0
0
0
0
0
0
0
0
0
0
0
0
0
0
0
0
0
0
0
0
0
0
0
0
0
0
0
0
0
0
0
0
0
0
0
0
0
0
0
0
0
0
0
0
0
0
0
0
0
0
0
0
0
0
0
0
0
0
0
0
0
0
0
0
0
0
0
0
0
0
0
0
0
0
0
0
0
0
0
0
0
0
0
0
0
0
0
0
0
0
0
0
0
0
0
0
0
0
0
0
0
0
0
0
0
0
0
0
0
0
0
0
0
0
0
0
0
0
0
0
0
0
0
0
0
0
0
0
0
86277
-437734986
739681329
-1203386113
-701134150
1730610232
148949879
368588176
692625045
625572964
148138402
1234298854
-1060456130
-2064642612
-1864836037
1246018982
1438807375
2001352033
-412790380
902255928
-713706694
2054371944
-487580924
461864648
49222244
388611073
-2061020897
1972916458
1216371360
-1484713520
1108820424
-11526
-1677376639
-1121652020
499628400
-1917411485
1531511809
1243594614
1629568379
-852435612
139868215
1500943832
246078433
-1628380252
-1905184396
280975647
-548608210
1603669069
-1142802584
1116995976
1600211210
-460811575
-1629408368
-1004223561
1516271817
1571957386
-1325545386
-545089563
238545958
-1572560362
473147994
1271228403
-1131536454
73700
996739863
1082025355
1339028395
403190385
205673415
1884656171
-165854405
-1389575940
-1229794089
-332961656
1767216199
-1375923997
-504179155
-918470616
-36224559
1917456564
762419210
-650772740
-1243849943
-1669997487
-543896419
1862552900
-240058258
-863577094
-581290357
-209825221
-720481225
-1104439645
-942264540
-199663935
167573712
88873
1946394998
-1485676354
1881123360
-382169063
107316542
648260123
214293383
-874401737
-1634333232
-2029656949
-110513749
-619863312
1392950507
-1182509683
419268455
1987575614
1568921116
-31169443
-2038643955
1562764157
1225660526
1641537681
-78477773
483196633
-835444459
258994722
145015713
-488075046
-1025195492
-594342608
-428802298
75327
-1658565652
-1706511027
2110547799
540672568
-107529574
1476224596
-984259447
-1352540558
1175267598
1981656859
-1620540816
-952748361
613862008
-2070176103
396208339
102316487
643062758
-2085575813
-77275398
-1975609179
656217712
-744274651
554273348
-1070094015
1445811103
2060589976
-1025548984
-944778530
1570980466
674638521
1790479124
126284
1359225627
-282826789
-1357062855
-894357768
1248219565
-450683198
-400296094
-463949953
1604323737
-762987872
-380799211
38576463
518719064
-1069677304
924807800
-184159196
2027922654
1607846916
1856849333
-611408053
-507234533
462534095
-1302657739
-166052589
-411033695
101708408
-1866000261
771522727
-346471914
1485132953
-1716685181
70092
1640756796
-1643995249
-525969438
1708228586
1297987046
-1781335543
-1703234745
-953628828
-1228130288
-643493903
-349942621
938182904
-1762649084
182013283
1275004061
626197256
1447753886
633177501
2015265524
-1528465043
341648582
-899933636
1657013868
-1502215051
-335738041
-1525841420
-3348056
-234323300
1470642331
-1251800853
1236434114
-50343
126423
-892382619
250857678
-1028115528
1191922834
-1127630132
-344957657
-274814326
1233682612
-469084918
-219103271
-1102380096
-835053906
-1754643908
-1128556473
-1872945663
-1807851615
1961875322
-762157293
-1781796232
-2123505040
-147760648
526374878
-1871930807
705735950
-807839221
993962492
-51859771
831966099
437607219
1403987560
-33933
0
0
0
0
0
0
0
0
0
0
0
0
0
0
0
0
0
0
0
0
0
0
0
0
0
0
0
0
0
0
0
0
0
0
0
0
0
0
0
0
0
0
0
0
0
0
0
0
0
0
0
0
0
0
0
0
0
0
0
0
0
0
0
0
0
0
0
0
0
0
0
0
0
0
0
0
0
0
0
0
0
0
0
0
0
0
0
0
0
0
0
0
0
0
0
0
0
0
0
0
0
0
0
0
0
0
0
0
0
0
0
0
0
0
0
0
0
0
0
0
0
0
0
0
0
0
0
0
0
0
0
0
0
0
0
0
0
0
0
0
0
0
0
0
0
0
0
0
0
0
0
0
0
0
0
0
0
0
0
0
0
0
0
0
0
0
0
0
0
0
0
0
0
0
0
0
0
0
0
0
0
0
0
0
0
0
0
0
0
0
0
0
0
0
0
0
0
0
0
0
0
0
0
0
0
0
0
0
0
0
0
0
0
0
0
0
0
0
0
0
0
0
0
0
0
0
0
0
0
0
0
0
0
0
0
0
0
0
0
0
0
0
0
0
0
0
0
0
0
0
0
0
0
0
0
0
0
0
0
0
0
0
0
0
0
0
0
0
0
0
0
0
0
0
0
0
0
0
0
0
0
0
0
0
0
0
0
0
0
0
0
0
0
0
0
0
0
0
0
0
0
0
0
0
0
0
0
0
0
0
0
0
0
0
0
0
0
0
0
0
0
0
0
0
0
0
0
0
0
0
0
0
0
0
0
0
0
0
0
0
0
0
0
0
0
0
0
0
0
0
0
0
0
0
0
0
0
0
0
0
0
0
0
0
0
0
0
0
0
0
0
0
0
0
0
0
0
0
0
0
0
0
0
0
0
0
0
0
0
0
0
0
0
0
0
0
0
0
0
0
0
0
0
0
0
0
0
0
0
0
0
0
0
0
0
0
0
0
0
0
0
0
0
0
0
0
0
0
0
0
0
0
0
0
0
0
0
0
0
0
0
0
0
0
0
0
0
0
0
0
0
0
0
0
0
0
0
0
0
0
0
0
0
0
0
0
0
0
0
0
0
0
0
0
0
0
0
0
0
0
0
0
0
0
0
0
0
0
0
0
0
0
0
0
0
0
0
0
0
0
0
0
0
0
0
0
0
0
0
0
0
0
0
0
0
0
0
0
0
0
0
0
0
0
0
0
0
0
0
0
0
0
0
0
0
0
0
0
0
0
0
0
0
0
0
0
0
0
0
0
0
0
0
0
0
0
0
0
0
0
0
0
0
0
0
0
0
0
0
0
0
0
0
0
0
0
0
0
0
0
0
0
0
0
0
0
0
0
0
0
0
0
0
0
0
0
0
0
0
0
0
0
0
0
0
0
0
0
0
0
0
0
0
0
0
0
0
0
0
0
0
0
0
0
0
0
0
0
0
0
0
0
0
0
0
0
0
0
0
0
0
0
0
0
0
0
0
0
0
0
0
0
0
0
0
0
0
0
0
0
0
0
0
0
0
0
0
0
0
0
0
0
0
0
0
0
0
0
0
0
0
0
0
0
0
0
0
0
0
0
0
0
0
0
0
0
0
0
0
0
0
0
0
0
0
0
0
0
0
0
0
0
0
0
0
0
0
0
0
0
0
0
0
0
0
0
0
0
0
0
0
0
0
0
0
0
0
0
0
0
0
0
0
0
0
0
0
0
0
0
0
0
0
0
0
0
0
0
0
0
0
0
0
0
0
0
0
0
