102 51 92 14 106 71 60 20 102 121 82 86 74 74 87 116 99 103 23 2 21 52 1 87 107 29 37 1 63 59 20 32 75 57 21 124 107 88 48 90 58 126 41 127 91 59 79 14 61 61 46 61 50 107 54 115 63 120 2 100 50 6 20 72
38 17 3 88 59 13 113 121 8 89 52 1 83 91 110 59 70 43 124 7 46 34 77 80 35 49 103 3 1 125 5 53 105 3 53 92 62 17 89 43 33 73 61 99 13 94 47 14 71 77 86 123 120 61 39 84 79 108 81 110 52 23 25 88
123 59 123 108 40 28 14 44 64 88 70 8 87 0 107 7 87 62 10 114 80 7 34 34 32 122 4 105 102 121 40 27 6 72 71 11 33 32 47 118 22 61 87 36 98 43 103 85 90 34 64 98 100 46 77 2 0 4 89 118 126 13 102 26
8 78 14 89 41 123 76 50 62 95 102 112 51 124 95 3 93 100 22 102 108 14 42 28 35 12 31 70 58 114 85 27 65 41 44 61 56 116 5 27 27 107 43 83 29 61 74 127 121 118 91 88 102 61 96 0 120 26 61 120 115 76 104 2
102 69 71 26 8 61 36 96 50 105 43 23 78 58 117 31 95 87 104 51 112 61 112 57 51 11 125 38 1 2 112 100 112 55 80 58 112 1 1 91 53 86 100 95 96 0 18 125 1 52 43 89 31 69 31 118 67 54 74 55 122 16 126 37
23 68 115 97 69 85 10 126 111 15 96 72 123 58 69 79 92 2 19 123 58 35 18 89 66 126 18 19 95 70 51 104 32 39 127 38 81 103 0 10 91 56 88 49 22 30 93 41 98 6 123 15 89 111 120 115 59 112 1 0 47 125 11 68
36 31 122 118 8 104 98 18 47 79 2 19 23 53 119 32 23 115 74 112 71 35 37 103 83 125 98 111 125 88 98 24 92 17 127 109 81 65 53 34 79 60 40 99 32 67 32 13 20 47 19 119 127 7 6 66 16 127 32 47 75 58 114 85
118 21 109 29 37 101 108 50 53 7 26 26 97 20 29 96 27 110 63 96 68 123 60 47 18 3 34 63 48 127 16 43 91 29 92 45 116 5 98 123 104 36 23 92 112 45 52 94 98 59 96 115 62 124 84 31 86 32 127 66 127 17 24 105
94 53 57 66 103 45 23 113 31 46 85 22 65 126 26 105 1 89 16 103 32 8 42 117 47 38 92 41 118 25 98 49 24 23 12 59 121 6 56 35 44 19 64 7 127 109 15 13 75 114 86 14 91 97 65 31 86 62 85 50 24 57 62 61
124 21 57 57 85 48 51 41 69 14 53 106 59 100 96 7 52 59 107 107 4 102 67 5 108 95 115 93 46 98 54 39 51 15 12 113 123 105 29 18 16 119 62 18 91 57 54 89 100 89 116 61 22 126 8 11 116 0 57 121 0 110 33 95
125 117 47 88 103 108 116 0 15 60 102 63 62 68 21 92 118 66 75 25 15 50 100 85 56 28 77 91 68 46 112 93 109 61 115 68 75 15 89 89 47 84 38 99 32 125 93 100 22 121 9 117 68 99 33 51 94 9 121 18 57 95 0 119
68 108 3 15 23 79 118 1 112 91 127 31 90 83 23 11 49 34 123 32 32 60 50 42 100 11 66 64 32 39 73 42 43 28 12 11 94 45 1 124 114 113 34 86 80 89 7 92 25 73 89 125 33 114 104 6 67 57 116 113 108 74 28 119
35 88 20 124 120 35 9 100 72 23 63 98 48 98 111 35 81 112 102 95 23 22 61 95 36 11 112 54 12 22 88 98 104 29 16 112 61 83 111 88 85 12 58 18 48 99 11 60 104 18 75 8 70 27 77 94 127 51 82 121 110 15 116 68
98 11 24 51 122 84 99 52 22 15 56 38 108 52 41 57 38 13 94 121 4 34 86 92 106 74 17 110 75 8 73 57 107 16 124 101 6 45 12 39 41 8 49 26 121 65 4 28 36 37 82 7 111 108 64 85 115 16 126 70 88 44 3 35
69 123 30 18 60 107 53 38 90 73 89 18 38 125 66 44 12 113 91 125 57 19 91 71 60 126 104 38 0 2 76 91 61 120 62 123 112 24 55 32 37 116 5 57 43 44 31 44 60 46 20 79 117 84 74 123 100 35 98 18 19 56 17 46
104 48 13 14 30 0 116 53 117 2 15 86 56 74 11 73 95 15 71 101 75 23 27 116 7 121 91 35 89 7 57 59 49 27 91 100 40 99 63 26 117 62 16 72 32 116 83 76 91 111 28 12 45 34 124 5 81 114 127 68 46 24 65 9
55 29 113 122 108 4 118 119 32 117 64 17 95 110 48 10 84 25 62 88 85 58 26 48 76 32 97 104 98 126 0 20 111 54 5 91 80 68 94 4 101 2 52 22 100 52 36 73 73 82 16 84 77 72 109 0 50 44 76 3 61 64 112 103
31 33 91 94 71 38 25 121 33 53 117 2 122 49 11 64 53 107 4 93 93 122 56 16 111 126 46 22 78 100 84 13 65 74 50 102 37 63 123 97 37 49 97 81 29 78 90 50 62 97 51 120 37 96 87 78 123 29 118 105 50 80 4 28
3 9 55 16 73 16 123 83 87 68 33 5 52 65 76 125 106 42 111 74 114 110 120 22 54 79 94 74 117 15 7 3 103 3 55 24 66 95 66 26 92 31 49 60 121 50 18 20 4 81 91 41 60 21 20 69 0 4 104 11 89 45 33 48
77 89 44 26 72 25 120 46 120 85 110 55 93 106 62 47 60 80 25 35 0 7 112 98 124 51 78 46 126 55 85 13 89 27 86 77 87 1 108 25 13 58 55 114 6 2 110 22 109 106 110 123 108 17 121 37 98 114 14 63 88 118 100 27
73 38 56 16 102 85 89 125 43 24 16 12 83 24 67 9 66 104 108 17 110 99 110 85 33 110 7 39 112 107 82 41 40 100 5 51 25 63 97 58 55 58 108 69 100 120 32 52 21 20 69 69 118 111 3 93 74 61 61 93 94 23 54 8
118 2 114 30 39 100 35 23 94 5 65 83 91 74 3 78 5 117 112 93 119 101 50 61 56 65 78 74 7 25 50 44 43 4 69 25 117 67 18 83 96 19 112 11 46 0 89 13 63 37 36 125 10 126 99 76 106 2 32 5 49 119 9 4
22 9 43 1 12 39 1 83 64 62 100 72 16 8 74 14 23 37 118 34 93 94 48 68 61 59 107 49 77 116 119 74 8 33 75 98 34 0 39 63 21 59 63 92 71 10 104 100 13 59 29 34 84 36 4 82 122 77 25 61 3 88 108 41
88 17 39 71 38 103 13 31 50 124 37 96 22 62 14 96 24 16 96 110 118 65 77 52 103 103 50 38 50 69 5 66 6 50 71 41 63 115 14 110 28 32 115 93 102 26 35 28 37 56 96 124 100 26 54 32 125 67 85 65 9 4 122 73
96 117 37 12 30 46 99 108 87 51 55 14 28 7 4 28 46 67 75 44 1 26 94 114 114 35 35 25 42 26 68 19 10 125 73 103 37 5 71 22 46 89 45 106 11 89 12 103 61 81 88 96 110 103 59 42 75 107 99 111 67 4 119 36
71 126 105 112 91 30 121 8 117 50 28 77 39 40 85 10 22 0 45 100 20 89 109 35 53 86 56 0 62 53 54 114 39 14 20 46 72 52 8 73 51 56 116 25 40 34 62 115 24 89 74 37 1 6 81 90 33 90 16 127 42 58 107 122
50 53 23 24 70 51 69 116 87 32 48 28 62 106 21 25 27 113 84 48 70 80 83 104 48 19 117 85 91 62 60 103 48 70 0 95 12 93 86 50 122 55 82 61 31 29 28 48 44 92 29 15 39 18 17 0 77 114 46 113 65 117 91 112
113 93 37 50 62 3 0 7 28 54 102 2 31 9 73 82 109 33 123 96 86 54 91 31 49 6 92 7 64 56 118 66 87 86 58 126 124 71 53 120 110 100 66 50 96 91 110 7 33 34 95 87 77 31 119 45 106 15 67 115 36 53 84 13
94 54 47 81 6 73 6 32 22 84 18 111 124 18 35 28 59 81 1 0 46 68 19 10 105 126 1 66 86 118 11 19 4 36 37 127 93 8 97 52 43 98 115 121 85 107 23 80 73 29 119 58 109 86 127 95 80 113 114 80 13 8 39 65
108 24 102 72 117 21 106 109 3 25 57 28 108 97 86 36 74 69 17 127 84 41 99 40 37 33 16 36 24 101 121 75 86 116 105 85 84 26 56 30 5 90 39 97 11 108 120 52 70 9 44 16 25 84 91 61 121 45 63 1 123 53 106 64
50 52 35 114 25 28 20 10 39 10 127 35 112 58 38 103 98 53 97 54 110 23 117 21 68 55 32 121 35 110 19 82 98 115 106 80 61 122 108 106 97 72 25 65 116 72 72 39 16 0 88 60 42 103 41 24 38 34 2 113 100 107 43 50
93 101 97 11 18 100 43 58 122 48 60 16 73 56 54 112 46 11 61 79 87 82 7 94 20 80 86 100 117 79 69 71 24 81 88 11 14 58 25 104 108 25 46 31 9 15 70 16 22 25 84 85 121 6 13 78 116 6 8 114 47 71 113 58
