85 114 21 52 84 65 103 116 42 81 22 76 63 126 104 8 112 6 40 53 64 1 3 77 31 99 1 103 113 114 63 13 19 88 105 48 7 91 62 45 20 86 31 7 94 100 15 39 105 26 103 104 17 34 112 51 14 62 52 90 80 103 65 112
113 30 60 63 100 104 104 97 33 114 54 58 2 16 77 77 45 37 34 0 125 111 28 3 60 96 16 27 49 89 7 33 58 17 94 58 26 15 121 9 103 75 21 15 11 74 83 50 0 26 66 11 29 8 52 60 53 36 64 41 48 3 63 78
50 90 71 123 59 86 78 90 30 102 110 71 93 57 118 105 81 3 110 106 21 2 78 98 46 37 32 77 47 64 116 112 25 7 49 79 37 9 41 36 25 91 11 83 48 13 45 34 28 11 115 81 43 65 1 58 16 9 17 21 82 57 52 0
87 60 99 88 99 125 30 30 126 65 18 52 75 73 94 108 124 125 21 22 115 86 14 25 2 86 19 124 108 39 120 38 119 71 17 40 69 26 99 14 36 57 4 102 125 72 6 40 83 9 61 25 67 101 23 77 40 64 16 108 23 26 6 72
106 98 121 11 84 2 78 84 9 32 45 58 51 5 1 28 118 39 96 60 67 122 67 28 100 61 59 123 83 40 86 108 81 112 88 64 117 63 78 62 97 47 19 117 36 63 90 85 114 4 33 38 66 80 61 87 23 2 108 70 88 119 66 78
92 49 28 73 31 86 38 8 100 115 103 13 67 63 19 27 13 43 97 76 94 96 115 38 27 63 88 31 8 27 121 94 16 116 86 76 54 9 79 5 47 74 121 115 66 91 124 40 78 59 76 41 115 119 108 80 70 27 101 12 123 80 14 35
91 14 109 116 74 55 94 3 98 97 51 90 9 93 44 83 28 121 52 28 22 56 49 20 111 42 9 104 75 29 124 50 32 17 77 21 63 20 0 112 106 115 123 14 35 46 53 85 31 57 45 53 32 121 104 122 38 22 42 54 1 65 37 118
114 28 115 109 123 66 102 70 35 28 118 36 112 121 99 86 44 15 111 30 33 49 64 81 121 61 103 42 55 119 14 47 48 80 43 9 19 69 7 44 33 124 95 50 117 105 3 107 113 38 83 23 87 54 25 24 35 70 73 57 110 11 0 115
49 24 79 4 82 67 5 25 112 102 119 54 38 8 44 115 13 111 54 8 14 36 49 126 116 83 71 95 110 20 56 104 18 92 57 94 117 5 3 42 92 41 2 0 107 54 14 46 84 45 57 94 70 80 119 82 38 123 2 29 34 121 56 28
49 61 51 117 13 34 27 57 29 89 6 38 94 68 34 113 110 126 51 13 62 124 35 90 23 39 28 52 108 21 71 14 112 68 115 63 3 74 17 41 112 29 14 69 54 52 15 110 103 72 106 122 33 26 12 99 26 72 68 114 85 30 2 29
20 98 5 91 31 41 100 61 88 31 98 85 87 38 63 117 29 62 113 95 30 86 39 32 62 24 35 23 94 57 38 45 76 9 86 81 31 96 35 27 15 15 17 7 105 79 118 119 74 69 0 61 124 124 75 120 37 91 44 57 80 0 31 7
117 39 55 62 106 109 87 73 110 102 102 73 35 88 123 113 122 56 73 82 109 44 78 79 1 92 67 116 49 28 94 80 9 26 116 104 14 59 107 30 20 59 122 57 40 45 44 123 25 101 50 35 51 80 50 2 124 13 48 76 104 90 0 56
16 111 49 97 13 117 118 58 80 2 97 39 88 124 65 33 89 94 8 93 83 20 92 122 24 101 121 43 24 8 102 61 107 25 56 36 15 36 75 23 25 19 8 86 102 28 30 18 19 86 106 26 93 84 43 34 112 70 21 73 126 86 14 93
97 12 123 3 81 55 22 96 97 33 99 98 16 27 13 33 111 74 56 76 96 120 54 65 97 116 92 36 67 75 25 121 60 91 66 83 73 51 17 52 62 52 116 26 30 90 105 0 5 10 33 102 83 62 52 84 84 17 20 18 3 76 81 115
28 24 55 76 125 62 26 59 82 48 64 37 82 51 0 39 80 20 85 14 49 102 47 102 31 48 67 107 44 31 3 116 64 96 70 72 64 79 17 53 126 46 5 65 8 67 108 22 117 106 108 42 50 71 102 24 79 34 16 17 123 26 14 123
80 106 68 79 14 41 109 33 47 82 7 110 9 125 4 115 47 116 25 85 107 22 61 12 8 112 19 127 91 107 56 100 23 107 32 19 59 47 63 29 107 72 108 112 16 99 13 18 70 58 66 96 43 31 110 10 105 1 89 124 67 16 80 91
93 39 86 45 87 92 3 37 62 28 18 90 28 119 99 34 115 69 122 22 102 45 126 43 47 51 7 54 65 76 39 120 84 30 115 47 99 60 111 51 37 90 35 111 86 54 84 12 36 46 89 103 70 109 102 21 38 86 57 29 17 125 105 17
109 73 38 93 25 70 6 68 64 45 17 12 24 103 7 73 31 16 101 78 78 120 47 62 39 114 83 14 98 5 93 120 62 7 94 127 111 110 31 44 121 51 78 81 12 23 39 13 91 74 69 61 119 88 60 0 88 65 125 31 12 32 31 55
23 90 3 87 22 28 97 20 29 89 19 15 66 48 100 57 103 43 24 22 107 58 0 96 14 127 80 97 80 51 57 40 43 3 76 67 6 45 122 8 86 32 32 83 3 64 117 105 33 90 84 87 78 98 63 24 54 8 16 20 59 12 2 67
3 106 91 6 25 74 23 106 9 100 12 124 43 105 38 18 50 18 75 51 85 46 100 119 29 45 75 92 20 74 123 100 47 61 57 17 107 58 90 100 47 62 11 86 33 125 60 101 86 52 24 61 3 93 93 12 41 126 48 77 55 46 7 54
87 17 34 88 80 31 119 23 6 12 125 90 111 68 99 89 41 108 30 73 109 25 85 75 31 90 96 124 116 125 51 19 102 104 39 58 76 13 43 103 116 85 81 47 92 42 15 109 34 52 33 2 67 117 4 9 51 28 95 30 65 75 90 68
36 26 86 32 67 58 63 84 87 43 94 107 111 87 48 52 73 48 112 113 65 94 62 24 3 50 10 16 107 65 69 72 68 83 28 84 72 91 124 118 71 94 19 26 7 117 84 60 27 86 69 2 68 72 6 59 3 102 4 10 124 14 63 97
12 117 111 6 103 5 55 63 102 49 29 21 24 27 117 83 38 66 4 64 14 89 66 39 120 104 110 105 97 115 68 94 114 76 42 0 21 61 78 25 17 47 8 0 106 8 127 22 106 44 121 1 13 37 39 62 81 15 126 116 92 107 74 5
2 13 123 65 95 94 74 85 66 113 30 32 125 87 0 43 14 36 26 101 47 26 107 11 66 29 95 86 65 6 33 31 116 38 95 42 42 77 2 45 31 42 99 80 111 2 120 73 116 62 110 39 17 66 102 61 9 51 72 45 54 45 74 59
96 99 25 26 37 21 25 85 68 34 65 98 72 114 50 112 17 42 11 2 81 119 101 6 96 5 81 44 126 85 114 38 50 8 98 22 11 115 87 61 113 103 72 76 39 53 105 80 6 16 118 125 49 23 1 98 124 91 82 32 20 116 73 52
45 44 8 101 5 50 116 105 118 34 81 52 18 68 24 10 73 16 35 89 94 95 20 17 59 17 0 13 7 65 50 78 59 33 35 61 0 114 84 41 0 95 83 53 46 99 38 29 6 21 120 49 44 73 119 71 90 9 13 45 122 115 117 74
5 20 61 96 18 102 87 81 98 115 61 106 100 82 52 23 55 61 33 21 67 56 9 65 7 96 122 37 106 122 61 27 9 44 64 97 66 8 4 105 9 11 81 57 20 20 64 2 68 88 121 63 48 71 16 72 31 69 112 103 20 6 6 110
102 117 26 7 72 27 78 65 70 46 81 85 113 9 117 113 32 6 2 13 43 45 60 35 12 15 79 117 4 115 88 37 101 49 37 102 55 62 125 119 47 104 89 58 76 43 114 89 126 54 54 0 7 126 3 84 125 85 114 52 57 36 48 66
18 0 28 86 32 118 51 40 22 4 70 56 121 5 48 21 112 76 75 3 125 71 63 36 30 36 127 44 89 106 7 39 96 108 92 4 27 116 103 80 118 86 108 8 1 62 95 50 115 112 30 6 29 57 2 50 114 55 72 9 60 109 49 121
46 89 0 93 56 37 61 78 88 69 81 64 61 55 66 16 126 111 7 59 112 39 80 88 61 40 11 92 88 114 99 116 53 88 92 10 59 67 77 45 37 60 16 65 71 35 73 6 99 15 13 79 24 104 3 28 126 55 5 0 126 38 0 114
103 62 56 66 64 64 102 20 108 29 95 32 47 21 93 53 109 3 86 54 43 88 11 80 116 78 73 98 118 115 51 92 75 64 64 9 17 46 65 48 71 21 85 25 89 8 20 94 115 62 106 5 119 13 32 70 23 72 74 119 86 111 50 1
14 34 35 115 117 91 38 107 3 63 73 5 56 29 117 109 98 112 106 73 121 124 116 95 105 105 66 119 89 14 16 90 17 114 18 75 87 68 23 90 47 29 14 46 122 101 126 43 97 26 83 63 40 95 67 4 52 121 7 21 105 6 21 45
