106 48 111 127 35 105 53 46 120 114 31 126 98 94 123 52 118 31 61 36 95 106 119 100 102 37 29 57 31 108 65 50 10 58 19 36 72 101 48 18 54 39 6 4 110 41 87 47 104 6 10 72 48 29 40 2 85 39 50 83 31 47 70 123
70 19 88 108 34 107 23 39 76 51 111 38 67 60 75 80 64 61 80 1 5 107 121 74 116 42 81 39 88 38 27 109 79 62 63 126 11 40 115 28 22 84 79 116 50 111 104 44 89 100 21 114 9 6 72 88 109 14 76 105 45 89 84 86
60 107 91 60 50 37 11 87 76 103 111 65 53 38 75 38 114 77 29 104 113 106 47 82 30 106 113 106 24 67 113 50 12 99 62 127 125 41 124 53 100 66 79 89 103 55 102 18 45 14 31 48 20 64 69 26 22 46 94 11 84 115 65 4
8 19 109 81 124 62 85 71 97 72 70 29 124 81 90 15 84 4 118 28 46 100 106 125 21 77 56 82 34 87 105 59 69 59 57 2 33 44 49 1 14 36 14 59 95 84 63 80 97 95 113 110 51 22 98 36 106 40 100 56 96 24 109 36
39 84 45 59 111 101 103 97 18 90 8 68 4 88 25 18 29 99 47 111 15 127 70 17 55 20 30 0 2 94 24 116 7 64 61 6 6 7 18 16 10 110 104 48 10 101 40 61 113 51 65 67 113 91 96 74 66 39 4 127 115 84 21 117
36 123 10 43 85 104 52 76 117 115 60 66 12 91 117 10 10 84 115 84 6 16 47 13 62 63 96 74 76 64 33 8 76 127 36 29 40 44 100 46 125 6 13 125 47 126 5 33 79 114 100 99 45 58 69 7 23 66 3 95 0 33 108 8
62 75 9 9 49 43 117 125 47 86 5 87 120 23 84 119 105 94 110 57 104 63 93 55 97 81 11 34 70 104 103 88 5 64 109 79 59 111 67 28 37 110 91 127 21 126 7 62 95 96 12 26 17 17 76 85 61 13 10 102 113 116 85 99
16 50 95 13 105 56 92 5 113 56 3 10 108 103 73 118 91 10 98 78 7 83 113 58 20 64 92 23 29 103 98 96 83 56 79 72 94 16 58 30 63 127 47 22 69 29 54 6 119 111 103 105 109 74 97 11 59 123 115 51 108 110 26 121
11 12 71 79 61 124 28 34 59 28 30 76 75 114 60 1 32 71 61 104 120 58 39 116 48 104 31 37 91 78 86 87 12 84 53 75 127 12 38 22 113 109 106 91 13 16 23 116 57 62 33 50 111 85 9 117 71 20 36 6 89 12 79 29
30 4 31 15 110 72 21 63 118 43 39 108 36 77 15 42 83 62 107 14 119 43 89 8 64 98 43 19 108 118 69 105 73 111 122 32 79 99 5 82 30 65 17 105 27 123 67 124 64 110 105 113 79 44 57 46 65 51 35 0 38 86 89 74
121 105 0 74 87 73 13 77 70 22 42 21 59 99 26 55 1 38 50 109 18 61 70 75 66 62 110 4 71 77 60 99 70 6 49 45 95 71 121 75 73 126 13 72 101 93 68 64 64 56 61 19 112 74 25 43 66 69 61 106 124 44 10 71
92 73 33 87 45 124 111 80 31 74 97 87 118 4 62 28 47 111 121 97 15 24 100 71 28 51 45 24 105 22 33 66 93 113 116 33 31 116 28 8 65 56 38 6 109 68 7 95 118 117 17 101 109 81 48 104 108 15 20 9 105 3 43 122
7 110 116 125 54 18 110 63 39 103 50 8 29 55 80 103 43 58 14 67 69 127 125 60 79 89 120 100 22 76 46 16 56 125 53 90 51 21 100 82 38 98 12 77 111 94 108 65 109 51 102 100 13 72 73 62 70 27 109 88 45 120 27 1
126 16 58 51 3 76 81 2 114 36 96 104 23 71 34 1 32 75 85 76 9 80 61 42 68 120 58 8 76 59 62 51 22 29 42 118 67 20 42 72 6 15 22 57 86 30 120 68 5 114 64 58 111 27 17 87 76 96 9 6 36 95 44 85
15 87 115 117 13 10 82 86 33 59 103 12 38 43 27 39 15 49 114 127 27 67 91 120 59 11 15 52 53 48 35 61 83 25 55 119 89 21 119 72 68 80 48 97 1 52 118 6 126 99 76 19 93 29 74 94 121 66 58 65 111 2 55 78
16 111 51 6 111 4 97 96 53 60 108 15 100 66 122 58 46 47 106 120 114 63 49 84 40 71 21 114 53 4 16 100 77 102 40 91 94 80 34 39 21 108 47 52 92 9 17 98 107 79 113 48 70 29 18 54 59 86 71 80 20 25 120 27
122 38 32 39 82 28 19 19 126 73 125 11 119 96 119 24 24 116 3 3 8 14 119 25 78 89 91 70 31 75 98 51 126 31 8 77 12 55 123 43 96 95 82 29 15 11 73 65 17 12 92 23 101 11 59 59 92 85 99 0 42 54 39 63
33 33 47 32 67 101 29 116 115 109 83 89 78 70 70 113 28 22 33 83 14 96 52 16 63 83 60 56 76 107 87 117 110 119 36 6 7 86 77 67 20 60 109 73 85 93 93 123 79 74 85 28 24 57 13 77 65 53 76 66 29 17 53 99
20 52 82 15 27 3 114 54 14 63 64 111 110 15 117 19 63 32 80 68 125 68 57 38 76 107 35 93 120 67 86 20 62 127 84 5 23 110 52 94 82 101 125 75 77 49 123 11 55 119 14 82 91 39 40 68 68 5 86 66 100 32 42 121
20 83 64 102 110 16 92 7 63 125 89 27 97 89 12 107 100 12 37 24 110 61 22 85 20 53 62 29 74 67 96 110 75 72 31 74 100 23 6 71 96 88 0 2 103 27 42 96 45 0 37 116 90 101 34 73 75 73 53 97 23 126 27 21
108 15 12 99 99 61 42 86 77 31 66 90 82 85 56 64 68 48 32 114 18 35 114 69 123 14 99 119 96 23 26 48 74 112 22 32 40 109 110 55 28 30 64 97 17 81 5 51 39 64 110 41 93 67 31 9 106 68 8 68 60 10 98 90
67 73 102 96 122 101 7 48 23 102 32 104 106 18 1 54 10 98 16 41 60 2 85 34 84 88 102 65 0 6 19 42 118 5 54 99 114 123 20 50 45 34 99 7 113 67 106 15 66 70 63 1 0 57 0 101 114 6 87 68 84 91 17 87
121 31 44 32 73 72 48 32 96 70 67 27 86 52 95 43 79 109 54 9 13 102 35 33 87 17 15 104 36 40 126 24 125 7 87 83 111 93 83 125 17 67 47 99 69 66 17 110 103 17 55 22 34 5 117 25 125 84 60 87 14 90 31 11
127 4 63 70 127 85 26 78 102 44 120 34 25 22 12 89 2 28 65 63 27 86 35 112 5 10 37 117 33 80 66 107 45 97 85 28 59 53 92 68 73 73 116 8 125 84 76 9 101 74 67 57 109 125 127 94 112 51 33 105 34 102 102 32
71 31 54 96 7 45 13 97 7 114 105 70 76 53 20 110 95 74 121 13 74 1 97 60 107 110 16 77 88 47 90 7 55 16 68 11 37 126 17 25 94 36 69 40 78 41 112 124 89 114 75 40 46 13 0 16 96 54 92 52 117 108 30 61
7 29 76 79 65 44 17 98 44 18 76 114 67 82 49 24 37 114 120 94 35 67 55 38 62 127 6 121 118 57 79 58 47 4 110 86 35 95 87 24 44 91 18 6 107 57 104 80 65 79 38 126 124 17 102 0 62 2 126 20 125 123 29 10
21 110 124 56 88 2 29 87 127 44 35 86 117 71 63 53 67 49 102 106 30 28 58 35 76 104 72 118 84 114 66 88 88 75 92 10 127 115 10 112 124 25 52 13 63 79 119 9 30 94 35 9 25 19 124 43 61 72 78 8 70 89 23 11
59 83 119 77 85 15 28 31 82 118 34 42 95 118 52 19 114 103 83 7 121 98 41 76 104 69 110 15 68 52 44 50 97 5 122 32 78 14 13 38 62 4 115 120 89 111 80 106 110 51 15 98 37 52 86 76 96 92 52 45 97 97 90 14
58 49 8 25 2 99 46 4 61 83 83 4 9 79 62 24 43 24 29 13 85 42 27 93 18 101 41 19 98 85 78 10 53 97 120 23 69 16 27 49 94 99 54 72 9 20 57 33 94 92 106 42 10 32 57 45 60 61 0 20 61 63 86 120
72 55 0 20 21 53 3 64 50 73 62 14 115 35 28 51 45 68 28 110 46 90 24 79 15 99 88 40 64 68 104 19 68 35 92 111 97 57 47 81 1 79 28 96 15 34 110 61 106 105 80 3 112 67 50 88 32 77 23 74 24 27 6 112
35 9 112 35 94 82 17 112 5 91 6 101 120 11 40 113 126 62 97 24 80 52 32 86 72 5 61 65 101 8 66 15 88 87 110 92 107 54 39 25 37 34 86 67 58 105 13 116 119 46 102 70 71 41 50 18 65 46 64 41 37 117 12 105
43 23 95 29 69 37 96 107 118 22 73 56 109 78 123 22 119 35 56 126 125 0 71 2 13 80 33 110 69 68 109 50 104 103 28 98 81 103 47 93 78 116 78 15 56 96 9 18 100 113 66 35 3 74 104 32 27 95 120 126 79 8 74 5
