92 40 41 5 68 97 74 72 101 39 40 8 7 43 57 103 66 12 18 97 95 48 79 99 81 77 29 65 76 90 58 52 51 80 30 14 120 125 19 4 6 17 55 74 95 113 90 89 100 44 27 49 1 83 67 127 76 23 124 111 101 121 103 47
44 118 92 57 35 1 126 104 17 48 7 57 14 104 16 22 65 69 92 26 36 48 63 33 17 63 105 73 101 122 43 16 58 12 51 59 111 41 90 63 116 65 33 94 86 70 101 63 32 11 108 75 18 8 73 16 49 103 38 40 9 11 78 94
14 27 3 35 118 64 121 107 120 97 46 80 38 37 43 50 96 123 84 25 109 35 68 96 0 52 5 36 1 120 116 122 122 68 89 40 50 116 46 12 75 68 65 58 67 58 90 113 116 9 12 107 1 89 14 45 56 9 21 103 88 78 76 7
20 84 21 109 96 44 90 39 113 21 29 61 72 44 34 81 41 4 26 120 69 61 31 7 119 102 84 17 77 14 105 25 52 43 31 102 27 123 38 106 31 76 78 17 102 69 118 10 31 103 19 96 39 7 114 34 68 125 98 110 77 20 110 23
16 17 97 11 15 3 88 33 91 127 45 74 76 30 123 24 102 73 23 64 124 116 24 27 35 81 5 65 66 109 71 94 47 82 113 69 77 66 47 64 43 93 126 62 45 18 117 63 82 72 70 109 100 49 62 40 116 6 8 3 88 48 75 5
81 103 20 14 127 66 65 55 118 104 103 122 67 31 65 109 28 65 33 125 26 59 117 38 43 101 81 35 18 90 44 83 20 22 93 88 94 26 97 71 18 40 25 27 63 67 94 79 50 73 101 47 9 108 72 38 99 114 121 99 18 63 123 18
75 61 12 24 99 88 91 126 41 116 38 29 4 80 17 106 110 20 85 102 49 121 120 5 49 79 65 114 0 56 29 57 106 51 36 47 86 0 18 45 66 1 55 100 16 91 81 96 78 21 104 26 54 100 31 59 108 82 27 27 119 73 83 24
84 77 85 116 25 107 74 118 70 16 81 6 55 63 19 37 74 107 57 15 50 118 26 50 74 15 86 59 122 75 122 39 66 1 123 101 47 51 23 92 110 109 97 83 81 77 81 1 64 19 33 40 40 111 74 90 22 37 43 66 61 11 29 94
86 64 40 19 117 5 74 98 3 92 122 9 50 92 37 0 103 7 120 101 80 82 62 32 14 108 30 20 2 125 65 34 40 58 15 55 44 114 58 49 84 11 91 124 11 32 83 103 48 20 59 51 53 38 104 48 122 105 63 99 85 25 70 6
71 61 89 87 23 39 111 75 46 7 53 8 2 53 20 94 47 46 87 67 83 124 62 15 73 106 89 92 4 10 28 108 78 69 47 14 106 83 33 59 123 61 1 107 79 18 97 48 77 87 27 47 95 36 73 48 108 47 72 87 99 119 28 59
28 57 47 22 26 94 106 6 48 53 108 67 77 105 41 73 58 43 97 25 22 72 124 100 7 52 13 70 6 8 2 77 16 113 43 85 45 89 57 27 108 13 8 114 25 1 74 80 127 33 18 38 81 12 4 49 22 121 119 87 28 111 110 71
25 78 56 0 27 112 61 46 109 77 105 97 58 30 69 125 48 4 30 36 78 14 51 106 68 91 96 10 42 69 22 39 62 1 126 78 86 85 72 46 103 29 15 58 109 46 115 29 108 8 64 58 101 63 7 122 122 51 17 90 81 95 57 48
31 116 47 44 53 99 99 84 45 95 30 36 15 45 125 45 77 120 87 88 60 45 50 61 34 80 109 41 44 117 67 74 46 78 29 23 65 42 33 22 60 94 36 12 96 70 95 6 41 37 51 43 63 12 87 27 95 106 81 97 111 97 114 101
0 42 113 41 94 49 125 59 0 50 15 121 38 14 124 32 86 52 104 97 16 88 119 105 5 30 68 103 39 29 68 75 6 108 12 112 3 49 105 2 11 64 26 106 49 76 16 71 31 83 50 16 33 34 98 101 105 23 53 17 49 45 47 102
32 112 86 88 100 26 0 84 58 112 9 94 107 24 83 56 65 118 111 14 27 12 113 123 115 117 13 113 65 33 98 100 24 111 53 126 78 11 125 8 121 30 77 92 52 111 42 37 41 123 71 47 66 65 15 82 93 104 15 30 117 57 27 3
9 50 108 17 46 31 29 35 8 35 28 15 91 20 63 110 119 65 123 58 109 98 117 27 54 99 125 30 32 86 59 40 80 45 48 64 41 22 111 26 88 31 82 87 120 2 59 75 98 78 16 113 31 6 82 70 127 68 57 39 84 111 47 50
56 110 70 36 86 74 73 120 84 54 122 40 96 19 32 39 98 33 61 99 90 18 42 68 62 92 119 9 119 122 118 103 12 92 4 121 57 58 75 127 58 76 85 103 14 76 0 117 37 126 106 108 52 51 0 10 57 106 127 39 85 98 59 114
43 5 27 30 118 7 4 105 53 111 107 16 37 8 73 83 77 13 25 92 112 61 90 24 79 35 97 79 32 2 86 10 111 57 63 17 46 104 43 92 58 49 68 87 28 92 123 89 103 66 1 24 127 18 39 1 82 64 61 90 53 44 118 127
115 48 98 104 68 37 3 16 125 52 84 52 111 30 111 21 10 33 112 14 113 124 9 101 95 52 47 30 36 107 27 30 69 13 121 86 15 24 38 65 37 40 102 97 114 39 106 63 88 99 15 120 81 76 58 100 90 97 10 0 12 29 68 17
77 12 31 70 71 49 70 115 112 79 106 30 50 26 59 32 52 126 92 71 32 125 40 18 84 40 84 88 41 119 22 74 32 19 24 89 103 51 11 31 32 73 67 14 50 5 90 68 68 81 91 34 122 85 33 62 67 17 104 114 25 105 85 110
96 60 106 77 126 94 73 114 87 84 47 71 95 30 33 86 88 6 82 6 46 7 77 0 124 76 2 52 91 37 50 14 99 116 126 66 63 67 4 113 89 88 9 7 11 63 117 121 58 66 90 49 22 39 121 96 77 126 117 86 94 76 120 75
98 17 20 108 110 105 0 124 37 40 41 110 8 22 77 10 70 30 87 25 29 33 45 101 68 4 60 82 114 37 27 25 60 105 22 45 112 29 66 91 32 105 2 68 120 82 41 61 57 56 111 0 101 72 59 68 58 45 105 33 100 96 24 41
28 121 24 53 122 72 125 66 14 3 108 37 19 112 22 36 61 110 7 120 36 119 44 96 32 6 126 21 4 109 14 20 125 88 16 55 49 6 117 121 49 59 124 82 115 6 39 44 58 113 87 74 104 54 63 64 53 95 39 52 43 62 1 78
20 87 49 80 110 51 115 8 98 19 82 17 83 29 103 64 23 87 46 82 93 89 105 43 123 101 28 76 67 108 16 125 96 4 91 127 87 80 49 102 111 39 107 45 50 10 11 12 63 7 64 8 91 1 77 12 111 1 67 75 47 73 2 67
5 86 4 113 2 9 42 18 13 20 123 42 27 20 35 23 53 37 16 21 82 44 117 73 60 10 60 37 65 32 42 30 111 34 36 46 110 99 22 35 39 102 89 88 80 14 36 108 3 21 80 21 80 77 77 16 71 97 89 108 93 85 79 93
79 37 117 23 99 98 5 67 81 5 25 100 90 40 74 37 125 79 82 42 52 14 89 55 104 55 30 82 56 50 23 57 72 86 3 9 62 72 82 14 114 97 105 62 18 112 62 115 55 20 33 114 16 17 80 65 50 64 42 56 9 36 47 119
68 55 118 75 35 30 54 37 114 72 107 89 14 15 76 88 93 52 55 6 56 54 51 3 42 39 101 120 29 9 93 102 6 35 34 87 38 35 108 19 48 95 58 102 48 89 25 35 42 125 98 42 98 75 32 99 77 96 109 44 44 87 14 94
16 11 125 21 22 126 89 77 11 113 67 122 109 50 124 12 56 125 54 81 106 27 101 104 43 18 45 110 106 101 109 2 82 19 24 74 124 55 80 60 123 122 112 54 34 77 58 38 56 82 66 33 121 112 40 21 101 119 26 20 40 30 26 36
65 53 110 8 82 41 127 35 9 58 39 53 108 38 6 3 14 75 47 5 123 72 34 71 70 67 57 76 18 61 70 9 24 43 121 98 126 57 24 92 119 75 114 110 39 75 115 69 123 9 65 119 108 24 70 103 86 111 10 121 35 48 47 114
86 122 106 6 90 76 50 16 31 25 120 123 21 12 124 11 70 0 32 115 118 13 122 110 63 42 119 57 40 80 67 115 114 38 0 40 44 87 97 97 87 122 125 78 80 12 70 8 107 62 98 22 53 46 38 86 25 0 13 95 114 111 73 64
68 66 48 49 57 52 90 114 117 56 85 17 15 1 110 12 44 79 71 42 71 53 73 118 96 30 75 8 100 72 47 17 93 95 103 86 10 61 83 18 99 115 89 73 23 12 124 115 45 52 97 28 35 70 114 93 125 16 47 76 119 23 53 118
94 121 90 113 84 107 118 126 120 0 78 66 5 77 54 37 32 115 101 7 89 78 77 111 19 54 47 122 82 55 96 99 87 9 51 49 33 35 110 60 99 15 78 17 70 46 85 31 42 82 39 119 64 34 68 49 11 75 84 122 57 82 62 72
