113 2 105 38 98 123 82 44 125 67 30 105 37 96 5 7 27 14 94 7 53 5 28 114 109 33 6 39 73 12 61 85 84 115 64 40 122 41 115 65 115 92 10 100 49 70 34 93 79 78 103 19 27 122 36 2 92 58 100 72 26 31 47 124
45 113 102 94 46 89 39 2 74 115 28 90 57 49 110 9 127 60 120 98 110 120 60 22 5 74 59 106 114 26 54 30 122 29 66 12 58 53 103 20 42 10 108 66 37 94 23 105 50 75 60 45 42 26 84 88 29 93 121 126 62 9 2 76
59 26 81 122 44 61 23 45 125 77 102 43 120 62 3 15 50 73 111 100 90 47 64 68 76 44 2 16 82 36 4 46 105 43 87 106 32 118 20 66 67 114 31 23 115 34 17 66 102 53 25 59 124 116 87 122 64 50 113 97 59 58 75 16
84 20 66 107 27 88 43 69 61 41 93 95 21 121 37 13 97 106 110 121 25 39 53 12 126 93 18 41 40 49 102 2 30 75 14 53 52 44 37 103 77 98 79 49 23 16 17 41 16 15 84 87 97 51 35 106 90 38 80 24 114 101 41 125
20 67 88 58 123 29 56 32 102 89 88 52 15 48 87 4 117 118 105 102 76 93 59 70 110 80 54 90 34 68 41 68 23 70 70 117 54 13 54 14 4 100 3 29 83 52 89 72 29 122 107 111 85 103 104 107 93 83 91 60 70 116 67 91
54 98 96 70 72 97 127 102 41 97 76 28 34 44 73 93 107 89 98 91 28 115 69 2 92 56 65 118 21 109 110 113 26 114 21 73 115 112 48 82 23 26 35 106 16 55 9 53 80 107 73 73 37 80 126 89 89 114 97 3 49 90 60 20
35 101 45 94 70 43 63 97 17 87 12 12 24 4 127 38 28 107 56 45 32 87 9 57 24 104 73 38 15 59 27 75 43 57 31 62 114 92 44 52 60 49 26 25 2 89 38 64 34 52 90 45 67 82 21 59 5 51 72 74 85 110 72 28
42 121 73 33 30 85 45 3 1 4 45 78 18 37 58 78 109 71 19 75 67 52 101 106 54 117 38 120 35 57 14 0 94 8 22 51 25 103 107 102 59 17 96 104 102 77 57 64 76 115 78 100 68 13 77 45 68 74 31 50 68 99 14 52
70 68 93 14 29 77 23 87 34 68 11 83 45 125 68 119 35 84 47 102 66 92 53 88 90 35 51 21 37 98 61 64 2 87 7 111 117 38 17 104 2 17 79 95 116 0 116 127 25 51 111 11 37 123 84 40 52 12 119 127 75 12 17 18
18 114 69 47 70 70 27 118 91 18 79 80 85 82 47 28 47 126 18 110 98 46 88 59 47 126 19 100 18 41 76 110 75 48 14 59 67 78 80 26 74 54 86 14 51 30 116 89 6 12 53 12 115 19 97 9 113 123 51 36 51 125 114 26
33 99 61 15 58 20 15 80 78 12 32 53 68 26 51 64 43 29 22 78 99 82 93 15 54 17 89 16 74 51 44 55 92 53 8 112 16 26 36 21 71 66 37 98 95 71 43 122 90 95 35 97 123 24 94 41 110 127 12 55 78 117 50 49
76 51 115 32 94 24 111 57 39 86 37 2 115 15 1 22 97 29 110 9 64 21 51 110 55 32 88 85 79 29 81 23 4 52 100 54 22 105 90 118 75 9 97 119 32 79 92 61 81 26 6 99 26 73 9 120 74 56 29 2 28 13 76 82
24 124 9 78 91 103 48 37 70 13 122 29 39 11 91 113 13 0 67 48 17 114 35 63 95 27 91 101 31 71 24 46 19 32 29 36 79 52 88 101 116 105 73 68 7 122 96 100 0 94 6 61 110 86 124 57 87 77 86 122 72 7 63 7
2 126 57 126 31 115 67 48 37 1 126 8 45 64 48 74 28 89 90 101 28 32 27 94 82 111 25 113 28 10 104 95 84 101 33 103 85 47 26 123 71 39 109 30 64 38 97 110 122 23 91 113 67 81 92 22 100 60 26 15 44 26 72 4
58 71 81 34 69 106 86 45 89 55 126 114 102 23 9 78 37 83 92 69 47 8 114 126 49 68 47 38 82 4 83 10 118 113 59 26 92 6 59 49 66 68 54 76 15 117 11 102 26 117 108 123 32 78 84 107 80 54 51 36 112 119 14 83
82 64 67 2 71 104 107 4 8 0 118 106 29 70 85 19 92 26 88 109 98 90 62 74 80 30 81 18 113 101 92 78 61 6 100 36 70 85 75 7 56 81 27 81 94 16 86 10 14 29 115 94 120 5 11 86 60 102 103 35 34 66 105 119
91 78 76 62 82 39 81 30 36 84 102 4 120 114 120 80 82 3 117 25 23 38 55 53 37 109 53 18 93 25 126 51 74 117 60 102 66 115 21 16 10 110 38 60 110 90 48 106 92 123 60 11 12 57 10 63 30 10 120 121 104 42 120 35
1 86 60 35 77 100 48 26 11 57 92 5 43 46 22 114 73 97 124 107 75 95 25 6 31 32 81 98 19 94 68 95 51 110 41 82 0 62 6 123 57 85 49 33 50 119 119 9 110 105 25 31 123 41 90 61 11 39 86 77 33 80 69 26
7 96 98 46 80 25 56 6 109 87 88 98 25 58 113 117 68 115 117 46 101 123 34 29 49 88 23 29 83 53 66 31 122 7 114 49 46 86 45 79 34 60 88 78 50 62 7 33 24 112 43 82 42 125 49 12 45 124 75 78 86 52 62 103
1 39 22 123 58 68 33 73 26 54 105 3 67 71 69 88 26 46 113 116 117 39 83 26 6 122 22 83 63 112 114 97 28 60 43 114 68 26 11 16 36 33 127 93 35 5 95 31 72 121 21 9 28 10 91 65 55 84 127 120 94 57 104 51
60 16 90 29 104 120 71 36 4 25 69 79 0 8 84 70 106 63 78 23 4 50 37 118 28 45 51 120 45 74 67 58 9 97 120 3 51 73 96 109 17 75 50 22 107 24 59 36 67 76 17 125 28 107 29 111 118 101 91 123 6 87 40 73
36 26 20 99 42 50 92 70 12 108 52 86 62 113 56 24 124 104 108 12 36 29 89 11 120 64 17 121 84 116 117 61 23 59 16 105 59 8 51 103 91 14 76 27 116 80 125 8 55 84 93 126 74 93 35 127 55 88 70 19 54 117 122 59
34 73 98 0 77 44 68 39 107 37 119 118 97 23 3 90 68 106 12 103 20 100 31 37 94 31 78 118 56 47 29 106 70 37 94 43 25 99 109 106 89 107 1 42 108 42 62 72 57 122 116 47 4 90 75 34 92 15 82 48 59 106 116 50
126 90 81 58 63 104 12 93 25 69 2 86 11 40 104 78 64 62 49 46 7 30 10 16 26 123 94 26 77 114 122 86 55 68 93 97 46 18 56 30 15 44 26 60 25 102 28 112 114 120 102 126 127 43 108 28 108 109 110 94 1 5 8 14
83 111 57 1 2 118 51 54 52 93 71 39 84 38 42 117 12 103 104 111 36 54 31 13 64 26 23 114 112 21 77 44 7 90 66 63 96 114 46 20 122 31 103 104 44 43 40 95 51 87 10 100 114 84 17 10 26 42 101 64 53 28 20 28
8 60 61 70 101 94 90 123 118 105 95 4 96 14 56 4 19 101 100 80 113 3 55 84 118 33 39 68 67 120 21 126 13 67 7 127 66 45 28 89 113 118 93 11 78 115 51 57 104 1 0 110 54 110 91 103 98 33 63 67 81 11 49 20
9 84 103 88 113 80 114 69 13 100 39 103 81 29 72 13 109 51 109 16 61 97 109 122 21 52 31 75 54 120 79 127 21 37 49 102 65 44 118 7 107 64 104 39 104 4 44 45 35 16 40 29 51 78 19 35 127 65 123 122 44 3 49 87
111 54 58 41 1 45 1 49 0 12 69 21 16 58 112 85 106 69 115 2 109 120 69 80 98 48 114 49 100 110 34 22 71 6 49 9 89 54 73 18 22 94 63 32 65 91 121 95 96 8 124 28 78 17 81 117 70 77 28 113 125 115 82 60
4 104 113 108 68 55 117 51 14 89 87 82 19 106 72 116 117 91 15 74 97 24 103 118 56 20 4 74 106 8 10 100 104 64 62 25 73 122 103 18 15 108 55 100 113 104 67 77 29 6 11 23 102 106 21 46 29 59 38 19 25 48 68 103
41 5 52 33 121 123 68 9 27 2 76 47 110 65 125 34 51 113 61 51 115 46 53 27 100 22 106 86 34 104 102 118 31 1 110 107 111 121 15 15 50 66 91 92 53 19 99 32 85 7 119 110 23 52 63 57 117 36 83 11 83 83 3 93
30 85 78 37 36 91 74 13 74 127 72 23 9 37 42 104 36 41 126 31 83 13 101 3 23 95 118 116 9 117 106 15 38 95 17 24 6 55 125 116 46 114 81 110 81 2 0 32 70 73 107 58 71 117 31 86 16 77 16 88 20 54 5 83
48 83 121 25 31 71 108 111 43 58 28 16 17 39 62 81 74 44 75 78 89 120 2 2 37 98 72 106 39 67 53 119 19 14 92 4 38 39 6 71 95 99 32 117 36 31 42 62 35 97 48 24 107 95 65 8 101 92 101 17 21 98 14 6
