54 36 105 101 96 51 68 69 21 84 82 106 14 97 46 70 80 107 107 68 51 38 1 90 44 23 104 60 110 91 121 110 64 52 115 20 120 126 91 66 93 0 58 114 115 108 46 108 17 112 32 14 23 35 59 33 89 50 39 21 15 103 41 15
4 114 5 41 87 29 100 31 52 18 50 108 27 46 71 127 106 126 0 67 56 21 85 93 57 90 90 12 38 26 38 101 120 71 11 23 17 118 14 59 15 96 73 46 23 127 44 18 90 108 40 30 84 15 22 77 22 40 17 35 11 119 100 74
68 50 84 31 92 70 35 39 125 90 69 37 53 3 45 62 98 73 117 101 49 29 105 72 15 51 3 25 28 91 10 91 107 95 23 50 41 38 6 17 2 62 127 107 109 19 97 93 72 73 122 69 16 78 96 119 58 53 12 41 43 118 85 79
97 66 71 19 124 46 23 50 17 22 0 122 114 65 4 17 79 73 116 92 34 24 105 120 23 12 20 105 106 38 33 18 27 127 90 113 89 10 48 34 83 75 56 27 65 120 64 72 21 119 50 103 90 8 70 35 53 111 37 113 65 42 4 80
36 57 62 98 50 71 42 66 66 64 61 87 108 62 29 105 89 37 106 103 50 125 106 37 126 107 113 66 76 99 104 126 47 11 19 102 107 71 116 110 1 126 74 119 84 100 54 5 82 93 109 102 127 107 61 48 99 83 53 117 9 23 123 96
28 118 93 99 108 5 57 110 77 56 2 23 18 101 97 8 29 95 76 81 43 52 85 67 59 22 60 6 43 54 74 38 124 121 58 105 104 97 4 41 88 91 124 13 26 15 90 1 18 22 40 13 46 114 62 89 7 26 110 39 27 67 122 60
37 74 127 107 23 27 40 17 48 84 25 2 122 76 37 91 13 122 0 91 122 99 117 113 10 106 39 3 33 64 55 9 80 70 102 63 12 21 55 121 64 91 96 12 0 37 118 127 57 24 41 84 32 56 36 117 56 97 61 2 29 118 66 62
81 22 71 72 65 60 1 26 47 102 125 62 99 4 0 126 21 73 108 23 58 78 96 49 22 77 17 88 21 43 43 36 6 89 23 76 40 69 84 70 17 78 71 59 51 79 48 66 44 8 115 110 25 25 29 26 79 111 114 3 50 82 97 69
108 78 9 117 105 35 45 103 5 107 103 69 78 92 88 82 77 2 49 41 109 77 53 102 38 84 117 54 10 113 73 78 29 107 118 80 117 55 28 16 32 101 20 110 114 77 9 124 105 86 102 38 77 46 85 51 40 91 46 72 86 70 87 42
36 122 72 63 101 70 59 86 24 118 109 114 21 117 42 123 70 69 35 45 21 34 112 46 32 84 74 12 125 55 66 12 49 119 104 56 97 27 103 97 95 86 87 64 23 126 66 124 80 6 73 82 23 8 113 14 112 55 121 85 121 127 16 18
8 63 56 37 82 7 5 48 101 44 20 119 92 33 11 38 95 5 80 31 59 7 37 92 94 18 116 54 8 51 27 61 47 113 114 38 103 52 94 62 18 32 63 25 44 0 74 65 116 34 76 102 97 97 98 95 44 75 32 81 68 82 30 90
63 105 101 113 14 45 119 47 67 82 84 125 39 120 0 19 127 21 53 76 104 64 14 60 78 13 68 121 48 5 40 30 115 89 121 63 88 50 58 54 116 121 48 102 39 14 69 64 104 6 61 53 51 50 3 0 104 65 111 97 34 109 76 80
9 66 67 88 100 106 101 92 64 50 29 38 118 9 92 43 31 43 62 60 64 40 80 118 11 123 1 72 75 59 24 120 99 117 60 107 113 98 21 96 118 113 55 20 54 39 50 21 27 120 3 25 86 111 126 112 59 22 40 57 7 115 95 50
102 60 107 0 119 29 91 16 22 101 121 23 85 68 88 51 70 117 57 127 21 58 43 36 33 99 112 56 56 39 19 100 16 51 3 62 116 49 81 91 49 15 106 71 60 43 17 117 49 92 103 79 29 48 97 93 20 21 46 24 85 55 126 63
27 102 32 65 3 79 11 16 119 35 15 102 22 71 120 8 77 54 72 63 46 116 89 99 66 117 9 122 88 3 29 113 10 50 18 113 12 56 99 2 111 77 73 37 103 26 87 79 9 117 52 26 6 114 91 89 81 12 71 90 59 13 104 43
69 83 117 27 22 11 23 50 107 21 61 25 85 57 70 14 111 93 67 5 111 110 1 30 23 34 46 30 88 71 75 117 121 1 78 103 58 95 62 117 74 16 53 124 20 21 124 96 115 54 28 78 20 117 1 119 41 51 37 2 24 76 87 61
94 14 69 104 9 72 113 104 119 126 113 104 68 108 43 40 82 19 96 106 36 94 38 76 118 101 108 69 110 7 127 42 9 40 3 77 3 23 110 20 9 45 88 69 79 120 43 91 99 32 93 35 24 12 38 78 126 37 29 13 49 67 0 60
2 108 49 60 35 3 42 13 88 102 124 66 6 7 43 63 6 119 47 61 24 80 89 117 67 63 112 17 121 3 16 46 117 80 44 88 57 2 11 90 16 117 21 38 38 121 106 111 99 15 100 50 117 28 77 126 70 40 56 27 76 79 20 3
102 125 98 115 14 120 52 89 45 6 17 88 100 20 115 7 58 19 81 116 82 115 66 54 61 101 17 90 78 109 55 84 21 7 10 106 11 47 102 62 26 34 1 98 94 7 19 7 62 67 30 118 31 12 85 25 80 28 90 119 85 17 68 11
1 41 6 46 122 89 53 102 14 111 117 57 32 110 66 62 105 47 65 80 64 35 106 16 1 32 92 123 123 5 42 99 87 10 4 29 9 100 90 90 23 58 121 117 117 66 60 101 25 108 111 38 81 2 37 41 47 88 12 88 87 55 104 58
62 79 42 104 105 74 124 56 20 94 53 78 52 44 112 35 62 125 106 124 0 91 96 66 118 78 32 31 86 57 125 25 126 127 60 111 16 72 68 28 62 5 110 123 104 58 98 114 20 44 44 86 34 51 45 65 56 41 72 76 106 97 15 4
0 103 21 47 109 121 25 33 113 57 84 6 24 56 11 30 110 26 85 33 117 80 122 74 92 33 123 114 36 57 112 111 59 25 108 125 44 44 31 100 68 83 114 70 106 22 64 38 66 44 66 62 69 94 53 26 92 78 35 4 66 50 88 31
20 111 16 72 25 21 40 109 58 86 74 121 9 86 4 54 25 3 106 26 101 97 125 57 2 49 95 124 25 17 6 116 44 12 5 34 94 105 52 100 106 67 41 3 59 44 71 101 74 65 81 81 21 11 80 50 16 35 92 48 15 104 74 43
106 108 21 93 7 109 17 109 79 110 117 83 102 71 93 37 28 76 80 126 103 106 80 72 1 58 41 117 87 20 109 1 4 16 23 7 29 49 21 58 23 25 60 7 11 13 126 29 54 98 60 61 30 91 109 26 99 0 40 13 121 73 49 41
70 39 13 99 90 10 62 105 48 36 105 9 53 6 80 124 115 11 100 100 54 35 121 6 23 33 125 64 28 25 73 64 44 16 104 35 72 102 62 22 92 65 81 91 116 110 41 112 70 126 74 70 42 87 54 55 78 30 114 82 55 120 73 47
51 71 0 1 92 41 73 105 8 113 30 95 1 23 100 116 42 69 71 127 103 88 105 42 50 88 45 74 98 0 123 122 116 86 66 104 0 117 62 107 75 101 61 60 39 94 28 34 91 84 10 89 10 62 68 55 6 50 94 38 41 71 127 52
90 20 29 77 122 0 108 23 124 5 5 126 116 68 61 34 127 107 78 34 47 113 104 71 42 34 4 30 105 30 100 7 5 86 52 79 43 48 7 63 3 31 52 112 66 62 113 79 59 97 76 32 21 126 30 23 2 32 93 25 97 50 85 29
34 24 27 96 86 25 119 72 7 100 96 14 48 125 110 7 54 84 127 57 2 8 115 13 101 90 19 120 3 125 23 90 75 27 98 87 30 122 66 93 63 90 116 16 5 110 106 81 59 98 90 80 10 37 100 105 33 46 31 106 119 56 45 109
34 91 117 21 15 109 105 117 103 75 4 89 25 76 23 107 66 31 22 48 115 100 118 61 101 108 101 76 78 65 10 79 17 97 9 76 95 59 7 70 47 80 40 90 122 127 7 92 120 115 36 90 36 63 58 120 126 87 44 15 25 127 117 30
26 89 42 14 127 57 48 78 86 24 107 67 35 116 79 46 103 58 84 51 39 42 116 55 80 2 70 11 64 42 100 69 45 59 60 48 86 24 88 2 67 62 29 96 92 3 77 84 70 20 119 70 0 59 33 86 2 17 42 75 77 40 91 105
108 23 23 2 58 57 72 23 123 65 118 39 91 70 8 108 102 59 38 32 33 61 84 60 92 26 125 16 59 41 46 111 86 52 108 20 7 72 121 96 57 67 62 58 81 95 29 24 120 96 98 105 55 33 49 1 76 52 125 40 22 60 86 30
65 1 68 59 77 22 118 56 34 109 0 104 47 48 39 61 14 29 20 7 6 104 33 120 63 41 100 111 52 95 96 69 105 9 89 57 114 108 89 82 98 108 3 88 124 7 11 117 87 87 80 24 96 127 26 1 72 54 57 32 82 125 48 4
