91 91 4 19 100 38 73 31 28 65 126 0 83 118 0 3 14 46 29 5 101 0 70 61 63 4 53 48 6 99 2 75 122 60 78 83 40 20 31 11 100 103 110 6 50 44 94 64 59 74 44 33 82 10 96 32 7 44 71 97 103 90 92 77
33 44 122 100 64 72 51 9 93 42 81 80 69 10 87 35 96 96 117 17 62 4 30 15 65 8 1 36 83 58 80 57 88 82 127 105 7 51 74 76 76 72 68 81 103 124 51 77 33 85 47 96 23 120 118 92 12 120 49 90 64 70 3 63
73 103 98 118 38 122 62 57 120 15 90 83 61 9 108 61 32 70 41 43 45 85 106 80 72 121 103 73 99 94 30 4 119 17 5 105 49 126 27 106 23 68 27 57 66 17 3 103 48 127 127 105 31 95 126 82 92 96 65 57 10 110 118 96
104 103 64 127 105 16 113 79 65 117 112 3 31 70 28 60 59 72 57 98 115 52 4 113 60 20 57 80 102 13 95 78 84 53 77 40 15 50 0 39 17 33 89 60 99 20 0 26 50 10 119 101 114 13 91 54 26 21 20 119 23 18 23 25
24 44 107 28 73 114 10 23 23 11 6 39 80 98 69 75 78 95 22 70 122 37 30 28 43 27 75 90 67 20 8 48 97 36 20 59 22 87 9 101 69 20 100 28 58 39 20 85 98 62 45 4 14 125 104 110 82 79 39 110 106 86 3 84
23 41 118 25 105 65 103 7 72 65 77 19 65 67 98 54 77 84 111 78 38 49 19 69 27 116 111 42 65 27 118 97 77 72 22 107 34 21 4 59 40 28 34 113 97 67 44 112 8 50 13 108 68 113 55 110 90 10 29 114 100 38 97 114
23 79 57 29 23 66 28 41 75 118 61 26 28 65 56 60 28 103 56 72 54 115 43 127 27 36 22 76 68 95 91 57 78 87 31 84 68 100 35 122 91 31 58 127 59 86 79 113 73 92 115 26 98 105 108 23 86 66 35 108 13 67 43 47
105 118 31 119 83 119 16 92 56 38 31 67 87 107 105 1 77 103 41 37 54 54 33 45 42 1 35 69 35 21 68 37 104 53 21 111 74 106 119 30 52 116 105 92 58 96 85 48 26 71 121 111 56 5 45 24 97 8 63 99 30 18 112 64
87 97 16 33 98 35 12 58 88 118 75 20 100 109 101 64 111 5 108 108 10 79 21 109 10 36 25 56 25 105 20 56 25 14 102 62 34 10 72 105 86 67 93 91 88 85 88 115 89 49 28 109 63 40 95 25 27 125 83 47 122 65 22 38
68 20 119 85 48 74 93 91 35 80 84 36 99 126 88 87 93 127 41 61 98 84 5 84 7 68 39 9 30 121 127 29 50 84 35 60 26 101 34 59 31 89 3 90 99 100 26 46 111 5 81 25 107 23 115 70 118 43 13 12 25 42 42 65
109 110 86 27 0 95 11 109 49 52 119 59 54 34 60 25 30 56 11 92 4 98 6 15 95 51 80 20 26 103 110 123 115 78 22 126 71 24 10 62 56 84 53 118 9 49 72 127 111 0 125 85 69 29 54 97 76 85 5 104 109 23 84 102
86 4 6 2 118 12 53 62 75 5 97 78 46 81 54 48 56 2 21 34 27 104 41 11 118 0 99 93 116 118 22 100 27 112 116 68 35 124 53 46 55 9 4 13 23 62 27 20 108 114 103 75 19 61 114 95 50 101 39 105 84 80 64 114
107 27 53 1 80 126 102 13 13 43 111 81 39 33 106 64 105 17 111 33 86 48 79 82 100 123 54 61 127 69 23 80 47 79 38 47 104 118 69 79 8 28 67 59 25 117 37 61 25 13 98 118 48 42 87 7 39 24 62 3 14 15 53 126
10 27 6 113 127 37 23 94 67 36 119 34 5 109 32 115 95 109 101 98 80 53 95 13 18 87 102 10 70 44 59 87 118 116 57 87 77 23 10 71 126 43 78 105 117 65 87 44 73 31 126 16 120 120 53 9 85 5 90 19 0 63 80 0
100 60 78 118 0 80 45 108 59 42 43 37 106 1 81 11 92 22 110 8 7 49 79 61 22 116 92 58 9 11 61 124 115 75 29 73 77 67 46 83 40 102 6 93 115 104 87 73 51 44 37 35 80 84 57 45 122 66 64 17 1 103 111 3
95 82 83 41 48 48 116 6 8 70 26 20 34 87 95 75 86 35 112 92 66 42 7 97 120 77 35 126 47 45 31 6 73 11 54 123 103 22 74 51 12 75 70 52 62 107 73 70 50 57 26 6 118 49 23 86 24 43 35 56 96 36 105 102
51 124 62 6 93 59 94 120 108 109 36 20 97 45 20 103 83 97 71 95 51 93 127 28 68 93 75 38 26 116 76 110 9 35 94 15 102 108 35 89 107 83 126 33 36 71 67 58 28 30 65 88 101 2 124 109 105 106 68 21 79 72 52 47
72 112 75 46 41 3 112 81 81 41 42 116 96 41 125 2 58 101 80 75 10 80 34 104 49 62 123 69 98 5 31 10 42 38 12 12 38 45 33 66 31 67 103 116 64 72 112 113 6 90 2 85 79 71 68 48 57 93 27 114 26 113 21 93
100 70 113 93 12 21 74 4 21 78 126 52 38 36 30 61 92 102 80 126 104 5 104 80 33 86 51 29 12 57 93 112 52 19 5 124 54 30 58 18 69 97 27 121 12 51 125 73 60 40 44 6 81 85 13 35 7 11 39 111 96 87 105 102
61 13 48 50 61 4 82 66 0 103 104 100 127 96 48 120 109 16 72 94 34 66 12 115 36 37 77 5 121 92 62 124 120 48 8 35 22 78 117 56 49 110 58 113 6 46 123 88 100 86 74 55 109 7 35 41 38 64 115 43 76 79 45 12
36 13 121 12 109 11 54 27 21 83 110 18 74 29 53 89 14 29 28 123 31 116 29 107 114 15 35 127 81 104 47 102 27 61 121 82 55 55 74 16 61 20 36 107 114 33 96 28 67 95 59 10 89 81 127 116 95 59 90 79 73 107 33 32
9 105 59 25 105 24 1 89 83 2 31 0 23 49 42 119 43 32 37 111 51 34 16 57 47 42 47 43 32 74 86 101 95 82 75 91 1 9 82 27 46 7 106 22 47 108 93 91 62 76 118 36 11 73 114 80 64 85 14 79 83 118 9 41
25 48 124 117 22 63 16 33 104 56 85 122 3 70 68 94 82 67 49 125 85 66 86 67 109 87 127 58 77 112 104 114 62 66 110 84 25 127 0 93 114 67 77 17 11 37 41 35 15 64 66 38 125 98 124 117 58 78 37 15 80 97 73 10
27 90 101 81 110 111 93 76 79 1 19 75 92 109 71 37 109 55 110 83 122 98 38 30 79 22 33 95 16 106 23 34 117 22 7 53 86 20 18 30 49 70 111 23 45 7 76 2 33 127 76 56 117 57 95 34 20 64 65 56 41 42 25 66
87 25 7 46 36 71 81 17 75 35 103 1 83 119 2 103 107 33 125 112 109 45 61 69 103 56 9 87 17 32 102 6 44 111 107 28 82 37 38 125 24 16 60 50 36 66 23 121 117 81 48 89 20 74 56 121 40 16 114 108 101 20 67 124
95 81 63 43 123 27 35 36 126 43 49 89 112 54 118 87 9 37 48 71 1 43 34 119 115 20 56 90 22 31 89 123 70 32 16 126 71 41 16 47 105 110 47 81 99 56 102 60 124 43 22 75 121 86 52 32 116 55 27 107 22 62 6 110
1 64 3 7 125 48 28 81 54 36 94 5 107 23 123 111 104 78 39 11 63 45 112 13 26 115 36 76 120 101 109 101 61 66 79 75 13 97 113 94 38 4 75 25 80 107 52 62 10 32 40 39 45 3 95 94 10 80 26 7 20 96 126 113
126 4 124 61 31 88 57 71 26 25 39 28 72 81 6 105 20 79 66 95 9 61 95 7 95 113 3 28 11 116 100 99 126 50 18 100 110 30 107 25 108 5 28 16 122 19 41 109 46 73 69 124 111 95 1 73 36 90 104 18 114 40 15 124
114 83 59 56 99 63 4 17 71 12 104 73 35 18 30 127 99 92 108 22 31 112 122 10 65 95 121 4 120 94 12 85 63 34 82 28 22 82 79 94 15 25 2 121 123 22 56 8 50 87 32 77 91 23 106 49 51 70 37 43 88 125 55 65
44 51 0 86 110 115 103 81 63 110 7 97 42 7 28 12 0 28 49 36 0 107 68 116 47 54 113 65 110 123 62 21 93 10 28 105 2 44 76 119 2 73 67 13 124 86 80 64 56 14 59 53 116 1 81 63 102 85 27 93 76 119 66 2
108 52 25 3 15 91 71 53 103 15 30 86 1 72 90 44 53 58 58 21 107 33 72 96 127 101 125 55 33 98 121 110 25 70 44 111 108 90 75 80 20 42 85 89 38 12 105 41 44 86 50 93 118 16 90 83 62 6 54 3 112 30 93 94
55 3 81 83 39 103 116 111 46 49 22 50 37 8 60 79 20 8 115 24 112 35 110 42 77 80 27 63 44 104 55 47 7 13 14 127 38 24 62 58 74 28 2 38 21 100 126 40 19 18 12 90 18 79 65 64 2 23 107 37 1 55 79 92
