28 0 0 0 0 0 0 0 0 0 0 0 0 0 0 0 0 0 0 0 0 0 0 0 0 0 0 0 0 0 0 0
-107 23 0 0 0 0 0 0 0 0 0 0 0 0 0 0 0 0 0 0 0 0 0 0 0 0 0 0 0 0 0 0
80 -114 48 0 0 0 0 0 0 0 0 0 0 0 0 0 0 0 0 0 0 0 0 0 0 0 0 0 0 0 0 0
-35 17 89 67 0 0 0 0 0 0 0 0 0 0 0 0 0 0 0 0 0 0 0 0 0 0 0 0 0 0 0 0
125 100 0 -37 42 0 0 0 0 0 0 0 0 0 0 0 0 0 0 0 0 0 0 0 0 0 0 0 0 0 0 0
11 -58 -90 83 104 88 0 0 0 0 0 0 0 0 0 0 0 0 0 0 0 0 0 0 0 0 0 0 0 0 0 0
14 -127 102 -27 -117 -68 -21 0 0 0 0 0 0 0 0 0 0 0 0 0 0 0 0 0 0 0 0 0 0 0 0 0
90 38 25 -61 112 48 -4 40 0 0 0 0 0 0 0 0 0 0 0 0 0 0 0 0 0 0 0 0 0 0 0 0
27 48 104 -86 -80 -66 5 -105 6 0 0 0 0 0 0 0 0 0 0 0 0 0 0 0 0 0 0 0 0 0 0 0
-85 39 43 79 52 76 -7 -59 95 -108 0 0 0 0 0 0 0 0 0 0 0 0 0 0 0 0 0 0 0 0 0 0
-41 51 83 91 -17 24 100 -80 -64 -17 11 0 0 0 0 0 0 0 0 0 0 0 0 0 0 0 0 0 0 0 0 0
-75 57 -18 -103 -28 -81 53 33 -118 122 -4 -32 0 0 0 0 0 0 0 0 0 0 0 0 0 0 0 0 0 0 0 0
30 -41 -37 91 -90 96 -16 107 -92 105 -114 29 -4 0 0 0 0 0 0 0 0 0 0 0 0 0 0 0 0 0 0 0
-18 -103 102 120 82 -43 1 33 56 33 -92 -78 47 27 0 0 0 0 0 0 0 0 0 0 0 0 0 0 0 0 0 0
25 -122 85 76 86 109 24 -71 -85 -65 31 29 26 -98 -107 0 0 0 0 0 0 0 0 0 0 0 0 0 0 0 0 0
62 -97 34 -68 -39 -25 -28 -104 53 -37 -47 21 78 -56 -13 108 0 0 0 0 0 0 0 0 0 0 0 0 0 0 0 0
-112 97 -107 63 -69 -74 121 -65 124 118 -99 -120 -101 -124 -59 -38 112 0 0 0 0 0 0 0 0 0 0 0 0 0 0 0
37 -75 119 91 -50 85 57 -2 -79 -68 16 0 59 91 -84 7 84 -14 0 0 0 0 0 0 0 0 0 0 0 0 0 0
106 -18 -88 60 -47 48 28 -108 27 -13 83 -77 57 45 -56 -72 -1 -90 -115 0 0 0 0 0 0 0 0 0 0 0 0 0
-55 -115 -90 -28 102 -95 -105 112 -15 54 27 50 -16 101 -101 120 -86 -112 -45 -42 0 0 0 0 0 0 0 0 0 0 0 0
18 -50 44 15 127 -21 -97 -2 -70 -79 -15 9 -17 75 5 -76 -27 127 55 -101 -93 0 0 0 0 0 0 0 0 0 0 0
40 50 127 -81 -121 -108 80 114 -44 -108 106 -124 119 -62 90 93 18 62 100 -50 89 -81 0 0 0 0 0 0 0 0 0 0
-110 65 -98 -119 -25 -50 88 5 106 -115 34 7 -40 39 14 -24 -32 -37 -32 -14 -27 -24 86 0 0 0 0 0 0 0 0 0
-119 -70 59 -2 103 64 50 111 80 90 -81 5 -99 23 -63 -75 -1 60 -42 0 109 -72 102 28 0 0 0 0 0 0 0 0
-66 68 118 -113 -62 -80 -37 -63 -59 -121 21 -84 82 -80 48 71 32 -73 -11 -112 -102 13 -23 -12 21 0 0 0 0 0 0 0
79 -66 -89 -68 -14 -123 -61 118 -26 -83 -77 -92 -23 60 93 83 90 -22 -127 -58 -62 -62 46 4 87 110 0 0 0 0 0 0
-121 -62 38 -104 -40 1 -35 93 -75 67 -122 -63 65 32 103 -115 42 -57 -32 -38 2 -123 12 127 100 93 18 0 0 0 0 0
86 93 -53 -102 -3 -101 -117 -31 83 90 -27 92 -119 4 26 43 -125 -125 116 92 28 -58 -46 -106 82 -80 -113 31 0 0 0 0
-105 113 -75 -83 -7 -10 118 -73 42 36 -36 -84 123 -46 -60 114 -71 -126 -37 -121 48 -75 -18 3 -111 33 120 59 60 0 0 0
-88 13 78 37 -41 -104 -94 -60 -126 84 96 -51 -97 126 -83 -38 53 57 -112 -125 72 -89 58 43 91 -121 -107 -111 -125 -3 0 0
102 68 -47 42 -105 74 -89 103 -106 -63 -34 71 76 43 69 -6 4 -114 75 -34 28 -48 40 -55 4 -10 -21 80 -17 -118 -18 0
-122 0 36 4 45 -31 -61 -4 -67 24 95 -22 -9 -84 -51 49 47 113 52 -74 -26 63 -61 -86 60 -72 -47 -60 -49 36 79 -91
-48 16 -24 -77 121 -84 8 69 -107 41 -88 44 5 92 28 -80 -89 67 -119 -7 81 6 -47 109 -17 59 93 80 0 118 -58 -8
73 63 -68 58 107 14 -37 -52 -125 -34 5 -19 -112 50 44 -126 127 -26 24 -98 -92 -16 -83 31 10 -24 -20 59 -58 -91 57 -48
-88 -69 -86 -28 13 -127 -108 33 110 38 47 -49 -54 118 -43 126 -27 -46 2 92 -13 -120 45 -57 10 114 -51 22 -39 -13 -90 -59
-62 14 -9 -64 -116 50 -24 -4 -68 48 77 -13 -78 -62 22 -70 82 -71 -1 -21 -118 -83 40 -42 5 49 71 76 -120 9 -121 -32
68 -96 -25 9 54 -53 -27 111 -115 86 -118 42 48 4 40 -22 -49 60 -71 81 -89 -55 -124 86 -91 -72 86 85 -120 122 120 -78
19 114 -83 -4 12 -50 -125 -122 33 -125 -35 79 83 -7 -77 -122 18 84 63 -94 81 -10 77 -59 22 -44 71 -34 53 79 49 3
-77 29 -85 -119 117 -9 127 -65 -43 7 90 83 -11 40 -115 -76 -16 47 -120 5 87 61 21 -80 125 -112 -80 98 -2 126 -102 -86
14 -49 -12 -71 -98 124 -87 -1 108 -77 -11 90 -45 -104 50 101 -6 -110 81 113 87 -70 75 40 35 109 -37 124 -1 -15 -27 12
38 2 58 51 36 -44 -5 15 77 64 -92 -12 82 70 90 35 3 39 -47 -98 31 -9 126 -44 101 54 -105 -8 -10 -96 21 -33
-80 -96 72 46 -110 120 38 -28 -62 -23 62 -57 -76 96 109 47 -104 32 122 -26 -118 -116 -42 52 -118 123 -41 -112 60 54 -79 -28
-96 -41 86 -1 52 58 14 -68 81 -53 71 101 -28 -8 78 -45 106 -40 35 -120 109 99 21 90 109 -99 -46 -17 -106 125 -80 -115
77 102 -80 66 -19 -22 44 82 -127 37 -117 -52 6 -103 11 47 -51 53 -111 -109 -15 87 58 -34 -22 29 -80 -74 81 101 -68 -16
89 85 67 -67 124 -9 117 121 -56 124 44 -120 37 -109 11 27 3 123 124 -88 14 -83 -18 -66 62 -52 -93 98 112 110 -56 -118
-102 -83 -15 122 12 77 70 -65 -112 96 121 9 55 114 -110 -84 125 1 -102 -89 74 48 -40 -98 -43 -37 -88 -53 81 -18 71 -80
46 -44 -48 40 -71 -50 87 101 -52 65 -101 -123 -70 96 4 -48 -114 14 -38 86 122 66 86 117 -6 80 108 -109 48 118 -116 116
-10 -59 -22 -89 -31 -74 56 -103 -27 -68 112 0 -65 20 6 2 87 109 -42 24 -107 67 44 -47 -100 21 6 90 -81 -95 62 81
-92 48 -14 -36 112 125 -12 -110 92 121 -63 2 -22 99 -19 53 99 43 -99 80 113 100 -62 23 -5 -9 -66 -61 -95 -63 -13 -12
-90 -14 35 -53 -8 -83 57 16 27 58 33 -11 -72 37 36 -7 20 -6 101 -54 -82 -93 -8 -122 -122 -60 -21 10 -87 26 67 -53
-19 117 -91 32 74 84 -50 58 -66 -100 75 105 -47 -49 87 -63 -36 39 -84 -55 -78 -52 -114 2 -107 66 45 -101 -8 43 90 91
-7 97 -107 112 47 43 -53 -47 -37 -44 82 -95 -122 -23 -25 -57 -50 -78 -29 67 127 112 113 67 47 -55 21 104 65 -21 85 -28
-112 -48 -102 -18 -114 110 -69 -6 12 99 96 -48 -40 116 0 -100 76 73 20 -56 68 3 -123 110 13 -20 -54 -9 -109 34 13 77
-68 86 -51 92 -34 27 -81 2 74 -35 -112 -72 52 66 90 55 65 25 94 -23 114 -26 -2 72 -118 47 30 -92 -8 -64 -47 -52
113 79 84 84 -45 10 -5 64 -113 61 -96 28 -105 -112 30 -2 115 -123 -61 24 36 -15 76 127 -18 24 -78 -101 123 -93 -27 -27
-7 -79 -104 -115 51 -21 26 -45 46 103 23 56 -30 -111 -51 81 -25 57 -22 -38 4 -11 -21 83 -56 69 -67 -50 -57 3 -15 -62
-57 -50 100 -113 -108 5 -59 91 31 -25 -23 37 -104 -17 80 58 -24 105 114 -106 -124 -14 -101 -94 74 -90 -6 110 85 20 105 -99
60 82 -62 -47 -33 -62 -73 -31 8 110 -7 37 -87 -12 -127 38 93 -94 -91 92 -11 -22 78 72 -71 -66 -60 124 -110 26 -78 88
12 50 64 -89 82 14 99 101 84 103 -55 35 71 -76 -115 -87 72 9 -26 14 -57 -28 100 89 -96 -11 -127 76 -40 -42 -125 -33
-90 -45 -101 56 113 -12 54 -81 -108 -98 -120 -26 -34 20 83 120 -80 83 -102 -1 -91 73 110 -49 68 -127 123 -111 44 104 9 51
-43 40 -80 -8 41 -110 -105 78 119 24 109 60 -47 17 -30 109 20 31 30 -100 86 -120 -42 -115 -32 -103 -111 -8 -112 95 -71 17
-79 -85 66 -106 -103 -9 70 -30 6 19 36 -120 -56 -45 -86 -93 -46 -49 36 121 -23 -59 103 26 -63 -35 74 121 19 -119 89 -102
-15 38 116 -13 -5 -76 -28 59 -56 78 45 -94 -90 -9 -84 -17 34 49 -72 -20 58 -51 48 -51 117 16 -54 99 9 -57 121 117
-21 123 -81 53 112 120 68 -87 32 13 -47 37 -6 61 -94 -60 -99 117 27 -75 33 98 125 -88 13 12 119 85 119 -44 31 53
0 -92 50 -56 117 -89 -1 -107 100 -107 23 -110 -6 -19 -47 123 -80 70 86 6 -60 33 -50 36 51 -88 -57 105 -2 7 -83 82
0 0 19 109 -121 -43 74 49 -110 108 40 -71 -108 -74 -2 -20 127 -71 -4 -97 -54 54 -25 -106 -119 -48 -21 -82 -42 118 106 96
0 0 0 -122 -63 -62 27 -20 -76 -89 -124 92 62 -13 -122 112 -63 16 -53 -111 -1 -62 -94 0 -20 47 13 -36 -81 -64 -112 13
0 0 0 0 25 -20 94 -109 -111 -49 -113 57 -101 54 62 -114 -74 -61 -23 -106 81 87 -104 -100 82 -111 78 90 58 -49 -96 111
0 0 0 0 0 31 -108 -51 -105 7 1 -75 30 -126 20 81 4 34 46 13 4 -114 -109 38 -78 23 124 -77 -97 -110 38 -48
0 0 0 0 0 0 -119 52 -66 -13 -10 -62 -90 -40 -31 -42 80 -42 83 -38 -41 81 24 68 -100 2 60 123 -52 -12 -71 21
0 0 0 0 0 0 0 84 85 87 -78 104 -64 48 -44 80 111 -88 115 17 -33 76 72 57 -104 28 121 127 -113 117 39 -45
0 0 0 0 0 0 0 0 74 -91 29 51 -89 -120 -76 -82 -89 52 -89 55 5 -56 91 -82 -78 -44 -11 -17 87 -14 -6 -65
0 0 0 0 0 0 0 0 0 37 -56 -90 -85 68 86 88 56 86 -105 52 103 -39 -85 127 59 -71 39 109 -34 79 -80 57
0 0 0 0 0 0 0 0 0 0 27 -101 -3 -29 -93 -103 -56 31 -72 -23 -96 100 18 59 22 34 101 -36 -14 26 90 32
0 0 0 0 0 0 0 0 0 0 0 -115 47 101 -24 -77 66 -100 -40 -21 35 -4 34 124 -82 96 -117 61 54 103 51 -98
0 0 0 0 0 0 0 0 0 0 0 0 -87 -5 -44 -12 -81 115 85 -121 -1 -61 -20 -101 55 72 121 -97 -24 39 66 -81
0 0 0 0 0 0 0 0 0 0 0 0 0 0 99 33 -77 -92 73 16 90 111 -94 73 -121 -75 -3 125 11 -89 17 -67
0 0 0 0 0 0 0 0 0 0 0 0 0 0 -62 6 -99 -22 -64 73 124 -51 -115 -95 -101 3 -78 35 113 -8 55 19
0 0 0 0 0 0 0 0 0 0 0 0 0 0 0 114 60 -14 -16 -33 77 -10 54 -2 -82 -18 47 -56 -89 27 118 -32
0 0 0 0 0 0 0 0 0 0 0 0 0 0 0 0 -43 -83 -49 69 89 70 16 8 56 -47 52 97 91 92 -64 -72
0 0 0 0 0 0 0 0 0 0 0 0 0 0 0 0 0 97 44 -105 116 -23 -34 -93 55 66 45 -31 -126 79 -77 -126
0 0 0 0 0 0 0 0 0 0 0 0 0 0 0 0 0 0 -104 -45 -22 41 -115 79 17 69 78 19 63 106 45 -124
0 0 0 0 0 0 0 0 0 0 0 0 0 0 0 0 0 0 0 117 125 3 -56 18 51 73 44 -72 94 -54 -48 13
0 0 0 0 0 0 0 0 0 0 0 0 0 0 0 0 0 0 0 0 -84 18 -27 11 21 53 121 13 102 -41 63 25
0 0 0 0 0 0 0 0 0 0 0 0 0 0 0 0 0 0 0 0 0 -22 -8 120 -48 -16 -113 -29 -35 105 -113 -111
0 0 0 0 0 0 0 0 0 0 0 0 0 0 0 0 0 0 0 0 0 0 -30 -63 93 103 -63 50 -76 -108 -100 -5
0 0 0 0 0 0 0 0 0 0 0 0 0 0 0 0 0 0 0 0 0 0 0 -68 -103 45 111 100 71 93 -50 -64
0 0 0 0 0 0 0 0 0 0 0 0 0 0 0 0 0 0 0 0 0 0 0 0 -119 -101 -120 88 114 -6 103 32
0 0 0 0 0 0 0 0 0 0 0 0 0 0 0 0 0 0 0 0 0 0 0 0 0 2 7 -42 125 -120 -53 82
0 0 0 0 0 0 0 0 0 0 0 0 0 0 0 0 0 0 0 0 0 0 0 0 0 0 119 44 -11 85 116 -24
0 0 0 0 0 0 0 0 0 0 0 0 0 0 0 0 0 0 0 0 0 0 0 0 0 0 0 -72 -22 -99 52 -80
0 0 0 0 0 0 0 0 0 0 0 0 0 0 0 0 0 0 0 0 0 0 0 0 0 0 0 0 30 29 -126 23
0 0 0 0 0 0 0 0 0 0 0 0 0 0 0 0 0 0 0 0 0 0 0 0 0 0 0 0 0 -106 95 105
0 0 0 0 0 0 0 0 0 0 0 0 0 0 0 0 0 0 0 0 0 0 0 0 0 0 0 0 0 0 110 -84
0 0 0 0 0 0 0 0 0 0 0 0 0 0 0 0 0 0 0 0 0 0 0 0 0 0 0 0 0 0 0 75
0 0 0 0 0 0 0 0 0 0 0 0 0 0 0 0 0 0 0 0 0 0 0 0 0 0 0 0 0 0 0 0
