-99 0 0 0 0 0 0 0 0 0 0 0 0 0 0 0 0 0 0 0 0 0 0 0 0 0 0 0 0 0 0 0
-96 -125 0 0 0 0 0 0 0 0 0 0 0 0 0 0 0 0 0 0 0 0 0 0 0 0 0 0 0 0 0 0
-102 -113 -38 0 0 0 0 0 0 0 0 0 0 0 0 0 0 0 0 0 0 0 0 0 0 0 0 0 0 0 0 0
-31 61 101 -24 0 0 0 0 0 0 0 0 0 0 0 0 0 0 0 0 0 0 0 0 0 0 0 0 0 0 0 0
-27 92 37 13 -5 0 0 0 0 0 0 0 0 0 0 0 0 0 0 0 0 0 0 0 0 0 0 0 0 0 0 0
18 -77 -119 23 -123 58 0 0 0 0 0 0 0 0 0 0 0 0 0 0 0 0 0 0 0 0 0 0 0 0 0 0
-37 43 -54 -116 93 75 122 0 0 0 0 0 0 0 0 0 0 0 0 0 0 0 0 0 0 0 0 0 0 0 0 0
-77 -40 35 43 -59 -43 -54 127 0 0 0 0 0 0 0 0 0 0 0 0 0 0 0 0 0 0 0 0 0 0 0 0
-73 -85 35 126 -7 54 112 -76 -52 0 0 0 0 0 0 0 0 0 0 0 0 0 0 0 0 0 0 0 0 0 0 0
-76 85 -30 46 -65 15 116 109 -51 2 0 0 0 0 0 0 0 0 0 0 0 0 0 0 0 0 0 0 0 0 0 0
-36 -109 -72 55 42 -7 38 54 109 41 75 0 0 0 0 0 0 0 0 0 0 0 0 0 0 0 0 0 0 0 0 0
49 -15 -19 68 88 118 119 15 -100 113 53 -20 0 0 0 0 0 0 0 0 0 0 0 0 0 0 0 0 0 0 0 0
-35 -92 103 -84 -33 49 39 98 -123 -72 91 -18 28 0 0 0 0 0 0 0 0 0 0 0 0 0 0 0 0 0 0 0
77 -109 -6 -50 -121 -84 -4 -38 -23 93 -29 103 50 -46 0 0 0 0 0 0 0 0 0 0 0 0 0 0 0 0 0 0
123 113 0 -20 -43 121 31 90 -79 78 -45 69 40 15 -51 0 0 0 0 0 0 0 0 0 0 0 0 0 0 0 0 0
-29 71 -41 -31 -118 -98 44 58 -48 62 -124 54 98 77 -22 101 0 0 0 0 0 0 0 0 0 0 0 0 0 0 0 0
-4 -105 -47 73 65 -33 85 -11 -41 57 -90 -35 -77 -18 23 120 86 0 0 0 0 0 0 0 0 0 0 0 0 0 0 0
127 -42 81 -89 -47 109 -122 -79 -60 118 -17 23 41 -118 98 -5 -1 76 0 0 0 0 0 0 0 0 0 0 0 0 0 0
57 51 18 1 -92 125 3 -71 -119 123 53 77 22 127 12 -51 16 -121 -126 0 0 0 0 0 0 0 0 0 0 0 0 0
70 -33 -93 -16 -49 40 -62 42 1 17 -94 -44 15 4 45 118 -25 94 -88 -1 0 0 0 0 0 0 0 0 0 0 0 0
-124 114 12 -46 46 -96 45 -109 -107 -57 -59 66 79 -101 49 50 -124 -22 61 28 101 0 0 0 0 0 0 0 0 0 0 0
-20 10 102 -22 5 32 124 4 83 99 58 -70 -59 23 68 -69 79 -33 -19 127 32 7 0 0 0 0 0 0 0 0 0 0
99 89 103 -83 5 14 -101 -119 102 120 105 91 57 -73 28 80 73 -100 18 -16 -60 -29 -102 0 0 0 0 0 0 0 0 0
-57 60 -88 -40 -70 -20 92 92 -113 25 7 -88 -107 -66 -118 -112 64 -60 42 -48 -70 -24 127 90 0 0 0 0 0 0 0 0
-3 -11 58 77 -111 51 50 30 -110 28 69 -10 -61 -36 95 96 37 94 71 -48 104 -50 -48 15 -40 0 0 0 0 0 0 0
-64 23 56 12 -60 -76 -2 -86 -124 123 24 30 63 25 -1 -76 -86 21 108 87 -52 -92 -53 31 112 76 0 0 0 0 0 0
-34 10 -37 10 88 -82 6 34 -26 39 39 60 76 -86 -1 -48 61 -87 79 30 2 -12 -103 -86 -75 100 -112 0 0 0 0 0
-2 -70 -49 110 -22 -59 -50 83 -84 -4 84 49 125 68 -86 109 -72 -88 77 17 36 -79 -59 87 38 -22 -43 23 0 0 0 0
1 -125 109 42 -58 -12 -44 13 -59 -113 12 64 93 35 88 -69 102 110 38 103 114 67 88 -30 76 -60 25 70 40 0 0 0
112 -103 120 27 -5 38 34 -25 27 96 -50 -25 25 -46 86 -99 -108 109 87 43 69 -91 86 104 106 -30 53 -84 -63 126 0 0
107 49 -85 -64 26 48 2 -61 -89 -122 74 -58 18 28 44 -101 73 -55 -73 -12 -65 -6 -51 -15 119 -127 36 -95 12 4 60 0
-82 21 3 102 -99 0 -84 86 72 -115 -111 9 50 66 76 -56 83 68 -111 84 20 19 10 19 -42 -2 39 -27 -57 -38 -117 -55
-11 -97 -62 74 -44 -12 -121 -46 -44 -97 -87 36 91 -27 -54 66 -74 -19 -77 -101 52 102 100 -118 30 -14 95 -32 67 -72 -27 -20
27 97 114 54 5 67 -117 42 -41 -39 -53 -71 104 77 114 79 107 95 -52 24 47 44 54 -78 -26 -83 121 111 90 -119 -23 112
123 1 121 121 27 110 63 -31 -81 97 -49 109 53 113 83 32 94 78 126 20 -114 -126 -19 -103 33 91 18 114 31 -111 -67 72
115 1 -41 -55 -35 38 90 -77 -26 -75 -112 124 -57 109 -29 -107 67 -20 22 34 -63 -59 -65 -30 28 13 60 78 119 -17 -16 -75
-79 54 -11 -54 121 112 -38 61 2 58 59 -74 -15 109 -116 -47 -104 -125 -6 31 -57 85 18 -66 85 -123 -50 0 -66 -4 40 123
-45 -102 79 -12 42 127 -119 58 85 82 75 -90 -26 -35 -62 -115 105 102 86 -111 -105 36 49 42 -28 56 -8 120 51 36 -79 -80
-99 -63 33 16 109 52 -37 -113 -66 109 -2 27 69 35 -56 -58 -8 -126 -124 -42 68 -80 18 -19 -71 -109 55 -107 -31 21 -28 -52
-5 -74 -59 -27 -113 94 25 88 -34 123 -38 108 97 87 -30 37 -87 74 121 24 -54 -57 20 124 1 83 -111 -16 -110 62 8 84
-99 101 -38 0 48 121 -23 54 77 26 -26 102 125 -107 92 28 -79 63 -31 -51 59 -77 -66 -3 -90 -118 -116 -59 87 47 93 65
58 -3 -46 -43 -77 -49 98 111 -3 -38 10 46 127 64 -89 98 -126 -76 32 -71 52 99 -61 -87 38 59 -81 82 39 70 70 -85
-14 127 -14 16 -111 -106 -126 -117 -125 -61 -99 -99 89 108 74 95 -75 -34 -95 -108 -88 -62 -125 125 95 -73 127 -5 -111 82 -13 -71
-81 76 -108 78 4 -48 88 105 65 -82 -122 51 118 11 -102 -59 -26 15 13 -106 57 -10 -76 -60 -52 115 -60 9 -69 -98 -11 -11
-85 2 -99 -70 25 12 60 -21 -1 -49 -73 -3 -79 -48 72 -56 -119 -82 96 41 -14 98 -48 -36 121 -35 124 79 123 -32 -40 118
-71 60 -32 3 -16 15 -99 31 -19 71 90 -53 -70 43 -92 -120 -123 -126 -62 26 80 111 50 0 43 -27 48 123 -40 73 62 75
83 -17 58 82 90 89 6 7 115 -12 32 -13 88 -58 92 -44 -31 126 34 -37 -80 -69 5 80 45 123 40 17 119 89 110 -25
16 -31 -55 -79 -51 57 -71 -8 -114 -55 -27 4 -60 86 -75 92 -19 -11 -113 60 36 -33 -59 103 25 -93 90 48 -121 103 -127 72
-122 77 -17 -13 -86 -18 125 102 42 119 95 53 -108 -85 64 -62 -56 -10 71 -5 102 75 19 -9 -110 12 -125 -106 -74 -115 -9 7
102 -102 -89 -112 -108 76 -59 -98 77 29 -116 78 -28 114 -59 108 -70 87 -91 -64 16 61 -17 9 -36 38 71 -8 -17 -93 -8 34
-51 3 39 33 -105 104 113 -70 9 68 -49 -29 -79 36 -11 99 -83 122 93 -42 102 -127 31 -46 -64 53 -10 -89 -123 -21 95 -62
-126 -87 127 12 26 7 -103 100 -22 26 -9 -35 5 -27 -60 36 13 26 -46 5 -57 -107 16 -118 -5 -35 103 -11 17 90 55 -72
119 24 2 106 -29 48 -102 -109 66 -84 2 78 -124 -47 -126 -92 -96 10 -51 -41 -86 23 72 37 -14 65 54 -83 -91 -83 -117 -61
33 -84 87 -91 -8 14 65 -32 -123 -117 -54 -66 -31 -46 122 116 52 -100 -53 65 -126 7 41 -13 -125 -52 63 -3 20 94 11 -2
114 39 -28 -62 45 59 -106 113 -116 -53 -25 -72 -125 -36 114 -22 48 53 -51 82 -104 76 -86 104 118 52 36 -29 122 -104 115 -58
3 -103 -34 -100 38 80 -58 -77 38 -56 79 -30 43 46 -76 57 -96 110 82 -127 98 127 22 36 -35 63 -81 118 -93 51 61 95
104 -4 2 46 45 -97 48 119 23 2 5 0 90 -1 -60 -91 49 -54 14 50 60 -25 74 -91 -23 -48 -43 -33 -43 31 -89 -37
82 114 -75 -7 37 -111 -13 -104 48 48 -15 -22 -56 18 89 -103 -120 44 43 -69 80 -72 -87 -93 20 -101 -26 64 -115 -79 28 -124
-110 -99 87 84 32 -13 -1 104 -29 64 71 6 92 83 -43 34 51 -84 103 -47 -31 41 -93 106 -104 -25 -70 28 120 -8 111 -25
-112 -55 23 0 31 -102 92 -5 -102 22 113 -24 -82 -11 87 -28 101 13 -30 80 -59 -29 18 -16 50 -100 -104 -82 48 -108 80 -58
97 99 33 117 50 -59 70 60 40 -99 -28 19 50 -78 69 27 -24 -98 103 108 -53 -83 58 -106 -98 87 100 -16 -62 38 -120 -73
-104 -73 122 32 -114 -51 88 41 -97 122 67 11 -61 -39 38 49 -88 52 -57 -84 5 -114 -22 -25 -62 -74 71 80 84 -103 31 -70
49 -19 -127 -112 61 -49 60 -24 121 -117 116 122 119 82 13 -22 -102 96 -82 127 35 -10 3 9 58 -107 -92 -69 104 -63 -55 -114
28 112 63 -27 40 54 49 123 118 -61 -41 3 -50 -70 -25 85 88 5 -102 -84 70 -73 -59 115 49 111 -28 121 -89 -112 65 -11
0 120 103 118 70 126 -111 -95 96 33 97 -7 -52 -103 46 -55 105 18 -106 -101 -106 -10 87 31 -14 33 51 0 55 -125 -69 81
0 0 66 -28 -37 -83 -116 -109 25 114 72 -127 2 103 -80 -99 -12 10 27 79 62 53 -73 9 -83 -66 100 84 -84 89 76 81
0 0 0 -5 94 -103 98 -93 91 -107 -113 88 -77 104 76 -63 35 76 117 41 -115 -45 59 -61 2 9 -22 -28 -126 -25 -48 -121
0 0 0 0 8 -41 59 47 113 -58 17 -92 50 -123 -23 66 53 112 5 55 -56 28 0 94 13 61 106 -64 18 115 -81 -70
0 0 0 0 0 29 19 -96 79 -107 99 -105 113 84 -115 -101 120 -61 118 -61 123 92 33 50 -14 -125 118 -96 -26 -119 -87 -89
0 0 0 0 0 0 11 12 -12 109 50 -8 -71 -65 124 19 99 -82 118 15 11 -119 -54 -21 42 107 -102 -87 -95 45 -66 83
0 0 0 0 0 0 0 101 -113 -46 -102 43 -27 107 -59 -112 12 -126 86 -38 -68 -7 -49 -111 -105 29 127 -71 44 -2 -22 57
0 0 0 0 0 0 0 0 -110 31 -18 -7 100 -94 81 86 114 -80 -25 87 18 -33 -34 -76 119 -31 39 -3 -2 -64 -61 82
0 0 0 0 0 0 0 0 0 55 43 18 14 112 -44 58 80 -12 25 -27 30 9 -86 68 2 62 107 60 -4 24 -97 -98
0 0 0 0 0 0 0 0 0 0 126 -27 -91 122 -111 25 14 41 -52 -71 -107 -59 -90 105 69 25 29 -110 41 -98 -75 108
0 0 0 0 0 0 0 0 0 0 0 -78 37 -102 54 -96 68 -35 -54 77 -13 -70 9 -41 -85 1 -115 58 114 -95 -120 70
0 0 0 0 0 0 0 0 0 0 0 0 14 79 9 71 -87 -54 -108 -104 -19 -93 5 -43 21 80 -37 98 -58 -11 83 -30
0 0 0 0 0 0 0 0 0 0 0 0 0 -10 -99 124 -82 6 74 30 82 106 -52 52 -117 121 -54 -36 -77 78 -98 101
0 0 0 0 0 0 0 0 0 0 0 0 0 0 74 -14 99 127 88 -40 -109 -79 -89 -34 45 -59 -63 49 -65 58 22 -102
0 0 0 0 0 0 0 0 0 0 0 0 0 0 0 99 -21 -64 -6 -101 -43 53 18 -39 -123 -43 -29 21 64 -99 -94 118
0 0 0 0 0 0 0 0 0 0 0 0 0 0 0 0 9 26 -56 -97 20 -117 -25 -121 46 98 -35 -37 -101 32 82 -93
0 0 0 0 0 0 0 0 0 0 0 0 0 0 0 0 0 99 -20 20 88 25 -37 56 -124 96 -106 -108 113 -22 -64 -116
0 0 0 0 0 0 0 0 0 0 0 0 0 0 0 0 0 0 11 2 54 -69 -62 16 -51 -38 126 -25 127 66 -5 115
0 0 0 0 0 0 0 0 0 0 0 0 0 0 0 0 0 0 0 63 -44 -22 95 9 90 82 69 88 77 -67 88 70
0 0 0 0 0 0 0 0 0 0 0 0 0 0 0 0 0 0 0 0 -20 -113 -42 -99 -36 61 23 -68 -16 57 -90 31
0 0 0 0 0 0 0 0 0 0 0 0 0 0 0 0 0 0 0 0 0 76 116 83 -22 53 125 62 -73 -81 47 20
0 0 0 0 0 0 0 0 0 0 0 0 0 0 0 0 0 0 0 0 0 0 -61 4 30 96 -67 94 110 -112 44 54
0 0 0 0 0 0 0 0 0 0 0 0 0 0 0 0 0 0 0 0 0 0 0 53 86 -75 -111 38 -1 -95 99 9
0 0 0 0 0 0 0 0 0 0 0 0 0 0 0 0 0 0 0 0 0 0 0 0 39 -78 -36 14 -125 -15 103 90
0 0 0 0 0 0 0 0 0 0 0 0 0 0 0 0 0 0 0 0 0 0 0 0 0 -50 38 -29 104 84 -48 104
0 0 0 0 0 0 0 0 0 0 0 0 0 0 0 0 0 0 0 0 0 0 0 0 0 0 56 -105 107 36 70 -121
0 0 0 0 0 0 0 0 0 0 0 0 0 0 0 0 0 0 0 0 0 0 0 0 0 0 0 28 -69 63 58 -25
0 0 0 0 0 0 0 0 0 0 0 0 0 0 0 0 0 0 0 0 0 0 0 0 0 0 0 0 -53 -38 -117 112
0 0 0 0 0 0 0 0 0 0 0 0 0 0 0 0 0 0 0 0 0 0 0 0 0 0 0 0 0 -89 -13 -97
0 0 0 0 0 0 0 0 0 0 0 0 0 0 0 0 0 0 0 0 0 0 0 0 0 0 0 0 0 0 -103 -53
0 0 0 0 0 0 0 0 0 0 0 0 0 0 0 0 0 0 0 0 0 0 0 0 0 0 0 0 0 0 0 -107
0 0 0 0 0 0 0 0 0 0 0 0 0 0 0 0 0 0 0 0 0 0 0 0 0 0 0 0 0 0 0 0
