-60 0 0 0 0 0 0 0 0 0 0 0 0 0 0 0 0 0 0 0 0 0 0 0 0 0 0 0 0 0 0 0
37 -84 0 0 0 0 0 0 0 0 0 0 0 0 0 0 0 0 0 0 0 0 0 0 0 0 0 0 0 0 0 0
-19 -77 109 0 0 0 0 0 0 0 0 0 0 0 0 0 0 0 0 0 0 0 0 0 0 0 0 0 0 0 0 0
120 -88 -113 -67 0 0 0 0 0 0 0 0 0 0 0 0 0 0 0 0 0 0 0 0 0 0 0 0 0 0 0 0
37 -110 -122 -120 -5 0 0 0 0 0 0 0 0 0 0 0 0 0 0 0 0 0 0 0 0 0 0 0 0 0 0 0
75 102 -85 -90 -90 -35 0 0 0 0 0 0 0 0 0 0 0 0 0 0 0 0 0 0 0 0 0 0 0 0 0 0
21 -58 94 80 41 -14 68 0 0 0 0 0 0 0 0 0 0 0 0 0 0 0 0 0 0 0 0 0 0 0 0 0
-103 -68 1 -37 33 -28 -45 -54 0 0 0 0 0 0 0 0 0 0 0 0 0 0 0 0 0 0 0 0 0 0 0 0
50 -127 13 -10 39 -35 -101 -72 25 0 0 0 0 0 0 0 0 0 0 0 0 0 0 0 0 0 0 0 0 0 0 0
-101 -91 32 -127 70 63 -25 75 47 95 0 0 0 0 0 0 0 0 0 0 0 0 0 0 0 0 0 0 0 0 0 0
-92 86 -82 106 -63 77 79 -4 -59 90 -61 0 0 0 0 0 0 0 0 0 0 0 0 0 0 0 0 0 0 0 0 0
45 54 -54 42 106 111 86 -102 -118 -71 -25 -17 0 0 0 0 0 0 0 0 0 0 0 0 0 0 0 0 0 0 0 0
42 26 -74 -67 -113 3 -95 -72 -63 -55 -111 10 -126 0 0 0 0 0 0 0 0 0 0 0 0 0 0 0 0 0 0 0
0 77 22 -9 58 33 -79 -90 -97 -8 59 116 -26 121 0 0 0 0 0 0 0 0 0 0 0 0 0 0 0 0 0 0
100 7 -71 -9 -1 -97 -48 19 -103 86 -124 -97 -57 -50 -39 0 0 0 0 0 0 0 0 0 0 0 0 0 0 0 0 0
-59 -69 0 -47 -70 -111 91 11 -68 26 -91 29 28 91 49 49 0 0 0 0 0 0 0 0 0 0 0 0 0 0 0 0
-99 -60 36 -97 103 -65 109 -116 119 107 77 47 121 -68 -81 41 70 0 0 0 0 0 0 0 0 0 0 0 0 0 0 0
-40 -39 122 -125 125 88 120 -53 -82 20 29 -69 -37 -127 121 121 -45 -102 0 0 0 0 0 0 0 0 0 0 0 0 0 0
33 -117 33 -100 -70 48 67 28 30 31 102 50 92 -14 107 3 -49 -98 72 0 0 0 0 0 0 0 0 0 0 0 0 0
97 33 105 -28 53 88 -2 30 65 99 -96 -104 -126 33 116 -78 -10 -18 -123 -29 0 0 0 0 0 0 0 0 0 0 0 0
34 98 -99 -99 61 -12 55 110 116 44 -23 32 -3 -55 -27 78 -18 55 -115 -9 -101 0 0 0 0 0 0 0 0 0 0 0
-63 69 97 -59 111 93 -77 -71 -81 13 -28 102 105 64 56 -1 0 86 -114 11 95 -39 0 0 0 0 0 0 0 0 0 0
33 106 33 120 70 119 -6 53 17 78 -109 43 22 123 -10 17 -87 47 11 58 -4 71 18 0 0 0 0 0 0 0 0 0
-77 32 -55 -7 -59 31 -68 -38 -124 39 92 -121 37 -11 109 -48 60 30 -6 -54 89 -19 83 54 0 0 0 0 0 0 0 0
-40 -46 64 3 69 -8 -48 67 4 -49 -38 53 9 -62 -85 99 -34 -18 -71 -59 59 15 -38 -97 -127 0 0 0 0 0 0 0
-119 -56 26 -43 124 -90 -61 -97 65 113 -111 68 -21 83 17 -16 53 98 36 49 58 -66 -126 -42 52 61 0 0 0 0 0 0
-103 -119 -96 56 39 -13 98 -67 89 116 -114 -20 -73 80 109 40 -13 -67 -63 -67 -80 -92 -47 -104 -36 122 112 0 0 0 0 0
123 122 73 -71 100 0 90 -6 60 -16 -67 114 67 -83 -109 -74 38 -101 -82 -40 -111 -56 -96 36 78 -104 103 -25 0 0 0 0
-28 16 -59 -101 38 64 84 9 -102 -57 -82 118 91 -54 76 -47 -24 -43 -91 -43 -40 -79 49 98 -72 -64 93 88 3 0 0 0
-10 45 -76 55 -111 60 -120 -56 -22 1 24 -31 19 33 47 -127 -5 -42 61 -82 74 73 -52 47 -64 -17 112 -55 98 119 0 0
-59 -28 -111 -99 40 44 -42 81 -86 51 -124 63 77 46 22 106 -107 90 -46 9 -15 -48 86 60 -72 71 90 71 106 121 68 0
-127 -47 -79 -72 16 83 121 98 95 101 -112 -89 86 -76 49 48 56 83 6 -67 77 -93 7 76 20 -63 42 112 -28 -124 -105 -87
97 87 -98 73 98 -52 -46 -83 -109 37 -119 88 -74 109 10 -106 3 -105 -107 -21 -41 75 4 -124 17 50 -116 -80 -107 -14 -15 -80
-51 41 104 -55 52 -82 17 50 -120 -12 109 -103 114 90 61 88 -50 87 -110 -76 -79 -126 61 -48 91 -2 3 -59 74 13 -104 -82
55 78 107 3 -122 -126 -61 101 -11 80 84 -7 89 -50 33 23 -54 -15 -43 1 -46 -55 50 80 -48 -76 -39 -85 88 114 -119 27
95 -53 119 -13 -61 -39 96 69 -64 -33 18 56 97 97 -3 -95 -98 -87 57 105 -93 43 -78 114 16 85 119 92 -71 6 -47 11
-46 -8 81 -68 -19 71 19 -8 14 -37 -95 -3 -114 27 -126 3 72 60 95 -5 23 -64 52 -47 75 -5 26 89 -67 -78 -39 30
35 -12 51 55 -82 -38 100 80 50 -61 -39 -17 -5 -95 45 -109 98 -108 18 -51 14 68 117 -61 -33 -97 -126 -7 31 -113 68 65
-3 119 -48 -96 51 -74 80 35 85 117 -105 -115 18 -95 -118 -124 110 97 -112 -32 3 -84 -107 58 125 -116 -95 -22 100 75 -34 81
-36 60 74 -113 50 -21 -54 36 -113 -62 -5 103 -56 -3 -127 -48 -42 -108 114 21 -72 59 16 101 95 -15 -105 78 -20 19 -16 -77
-57 -98 -95 83 48 41 60 -16 97 104 -118 -42 -34 56 57 76 64 0 106 24 45 -75 -14 -31 43 -69 -84 -74 -48 -56 -6 84
-2 -22 -110 -124 -27 72 66 -120 -33 -44 67 16 43 114 -123 103 -122 -64 90 105 73 119 -121 -76 -51 95 108 32 -10 -117 43 -47
66 78 -74 -84 106 -57 -115 -103 -42 37 -51 -35 -91 -51 109 -116 -112 -87 62 96 106 13 120 -31 34 102 85 -127 -118 126 33 -2
107 106 -23 117 27 -125 46 -9 -12 -60 -105 33 -98 79 8 61 41 127 55 -60 88 93 2 -1 69 49 113 -102 3 -64 69 126
-21 7 -16 -66 99 -29 -37 35 -85 108 -53 -101 -123 -25 -51 -69 23 -125 -48 -123 91 -18 -58 71 90 -15 28 12 -87 -61 104 107
-51 18 -87 55 -93 -34 26 -76 45 60 61 72 -58 101 -46 -51 65 27 99 111 59 -36 -29 -111 -16 -41 92 83 -73 -6 -91 79
116 -1 -17 -88 -51 122 -52 -7 105 13 125 -62 9 90 -50 -53 -96 81 -74 -95 -90 -48 -3 -91 -4 -1 -46 -3 -41 -77 99 83
55 -26 44 -27 -125 104 -115 -93 103 99 10 -71 -86 -38 66 -37 43 109 -116 10 -7 41 -110 43 96 -39 -107 -66 72 -19 -26 -90
7 -109 97 65 -16 17 -23 35 -117 113 -100 -62 71 65 2 -19 -41 113 -81 -124 89 86 7 49 -48 -57 102 19 -97 79 96 39
30 26 -1 -57 115 -66 66 107 -85 -67 -13 -58 70 -111 36 -48 61 -114 -68 -18 -11 -51 -78 -50 -46 -69 -95 68 -39 116 52 13
-120 -99 79 77 12 -35 -16 79 -21 2 -84 -68 70 -56 50 121 -33 -51 -24 102 72 77 -112 56 107 -63 52 -97 -34 -81 -86 4
84 -96 26 -17 -99 -33 -40 113 -18 119 56 -7 18 55 100 -96 -52 -58 51 68 -88 43 -33 -87 108 53 -45 -31 55 -44 22 -116
119 25 84 83 120 61 32 -48 105 93 -6 -17 -60 97 -71 -103 22 9 117 -78 103 65 82 -3 -30 9 -65 54 112 -3 3 75
115 72 30 -64 26 -90 70 -10 25 27 -14 95 77 -103 89 -20 44 -73 36 85 -4 116 29 -8 -87 55 105 -16 61 -109 -116 -41
65 106 66 82 10 -91 3 79 20 119 119 -16 -48 0 48 -72 87 -68 115 105 -38 -109 -45 -54 36 -5 0 82 -39 8 21 -117
-107 72 121 6 -22 -115 91 -26 80 -9 87 35 52 106 -77 32 -97 126 47 57 127 -69 -127 47 92 26 126 101 50 32 3 -106
57 101 -52 93 -97 11 63 94 127 -104 -77 -36 -12 22 -3 54 -44 -27 97 -88 -115 92 19 -88 -74 -7 -118 -121 -67 -99 -90 122
-125 87 56 -5 89 118 93 -35 -13 80 23 -47 -81 45 -124 56 16 -14 -69 16 -121 -81 -90 -100 32 4 95 31 87 -42 -89 22
54 -76 123 -23 118 63 10 -111 35 53 66 112 -92 80 118 121 44 18 95 -4 127 46 -41 33 -56 -106 94 19 -31 88 81 -37
-7 43 -54 -111 -62 121 -107 108 26 -67 30 -33 -118 -61 107 -93 116 57 7 4 2 -104 23 -66 42 -114 -16 83 -125 29 127 87
-15 -67 -86 -3 60 59 -45 110 -107 120 54 -125 -36 54 1 56 -100 6 6 -83 118 -31 69 83 54 -67 -104 93 -33 -92 -123 -59
53 5 -28 81 60 -119 -121 -103 3 106 121 -120 123 -57 -23 -14 -90 -25 38 92 36 38 39 41 -82 -99 46 -16 66 95 -85 -51
-120 -109 -6 -77 -18 126 -14 -79 -71 -46 74 -105 -99 -6 94 41 27 11 -3 -102 -96 41 117 61 106 -42 -106 86 -84 -88 -119 15
-91 97 98 70 -30 -106 63 -92 -112 -96 -40 -105 56 -33 -85 43 49 117 67 -26 11 -20 94 63 107 -51 13 -63 -39 101 -90 -75
0 82 -77 89 63 9 -60 -63 73 17 -65 -17 3 52 -87 -121 122 17 -17 -113 9 90 74 -86 47 -21 47 125 -99 61 -72 -80
0 0 62 107 -33 -5 76 -109 -76 80 -44 -116 102 32 -80 30 -3 62 113 40 -127 76 -111 -14 105 -127 63 -52 -107 -80 -110 90
0 0 0 90 -43 -15 56 -126 -62 107 -92 122 -65 -118 20 -108 86 -79 71 56 97 7 15 88 18 7 3 96 -59 -127 -123 -58
0 0 0 0 113 88 -87 59 102 39 90 -80 -41 -51 27 74 109 21 -7 100 108 84 -127 -107 -36 -60 -113 101 -110 -27 -5 122
0 0 0 0 0 -10 -103 -47 -65 -123 -55 122 -77 -30 -36 -116 -99 -126 76 -55 93 45 14 -79 -76 99 -1 -68 -42 17 31 19
0 0 0 0 0 0 80 47 47 -17 62 124 -52 -31 -53 -127 -121 -23 -40 -117 117 -104 30 -28 -32 35 -97 73 -88 -66 98 -36
0 0 0 0 0 0 0 72 55 94 -39 69 19 14 -9 -94 51 17 -76 -97 -126 -87 116 44 69 73 106 77 7 83 -64 39
0 0 0 0 0 0 0 0 88 64 -25 59 52 16 -39 -33 33 -58 65 -13 27 50 -22 39 110 87 29 -31 118 -14 107 17
0 0 0 0 0 0 0 0 0 77 121 -74 -77 -42 -74 -56 -58 -102 8 64 46 2 41 -51 -60 74 -19 -102 -77 35 -120 37
0 0 0 0 0 0 0 0 0 0 29 107 55 50 5 25 107 -54 -62 68 122 34 121 66 79 0 -73 124 -41 -45 16 -64
0 0 0 0 0 0 0 0 0 0 0 32 -45 -33 125 59 -16 -60 -48 -3 5 -14 -27 -50 98 54 -35 19 -8 45 -73 79
0 0 0 0 0 0 0 0 0 0 0 0 88 -35 19 4 -60 -110 28 -60 -65 89 -102 -44 -124 3 -1 -84 29 -49 107 87
0 0 0 0 0 0 0 0 0 0 0 0 0 -48 -11 -66 -24 125 23 71 118 -41 -42 -113 -67 113 -48 69 5 -126 6 -35
0 0 0 0 0 0 0 0 0 0 0 0 0 0 -117 10 -29 -5 -119 -11 10 22 -87 92 115 -3 13 51 93 -73 36 33
0 0 0 0 0 0 0 0 0 0 0 0 0 0 0 96 -72 -35 -80 -35 -43 -13 -51 86 -89 124 72 100 68 99 93 19
0 0 0 0 0 0 0 0 0 0 0 0 0 0 0 0 6 -116 59 -96 22 11 -71 80 58 -105 -95 -57 35 -41 -37 126
0 0 0 0 0 0 0 0 0 0 0 0 0 0 0 0 0 -5 33 -63 -8 27 -89 122 -12 -30 -60 -66 -58 108 121 27
0 0 0 0 0 0 0 0 0 0 0 0 0 0 0 0 0 0 -93 -8 -60 51 10 -23 100 126 -4 52 101 11 118 114
0 0 0 0 0 0 0 0 0 0 0 0 0 0 0 0 0 0 0 -95 -57 -100 52 80 -60 -62 93 -49 -124 -81 -20 0
0 0 0 0 0 0 0 0 0 0 0 0 0 0 0 0 0 0 0 0 -110 -111 -110 -29 106 -103 -38 -122 -118 -2 -33 82
0 0 0 0 0 0 0 0 0 0 0 0 0 0 0 0 0 0 0 0 0 37 125 -102 -54 -3 63 117 26 -113 47 -93
0 0 0 0 0 0 0 0 0 0 0 0 0 0 0 0 0 0 0 0 0 0 -115 61 -24 -94 106 96 -78 -53 -86 123
0 0 0 0 0 0 0 0 0 0 0 0 0 0 0 0 0 0 0 0 0 0 0 74 -6 19 36 -67 30 -114 -40 -35
0 0 0 0 0 0 0 0 0 0 0 0 0 0 0 0 0 0 0 0 0 0 0 0 101 -4 -73 -58 -77 45 122 93
0 0 0 0 0 0 0 0 0 0 0 0 0 0 0 0 0 0 0 0 0 0 0 0 0 -38 -118 -9 43 -118 -5 -112
0 0 0 0 0 0 0 0 0 0 0 0 0 0 0 0 0 0 0 0 0 0 0 0 0 0 -18 -97 -4 -18 6 90
0 0 0 0 0 0 0 0 0 0 0 0 0 0 0 0 0 0 0 0 0 0 0 0 0 0 0 81 -68 57 -112 -66
0 0 0 0 0 0 0 0 0 0 0 0 0 0 0 0 0 0 0 0 0 0 0 0 0 0 0 0 64 -58 6 -69
0 0 0 0 0 0 0 0 0 0 0 0 0 0 0 0 0 0 0 0 0 0 0 0 0 0 0 0 0 -127 -111 1
0 0 0 0 0 0 0 0 0 0 0 0 0 0 0 0 0 0 0 0 0 0 0 0 0 0 0 0 0 0 -65 -78
0 0 0 0 0 0 0 0 0 0 0 0 0 0 0 0 0 0 0 0 0 0 0 0 0 0 0 0 0 0 0 89
0 0 0 0 0 0 0 0 0 0 0 0 0 0 0 0 0 0 0 0 0 0 0 0 0 0 0 0 0 0 0 0
