119 0 0 0 0 0 0 0 0 0 0 0 0 0 0 0 0 0 0 0 0 0 0 0 0 0 0 0 0 0 0 0
-100 107 0 0 0 0 0 0 0 0 0 0 0 0 0 0 0 0 0 0 0 0 0 0 0 0 0 0 0 0 0 0
31 -102 -47 0 0 0 0 0 0 0 0 0 0 0 0 0 0 0 0 0 0 0 0 0 0 0 0 0 0 0 0 0
-77 6 91 -28 0 0 0 0 0 0 0 0 0 0 0 0 0 0 0 0 0 0 0 0 0 0 0 0 0 0 0 0
-48 44 -117 -12 -115 0 0 0 0 0 0 0 0 0 0 0 0 0 0 0 0 0 0 0 0 0 0 0 0 0 0 0
-41 49 -33 -51 -79 -57 0 0 0 0 0 0 0 0 0 0 0 0 0 0 0 0 0 0 0 0 0 0 0 0 0 0
-103 30 -26 127 127 106 -112 0 0 0 0 0 0 0 0 0 0 0 0 0 0 0 0 0 0 0 0 0 0 0 0 0
127 3 -98 -6 -115 -116 21 97 0 0 0 0 0 0 0 0 0 0 0 0 0 0 0 0 0 0 0 0 0 0 0 0
-43 -31 -59 38 60 -38 118 -127 -83 0 0 0 0 0 0 0 0 0 0 0 0 0 0 0 0 0 0 0 0 0 0 0
59 85 -122 -26 -70 -25 108 66 118 -63 0 0 0 0 0 0 0 0 0 0 0 0 0 0 0 0 0 0 0 0 0 0
-37 113 60 41 -10 -34 -38 12 -75 -36 11 0 0 0 0 0 0 0 0 0 0 0 0 0 0 0 0 0 0 0 0 0
14 6 34 44 -1 -102 -87 -38 -46 -29 112 -58 0 0 0 0 0 0 0 0 0 0 0 0 0 0 0 0 0 0 0 0
-41 -8 35 -53 96 -113 -88 -34 65 -119 119 122 20 0 0 0 0 0 0 0 0 0 0 0 0 0 0 0 0 0 0 0
33 51 24 -25 -33 119 -20 -90 -71 32 113 -92 -70 -29 0 0 0 0 0 0 0 0 0 0 0 0 0 0 0 0 0 0
43 -32 -19 59 -90 82 -123 3 38 122 -7 85 17 -49 108 0 0 0 0 0 0 0 0 0 0 0 0 0 0 0 0 0
62 -59 -57 39 39 35 -105 103 -85 68 36 79 -80 -100 55 63 0 0 0 0 0 0 0 0 0 0 0 0 0 0 0 0
-59 -15 -34 -109 -39 -102 100 -4 73 -81 -121 -64 116 -79 92 -47 -27 0 0 0 0 0 0 0 0 0 0 0 0 0 0 0
-24 56 -60 -15 -94 -118 43 74 -42 -11 -29 94 113 21 -75 22 -102 -23 0 0 0 0 0 0 0 0 0 0 0 0 0 0
9 15 -119 115 -21 78 94 -92 -34 -85 18 -114 30 -30 18 56 -26 84 90 0 0 0 0 0 0 0 0 0 0 0 0 0
86 118 18 108 -74 -8 -78 -54 39 -75 82 21 66 -8 -112 94 -88 -121 25 122 0 0 0 0 0 0 0 0 0 0 0 0
-97 45 -45 52 70 -71 58 126 98 61 105 -88 -56 29 19 -40 -68 -21 -113 -51 12 0 0 0 0 0 0 0 0 0 0 0
86 33 -87 109 -99 28 105 8 47 110 16 126 -81 108 4 103 -50 -6 -104 96 33 62 0 0 0 0 0 0 0 0 0 0
-109 92 44 9 -73 -16 45 23 42 -82 -51 -6 -90 41 116 26 -93 -38 13 98 11 89 -34 0 0 0 0 0 0 0 0 0
-64 -37 -98 -57 116 127 102 -102 -17 76 56 -74 102 93 47 98 -13 104 -56 24 72 -104 -56 92 0 0 0 0 0 0 0 0
-42 -116 9 116 -120 9 -18 60 -100 -68 -86 57 29 -69 116 103 -54 12 33 -114 -98 -20 127 -59 91 0 0 0 0 0 0 0
-6 -46 82 -27 -28 73 63 -12 -107 -88 -55 -115 -45 -26 -32 59 -108 -77 -126 33 -97 2 117 67 -122 -86 0 0 0 0 0 0
63 -118 -106 -72 -91 -126 2 -49 19 17 15 88 26 126 41 -122 -85 77 41 17 -50 -62 -45 127 -98 -105 -45 0 0 0 0 0
-114 -44 -111 -87 46 -21 -70 17 77 -66 105 6 85 -110 -77 109 -30 -25 -19 121 -93 -90 -16 -17 -95 70 116 69 0 0 0 0
104 -80 -84 117 -52 47 -36 -92 -76 0 -41 115 -101 105 -86 -74 9 -72 -14 65 -104 -118 10 -60 -20 -105 122 30 58 0 0 0
-94 114 -25 39 78 19 79 -76 -56 -83 -106 91 18 -90 110 -77 123 63 8 -124 116 104 -16 57 65 -17 -51 -62 78 5 0 0
-44 61 47 117 -88 -126 -39 -27 57 45 -91 -112 91 57 68 -73 116 -38 77 -34 -123 -60 24 86 -100 -73 -103 -74 -67 -74 -23 0
-75 -31 92 103 117 7 -16 50 -112 88 106 42 -96 39 -9 75 -11 -15 -47 37 -101 -60 -104 120 105 78 84 -78 -75 -50 -41 27
-34 -43 -22 27 -37 -72 70 77 -69 69 -100 114 -84 66 -28 37 -43 80 84 -10 14 71 100 100 96 43 -28 -5 -114 -79 -87 -117
-65 48 -111 -32 -88 105 -116 -103 -101 -59 -126 -92 9 81 90 76 -68 -64 -65 16 28 -27 27 -5 -92 120 -107 -90 78 6 78 -46
-116 -55 -122 46 -120 65 102 96 105 73 123 0 -12 -2 -11 14 119 38 -98 56 -27 -109 -55 89 45 -83 97 -113 16 40 -52 -50
68 115 -67 -113 -24 -72 -1 -14 92 -69 -57 34 116 -64 65 -90 123 -101 12 82 127 -125 -101 -56 -8 -48 2 -90 35 -4 25 -44
85 -108 -20 -64 15 85 93 -95 50 -73 13 48 39 -36 -110 -51 -29 -90 46 75 -29 -73 126 48 39 46 25 -100 -84 -16 21 124
64 -113 -6 -48 -59 61 53 -24 68 -39 28 -25 74 -5 121 -39 -78 -4 -30 -94 112 3 -103 91 116 40 41 78 26 57 -2 -36
-70 29 52 9 38 40 -112 -23 -45 -57 26 -18 104 120 -54 -23 35 79 111 8 -95 116 62 -102 -49 121 -74 79 -117 -105 120 -43
-109 -110 75 -56 -48 -61 75 -108 -24 70 9 -72 89 -42 -10 111 54 68 -96 103 100 -36 -15 -116 49 122 19 -125 -103 29 79 115
52 -8 80 -123 34 26 66 1 -51 64 -84 16 -50 -124 113 -119 121 27 -50 -30 94 -107 95 84 -37 -65 -30 97 55 -42 34 36
44 -12 -60 127 -15 -24 -26 -76 117 -84 45 60 5 -114 90 81 -42 -121 -97 39 -85 -122 -72 -32 73 117 45 45 51 120 18 86
-35 14 -124 97 81 -10 1 -103 5 -22 42 49 -25 -30 78 -92 -16 -105 124 41 -38 -3 -60 -82 50 1 -98 -55 22 -121 -17 -116
62 -121 -113 102 -62 7 -32 -32 68 11 -63 -82 19 -16 -4 -103 50 -42 71 -27 36 -120 -33 51 -85 20 -70 85 -49 104 29 104
50 28 -126 -112 -124 13 -52 -92 -6 41 122 -6 -33 -4 41 23 100 3 -30 112 -17 -81 88 -50 -27 -8 40 -125 -90 39 -105 119
-52 126 96 -43 -126 -123 62 98 -49 113 -69 -103 -66 34 71 21 -85 4 -127 -66 -55 52 -85 80 -74 35 92 99 127 -43 97 -69
-89 -67 38 25 6 30 -87 122 -118 -109 -13 -83 -93 54 -64 -47 121 -14 111 -111 -120 -101 60 -63 84 -81 58 -82 -33 63 -68 -63
21 6 122 55 84 92 -98 -20 61 -59 64 69 -87 35 -25 29 65 86 -39 79 71 -15 88 -76 -78 -113 -114 57 108 58 21 -90
-89 119 123 94 -100 -36 112 -46 -41 109 -43 -106 94 -90 -106 -68 3 -91 -86 57 -96 -66 45 -35 79 93 -121 48 73 -80 31 -105
-49 83 126 83 -33 -54 25 -22 -97 -24 30 3 34 86 -11 37 -82 -119 -7 74 51 -46 -80 18 -47 106 -127 122 -73 6 70 -90
-27 32 -19 116 -71 -88 86 -53 -92 108 -11 -30 -45 -72 20 -109 86 -123 75 -58 74 -115 -50 -66 88 -44 -104 72 -111 29 -115 -44
108 -113 -120 -102 -99 -36 56 119 83 32 112 -27 30 -19 -111 -48 -114 55 -15 75 26 116 0 122 -59 -68 71 -102 57 -42 47 59
116 35 114 -31 44 -32 -47 -124 -47 -36 -83 -51 61 51 -84 76 -121 -1 75 22 25 2 29 24 65 19 118 -85 -3 16 86 -65
100 -18 13 114 -110 -116 -118 106 -97 -106 1 -86 20 -53 118 99 89 7 21 -32 90 86 -69 80 11 -22 -25 -68 104 90 -6 -10
58 67 -120 79 25 45 22 -115 19 27 43 59 -75 49 55 -40 70 56 -78 15 99 53 -86 96 65 -76 61 -18 -22 -121 110 -100
37 -50 69 -59 46 -75 93 -51 -81 -1 58 83 69 -18 -14 -53 48 14 -111 114 -125 95 -58 122 121 17 115 -108 34 -126 -36 -38
48 -73 6 12 62 56 21 -32 92 23 63 121 81 74 -119 -93 -115 108 4 74 2 -91 109 32 46 112 -98 -111 -54 99 66 -45
-117 -41 96 -63 57 51 -119 119 -95 14 -78 31 25 88 -86 75 -105 14 -95 109 92 -81 -11 -11 112 -55 -10 -102 37 -118 49 -37
4 -10 -113 -79 -42 -84 -65 109 -26 -123 -42 87 -53 -59 36 -18 -41 -22 60 -23 115 127 -114 114 72 -117 -44 5 53 -115 -5 80
28 37 16 -18 -94 -94 -115 -60 87 66 82 -98 95 -49 -58 -32 34 -14 -31 72 113 -110 121 -97 46 64 10 -69 -91 -3 62 88
-73 -112 8 -3 44 -23 -72 24 78 118 91 112 44 4 -118 -123 -6 100 -53 102 -103 -54 -35 82 -78 -112 -108 111 -107 -97 110 91
-66 126 -74 1 73 67 44 -53 44 16 -92 -15 -1 84 -12 -21 -13 120 66 49 99 127 -46 99 115 61 14 -22 39 74 76 -109
32 5 58 53 92 111 -32 115 -125 -71 84 -11 -96 122 108 -15 -41 -37 122 -110 2 -13 126 -109 52 18 -87 -119 98 119 22 -29
-16 123 9 45 12 70 -50 74 -106 42 -32 24 104 -107 -54 91 124 -61 -120 110 -51 67 -28 82 -57 -90 45 -114 111 -124 -30 29
0 119 121 -100 72 -108 -81 19 40 -97 62 16 -122 -125 68 -2 38 67 -66 -119 -5 115 -117 61 -13 -71 80 96 5 -121 -110 -97
0 0 119 8 83 19 -46 100 31 -26 7 -122 96 -9 98 44 36 59 -43 3 -113 -76 5 -78 84 44 19 20 -50 75 14 -77
0 0 0 27 -59 92 -26 34 117 73 -42 -23 -122 -19 -71 -109 -45 97 42 -75 18 100 36 -108 123 -73 108 88 88 -72 104 6
0 0 0 0 -83 -98 91 -99 119 75 100 14 21 63 101 -97 28 66 23 -76 2 25 121 28 66 35 67 -46 -49 99 -48 -123
0 0 0 0 0 125 -13 77 23 53 -123 53 63 -112 20 -8 -122 -105 90 40 -65 -60 -21 -23 -50 -1 -6 -120 -118 41 44 -78
0 0 0 0 0 0 -9 -120 125 -17 64 50 103 -47 -108 21 -28 99 -24 98 -123 61 65 20 -121 58 -53 15 40 71 -86 -77
0 0 0 0 0 0 0 -93 -15 -90 32 23 -104 118 85 -85 -126 21 79 113 -114 -94 -8 -49 58 96 36 -66 107 -69 124 87
0 0 0 0 0 0 0 0 79 -109 -85 -118 -19 47 -38 -77 44 90 -17 29 109 -113 -104 -23 -71 -35 -56 -58 94 -53 0 -78
0 0 0 0 0 0 0 0 0 28 108 -11 -37 27 -110 -120 -16 -81 95 76 -61 7 20 17 34 -31 -42 111 126 96 -97 -96
0 0 0 0 0 0 0 0 0 0 99 -69 21 49 -15 -44 24 79 -14 -38 -77 75 -23 -94 -33 -89 70 50 -13 9 -96 -36
0 0 0 0 0 0 0 0 0 0 0 -121 55 91 65 -111 28 8 58 -109 -72 -107 3 76 36 -57 -87 7 -7 -113 -107 58
0 0 0 0 0 0 0 0 0 0 0 0 62 30 62 103 48 77 83 -113 -80 -32 -68 28 125 -45 81 -7 19 -49 37 -64
0 0 0 0 0 0 0 0 0 0 0 0 0 114 -49 -82 -99 21 -123 -17 -63 96 -118 51 -54 14 -119 -36 -20 44 103 -45
0 0 0 0 0 0 0 0 0 0 0 0 0 0 -18 -92 70 59 50 -98 48 -40 79 -41 -107 -14 -82 71 102 37 -65 -118
0 0 0 0 0 0 0 0 0 0 0 0 0 0 0 -14 -73 38 -83 40 -127 30 55 69 122 -21 -31 15 30 -3 -63 -63
0 0 0 0 0 0 0 0 0 0 0 0 0 0 0 0 -77 -84 -79 67 -2 -42 -70 119 11 -58 -2 48 67 -51 -106 -10
0 0 0 0 0 0 0 0 0 0 0 0 0 0 0 0 0 -82 27 75 -77 95 -46 -42 -52 79 23 117 -48 -113 91 -113
0 0 0 0 0 0 0 0 0 0 0 0 0 0 0 0 0 0 -108 -51 111 111 -125 46 -73 -118 29 92 6 -5 -77 63
0 0 0 0 0 0 0 0 0 0 0 0 0 0 0 0 0 0 0 -32 -50 105 -27 -111 -59 73 110 114 -15 -55 10 88
0 0 0 0 0 0 0 0 0 0 0 0 0 0 0 0 0 0 0 0 -90 -27 117 95 61 -97 -6 106 -83 -98 65 -95
0 0 0 0 0 0 0 0 0 0 0 0 0 0 0 0 0 0 0 0 0 61 54 81 0 -78 70 122 -86 68 0 -52
0 0 0 0 0 0 0 0 0 0 0 0 0 0 0 0 0 0 0 0 0 0 -24 48 120 -117 -6 -37 62 116 113 -50
0 0 0 0 0 0 0 0 0 0 0 0 0 0 0 0 0 0 0 0 0 0 0 -96 -98 -89 86 -38 56 -20 125 36
0 0 0 0 0 0 0 0 0 0 0 0 0 0 0 0 0 0 0 0 0 0 0 0 26 -89 -57 -46 -41 89 127 -33
0 0 0 0 0 0 0 0 0 0 0 0 0 0 0 0 0 0 0 0 0 0 0 0 0 -70 111 -1 0 -122 -35 -80
0 0 0 0 0 0 0 0 0 0 0 0 0 0 0 0 0 0 0 0 0 0 0 0 0 0 39 -115 30 99 28 -1
0 0 0 0 0 0 0 0 0 0 0 0 0 0 0 0 0 0 0 0 0 0 0 0 0 0 0 20 -6 21 -122 72
0 0 0 0 0 0 0 0 0 0 0 0 0 0 0 0 0 0 0 0 0 0 0 0 0 0 0 0 -46 16 -127 -61
0 0 0 0 0 0 0 0 0 0 0 0 0 0 0 0 0 0 0 0 0 0 0 0 0 0 0 0 0 -78 44 89
0 0 0 0 0 0 0 0 0 0 0 0 0 0 0 0 0 0 0 0 0 0 0 0 0 0 0 0 0 0 79 71
0 0 0 0 0 0 0 0 0 0 0 0 0 0 0 0 0 0 0 0 0 0 0 0 0 0 0 0 0 0 0 -76
0 0 0 0 0 0 0 0 0 0 0 0 0 0 0 0 0 0 0 0 0 0 0 0 0 0 0 0 0 0 0 0
