93 0 0 0 0 0 0 0 0 0 0 0 0 0 0 0 0 0 0 0 0 0 0 0 0 0 0 0 0 0 0 0
-15 -121 0 0 0 0 0 0 0 0 0 0 0 0 0 0 0 0 0 0 0 0 0 0 0 0 0 0 0 0 0 0
61 77 -46 0 0 0 0 0 0 0 0 0 0 0 0 0 0 0 0 0 0 0 0 0 0 0 0 0 0 0 0 0
-10 -42 78 -112 0 0 0 0 0 0 0 0 0 0 0 0 0 0 0 0 0 0 0 0 0 0 0 0 0 0 0 0
-23 14 93 30 -79 0 0 0 0 0 0 0 0 0 0 0 0 0 0 0 0 0 0 0 0 0 0 0 0 0 0 0
103 -49 8 -18 125 -7 0 0 0 0 0 0 0 0 0 0 0 0 0 0 0 0 0 0 0 0 0 0 0 0 0 0
-56 -125 -39 -104 26 -6 -96 0 0 0 0 0 0 0 0 0 0 0 0 0 0 0 0 0 0 0 0 0 0 0 0 0
70 65 46 -57 86 34 -80 102 0 0 0 0 0 0 0 0 0 0 0 0 0 0 0 0 0 0 0 0 0 0 0 0
44 0 -62 112 -38 104 -38 57 -39 0 0 0 0 0 0 0 0 0 0 0 0 0 0 0 0 0 0 0 0 0 0 0
113 -20 -46 -17 102 124 39 121 107 44 0 0 0 0 0 0 0 0 0 0 0 0 0 0 0 0 0 0 0 0 0 0
-15 87 103 -7 -91 22 -56 49 -119 -111 96 0 0 0 0 0 0 0 0 0 0 0 0 0 0 0 0 0 0 0 0 0
62 -33 64 -58 114 24 -24 82 -43 -88 -27 -109 0 0 0 0 0 0 0 0 0 0 0 0 0 0 0 0 0 0 0 0
-85 48 -50 -116 93 54 -37 -95 21 107 125 117 -125 0 0 0 0 0 0 0 0 0 0 0 0 0 0 0 0 0 0 0
-123 -101 -3 65 -75 -54 -40 -44 116 -112 -65 75 -113 -6 0 0 0 0 0 0 0 0 0 0 0 0 0 0 0 0 0 0
-32 -37 -72 -122 14 -73 51 38 -17 -96 -17 -102 -121 0 -68 0 0 0 0 0 0 0 0 0 0 0 0 0 0 0 0 0
-94 -91 -59 -7 74 -23 -75 -48 28 -66 -17 -61 -118 30 82 35 0 0 0 0 0 0 0 0 0 0 0 0 0 0 0 0
15 -7 70 -125 -15 -5 -123 -107 -30 -49 -107 -111 -63 77 -10 -16 114 0 0 0 0 0 0 0 0 0 0 0 0 0 0 0
83 47 -89 -59 38 -68 -86 -33 -109 31 -109 -22 -8 -115 -22 66 -114 -99 0 0 0 0 0 0 0 0 0 0 0 0 0 0
-54 77 5 83 4 -34 126 -70 95 69 -28 -59 -91 -46 -10 -11 30 14 -53 0 0 0 0 0 0 0 0 0 0 0 0 0
77 -25 -112 -74 102 -68 -127 -13 43 94 -40 41 64 -93 56 64 -70 68 45 -58 0 0 0 0 0 0 0 0 0 0 0 0
-55 -72 95 40 -104 -105 112 8 -19 118 100 -34 -70 4 38 -125 -67 -114 -70 -31 -45 0 0 0 0 0 0 0 0 0 0 0
-2 15 -89 18 -101 11 -48 80 -115 96 -118 62 72 5 81 53 120 -96 -55 -73 38 -27 0 0 0 0 0 0 0 0 0 0
46 31 -33 -47 43 -5 -7 110 -54 84 70 -39 1 -62 33 117 15 -58 12 71 -114 63 45 0 0 0 0 0 0 0 0 0
-109 110 31 44 100 -95 -58 -9 44 -97 70 47 -50 -65 -69 43 -118 -14 49 -33 -89 77 -9 27 0 0 0 0 0 0 0 0
76 48 -12 -101 91 39 125 -86 33 -58 95 114 -16 -17 67 49 19 12 110 55 -87 -6 -10 75 69 0 0 0 0 0 0 0
-117 -16 81 -41 -39 -33 48 53 57 87 58 -114 50 -28 -89 125 98 -96 69 42 77 66 31 89 -117 -38 0 0 0 0 0 0
-10 -8 65 80 -15 48 10 -103 56 10 -54 -69 77 -16 -120 13 -108 -69 -7 7 -34 119 105 50 77 121 35 0 0 0 0 0
125 -2 1 -126 30 22 -92 115 34 19 -3 57 26 -68 -120 63 75 -85 23 87 127 -124 -10 8 16 -51 -80 19 0 0 0 0
-114 -81 -25 26 74 32 121 49 -11 -1 -41 38 52 -106 -60 30 89 39 112 -125 -125 -84 -21 -97 59 -56 37 120 -111 0 0 0
-117 -83 83 119 -86 -30 -50 -13 31 -91 21 -59 8 64 -19 0 -15 7 -117 107 56 1 23 116 81 -103 -16 -4 26 118 0 0
-64 126 -90 -126 -55 62 -96 112 52 107 -121 -103 -4 18 43 -17 110 40 123 -18 -43 -12 100 -126 39 21 5 -77 44 -61 -93 0
-17 92 35 32 -84 87 -5 -39 -8 -8 121 -4 -39 -102 96 92 -40 -102 -49 -47 113 -34 -70 41 -34 -49 -112 -83 15 6 -103 111
-10 39 -52 -101 117 104 -66 61 74 -49 -100 -27 -96 -106 29 17 103 110 24 -6 112 -112 -86 122 92 -12 -105 -111 2 -39 -102 81
0 -69 -104 -13 -11 -66 -98 -116 124 55 -52 -75 -6 116 -105 24 -70 -7 -88 56 -54 94 -95 -20 88 -80 113 -23 -32 42 111 0
-47 56 -67 -78 88 -61 109 87 93 77 50 -27 -11 109 -117 25 -122 -22 81 -43 9 -1 2 105 -34 -66 39 109 -113 1 122 -90
84 114 -34 -87 -91 -79 -81 -32 0 -90 -36 65 -53 63 44 48 78 54 -62 0 -34 -93 33 17 105 69 18 5 37 90 -16 38
91 -17 -41 75 -110 53 -99 113 -61 -73 58 100 32 69 17 -3 127 78 -89 44 -84 116 -22 127 -7 60 -54 61 -51 -59 12 -26
-82 91 63 18 -41 60 125 79 50 124 -88 56 85 -91 -8 -64 -69 -19 26 119 -44 -38 -117 79 73 -124 96 88 -2 -117 20 82
5 82 9 45 -91 -4 69 -103 -10 -120 84 77 -89 -66 76 120 -122 -105 -36 104 -124 74 89 -11 -104 -15 -102 -69 -19 111 110 90
-4 -21 -35 -3 12 27 -82 106 -35 -46 55 -67 -31 -42 74 113 11 14 -29 68 -98 0 -119 36 -119 31 -76 -50 74 125 -91 -106
123 -99 109 92 -111 8 -103 28 -49 -3 -121 -51 -115 96 -124 -116 121 98 -14 -60 -80 90 -70 48 -116 -116 -45 -7 -56 -77 -13 54
6 17 100 35 9 -18 118 69 -35 59 -97 -51 42 -9 -36 -80 110 -13 -45 0 -36 -83 38 -80 39 56 26 66 -95 69 -113 39
-56 -5 33 70 -63 103 5 -106 124 121 42 109 83 -61 -41 -104 7 27 82 26 -111 42 -33 86 -68 -23 -125 -90 66 -55 5 80
35 84 -32 121 18 -28 -78 127 -37 -45 52 80 99 112 20 -45 42 -68 67 94 -102 -90 -23 93 103 106 -39 -78 115 41 78 0
40 18 -54 70 47 -36 -13 74 -102 41 -101 -113 100 -36 107 110 -48 -100 40 -100 13 0 69 -86 -95 -25 -102 -39 29 3 -92 120
-107 -65 -117 -32 -115 -40 -123 82 -62 85 -12 -51 45 36 -90 -6 45 100 94 -120 66 54 17 -115 13 -10 34 79 -40 -20 -2 -27
73 -81 -90 -77 -36 -127 15 18 70 77 1 -87 54 -70 40 -1 -59 -93 99 126 124 28 -125 95 -16 1 4 89 -51 -122 120 97
-93 72 -125 -99 -7 -54 22 93 63 -41 -90 -127 -47 7 67 -98 -70 -38 -51 -81 -11 -4 115 85 -45 53 76 123 100 40 30 88
-72 -24 -27 30 -88 -105 -56 -11 96 -3 -54 27 -93 -5 -38 73 -26 108 -126 20 -17 120 -12 95 42 -84 9 107 -81 -51 -42 -5
107 -6 -28 -113 88 19 -81 52 24 -95 37 7 119 -119 -71 78 -56 87 53 33 -104 -14 -23 -70 -21 78 -44 44 -75 -6 93 -5
-72 29 64 -105 71 102 -40 -53 47 -64 93 -57 44 -23 -41 32 -101 111 -117 -14 48 57 -74 -35 57 21 -88 123 -1 40 90 106
32 40 -57 117 79 88 -1 -72 59 97 41 -113 55 72 127 -90 -1 -6 119 -4 -78 -91 -73 -57 -30 -93 7 -54 23 -22 -38 -75
66 120 -7 -14 93 13 -15 -61 -84 57 -69 94 -101 73 -115 20 105 97 -69 97 25 4 -39 9 52 51 -55 114 -62 -103 26 119
116 120 -46 -47 -94 -25 78 -112 -66 65 -35 47 22 98 -29 -34 104 -124 -33 -56 -30 45 -36 -1 -34 101 22 -13 125 -68 92 -51
-15 -23 -42 -31 -22 -32 -5 126 88 37 -28 -1 -72 -67 61 -116 82 62 -76 -73 31 -55 51 52 89 89 -56 -39 -115 -33 109 -91
-87 -21 -109 123 14 -8 2 52 14 43 97 87 118 113 -20 68 -76 -50 74 19 -122 99 117 43 31 -25 16 -103 -50 -89 -114 101
-65 -10 -104 -62 -119 -58 -59 26 122 37 7 22 13 -72 -115 -116 113 57 75 -112 101 39 -37 -47 -62 87 -98 119 -105 74 -44 39
5 102 -65 -103 -16 -117 75 -45 -19 -106 -123 -85 -97 30 106 44 -38 -16 -82 -4 -49 -123 -119 -60 41 -29 -50 -87 55 74 -54 -107
-16 -88 97 56 104 84 -48 -82 107 -53 93 123 124 -82 123 27 -93 4 -46 -24 106 -115 92 106 -22 -63 47 92 -124 72 30 8
18 105 -109 94 -96 53 105 -19 20 -86 89 -68 22 -100 76 -79 -55 -9 -45 85 -84 -3 -14 110 -96 -124 40 -104 14 -45 108 97
97 -65 104 -46 42 -101 76 52 77 93 -29 -109 110 -100 -62 -83 115 35 -13 80 -80 103 -90 -26 -22 36 18 -123 -51 1 91 -70
-66 -75 91 -71 97 119 -60 -117 31 118 58 86 -3 10 109 -30 -114 -13 55 29 122 -120 24 -115 20 119 0 -65 94 121 -85 116
124 -67 -127 -79 47 -3 8 -23 -34 -68 -10 -29 88 -108 -44 4 -68 -7 118 9 -72 0 6 -119 -74 24 -80 -112 -41 75 106 96
40 76 91 111 -5 86 -124 -98 48 -68 -11 124 -48 74 33 127 -78 102 12 101 -110 5 12 63 12 -22 105 -41 12 96 -100 37
0 27 -22 -49 -69 -4 -101 0 103 -121 77 -60 -110 -80 2 81 0 -26 0 -9 124 -84 67 -95 -10 -28 -84 50 63 -87 76 -90
0 0 -76 -82 -39 48 66 -89 59 -64 46 47 -35 117 -121 -100 -12 -48 -99 3 63 -53 119 -75 119 -44 101 97 7 -90 67 52
0 0 0 0 -10 -16 118 -88 22 18 -119 78 25 120 25 -88 105 -34 6 -91 1 91 63 21 -27 21 -126 9 114 -41 -76 58
0 0 0 0 115 111 79 -121 -43 -9 110 97 -25 116 30 -31 -69 101 -46 -47 35 31 -51 71 -72 -8 0 115 -25 13 -40 -41
0 0 0 0 0 -121 -123 104 86 -41 19 24 122 88 -103 13 116 124 -11 -32 -122 20 -72 -40 35 48 -68 -28 109 -18 25 -99
0 0 0 0 0 0 46 -62 83 32 119 -28 -21 -71 -16 17 15 74 -92 17 -24 -42 35 87 38 11 -28 -23 73 22 -12 -104
0 0 0 0 0 0 0 -28 22 -17 -50 66 -119 -35 -21 18 12 127 58 44 -58 109 -46 99 -44 123 -79 -127 6 103 -10 -106
0 0 0 0 0 0 0 0 33 -58 -78 61 -48 19 -97 59 124 -5 20 -98 -20 125 -124 96 84 80 -11 -21 27 48 -22 -107
0 0 0 0 0 0 0 0 0 91 -20 75 57 -124 -126 -70 93 38 115 34 -13 -97 -21 32 28 2 46 47 -17 -83 -22 109
0 0 0 0 0 0 0 0 0 0 8 -126 -87 -77 -94 -36 -100 -33 -25 52 92 113 42 -5 19 -86 -12 -96 -4 -13 -65 -48
0 0 0 0 0 0 0 0 0 0 0 5 -99 -95 88 119 61 9 67 115 -117 20 -127 -84 -59 3 -54 -70 -47 -74 40 -70
0 0 0 0 0 0 0 0 0 0 0 0 -67 -67 105 19 -123 -69 45 114 104 -118 -78 63 43 -89 102 -87 123 -110 55 112
0 0 0 0 0 0 0 0 0 0 0 0 0 72 -28 124 -101 113 103 -38 102 65 -47 -39 -31 -85 7 -36 -65 18 121 -80
0 0 0 0 0 0 0 0 0 0 0 0 0 0 -24 0 87 -65 98 86 -79 -53 -111 60 27 -15 47 32 -67 -106 94 68
0 0 0 0 0 0 0 0 0 0 0 0 0 0 0 60 71 -116 60 22 115 -17 -123 -38 -74 30 -49 6 -124 -90 92 -22
0 0 0 0 0 0 0 0 0 0 0 0 0 0 0 0 85 16 -126 -67 110 70 -126 -33 -13 -19 56 -99 -35 21 -10 -49
0 0 0 0 0 0 0 0 0 0 0 0 0 0 0 0 0 24 64 -21 -67 20 111 -122 84 -42 80 105 -62 91 106 6
0 0 0 0 0 0 0 0 0 0 0 0 0 0 0 0 0 0 -121 -31 21 87 -25 -57 -99 -124 -25 -65 84 75 107 126
0 0 0 0 0 0 0 0 0 0 0 0 0 0 0 0 0 0 0 61 -31 14 -2 47 -58 26 -120 -46 116 65 53 127
0 0 0 0 0 0 0 0 0 0 0 0 0 0 0 0 0 0 0 0 -45 -114 -94 -83 114 33 28 42 -2 -108 -29 98
0 0 0 0 0 0 0 0 0 0 0 0 0 0 0 0 0 0 0 0 0 -33 -85 79 21 77 124 -121 125 -90 113 55
0 0 0 0 0 0 0 0 0 0 0 0 0 0 0 0 0 0 0 0 0 0 36 76 -43 44 108 78 -94 35 -36 -123
0 0 0 0 0 0 0 0 0 0 0 0 0 0 0 0 0 0 0 0 0 0 0 -101 43 64 93 -94 65 56 13 85
0 0 0 0 0 0 0 0 0 0 0 0 0 0 0 0 0 0 0 0 0 0 0 0 -4 -58 23 1 44 -103 109 113
0 0 0 0 0 0 0 0 0 0 0 0 0 0 0 0 0 0 0 0 0 0 0 0 0 29 -73 -43 -33 -122 -58 10
0 0 0 0 0 0 0 0 0 0 0 0 0 0 0 0 0 0 0 0 0 0 0 0 0 0 -41 76 -78 -37 56 28
0 0 0 0 0 0 0 0 0 0 0 0 0 0 0 0 0 0 0 0 0 0 0 0 0 0 0 20 117 123 -84 -99
0 0 0 0 0 0 0 0 0 0 0 0 0 0 0 0 0 0 0 0 0 0 0 0 0 0 0 0 -58 -97 14 100
0 0 0 0 0 0 0 0 0 0 0 0 0 0 0 0 0 0 0 0 0 0 0 0 0 0 0 0 0 76 -52 85
0 0 0 0 0 0 0 0 0 0 0 0 0 0 0 0 0 0 0 0 0 0 0 0 0 0 0 0 0 0 -14 74
0 0 0 0 0 0 0 0 0 0 0 0 0 0 0 0 0 0 0 0 0 0 0 0 0 0 0 0 0 0 0 -52
0 0 0 0 0 0 0 0 0 0 0 0 0 0 0 0 0 0 0 0 0 0 0 0 0 0 0 0 0 0 0 0
