13 0 0 0 0 0 0 0 0 0 0 0 0 0 0 0 0 0 0 0 0 0 0 0 0 0 0 0 0 0 0 0
68 -22 0 0 0 0 0 0 0 0 0 0 0 0 0 0 0 0 0 0 0 0 0 0 0 0 0 0 0 0 0 0
-41 -105 36 0 0 0 0 0 0 0 0 0 0 0 0 0 0 0 0 0 0 0 0 0 0 0 0 0 0 0 0 0
29 12 -41 -112 0 0 0 0 0 0 0 0 0 0 0 0 0 0 0 0 0 0 0 0 0 0 0 0 0 0 0 0
78 -54 -50 -15 41 0 0 0 0 0 0 0 0 0 0 0 0 0 0 0 0 0 0 0 0 0 0 0 0 0 0 0
94 -125 -106 124 -7 -107 0 0 0 0 0 0 0 0 0 0 0 0 0 0 0 0 0 0 0 0 0 0 0 0 0 0
-93 89 -98 88 -1 34 -100 0 0 0 0 0 0 0 0 0 0 0 0 0 0 0 0 0 0 0 0 0 0 0 0 0
-16 120 -50 -110 -120 -51 21 -54 0 0 0 0 0 0 0 0 0 0 0 0 0 0 0 0 0 0 0 0 0 0 0 0
-70 68 -27 -104 59 -81 -29 22 -45 0 0 0 0 0 0 0 0 0 0 0 0 0 0 0 0 0 0 0 0 0 0 0
60 44 -66 -41 -85 70 6 -81 -63 -111 0 0 0 0 0 0 0 0 0 0 0 0 0 0 0 0 0 0 0 0 0 0
-85 -81 -85 -103 -31 -33 84 -121 -49 32 -63 0 0 0 0 0 0 0 0 0 0 0 0 0 0 0 0 0 0 0 0 0
26 -35 -22 10 -76 65 117 -93 84 35 62 13 0 0 0 0 0 0 0 0 0 0 0 0 0 0 0 0 0 0 0 0
101 73 102 113 -19 -78 -44 -2 19 81 -12 -100 -92 0 0 0 0 0 0 0 0 0 0 0 0 0 0 0 0 0 0 0
4 71 -105 67 -25 105 -6 -123 39 -102 36 19 -46 111 0 0 0 0 0 0 0 0 0 0 0 0 0 0 0 0 0 0
-62 114 18 -88 -90 -103 -80 1 93 -36 -93 8 -49 -121 -70 0 0 0 0 0 0 0 0 0 0 0 0 0 0 0 0 0
117 -16 16 50 2 -87 -62 -2 -89 26 25 -52 124 63 54 106 0 0 0 0 0 0 0 0 0 0 0 0 0 0 0 0
-82 122 -28 114 -108 26 -10 103 85 -76 -77 -45 -56 77 -13 -26 -108 0 0 0 0 0 0 0 0 0 0 0 0 0 0 0
117 59 -13 45 -62 -72 -50 63 -49 86 -52 -90 68 121 -40 -120 70 105 0 0 0 0 0 0 0 0 0 0 0 0 0 0
-28 78 66 -87 17 -105 2 62 40 -61 17 -88 -125 -94 -71 -82 -105 -114 -24 0 0 0 0 0 0 0 0 0 0 0 0 0
-74 -38 -84 19 -47 43 -60 26 -84 30 69 0 104 85 96 -27 114 -115 94 52 0 0 0 0 0 0 0 0 0 0 0 0
-53 -41 88 47 28 -66 119 20 -105 31 47 118 5 -68 59 89 -79 -64 -105 55 -122 0 0 0 0 0 0 0 0 0 0 0
101 85 30 118 40 -29 41 -62 17 -96 26 -106 -88 70 88 -115 -9 -118 31 -97 -70 -105 0 0 0 0 0 0 0 0 0 0
54 -124 94 91 111 -97 40 14 -60 52 13 119 102 -28 74 118 95 86 85 -105 30 -84 42 0 0 0 0 0 0 0 0 0
50 72 -71 83 -72 34 69 117 101 108 -122 -115 -15 -32 50 64 73 81 -75 113 -67 42 46 24 0 0 0 0 0 0 0 0
-98 94 -16 54 53 -49 84 -47 -71 54 -94 -46 17 -45 -1 -13 -21 -18 35 92 -23 81 2 -114 116 0 0 0 0 0 0 0
-83 -63 -72 106 125 -39 41 -47 121 -77 -126 -127 84 89 102 55 40 66 -44 -41 55 109 -78 11 -84 113 0 0 0 0 0 0
107 -79 32 63 -94 -100 -64 14 -13 -54 112 -40 23 -5 58 -11 43 -9 -57 69 -125 115 106 -82 25 41 -123 0 0 0 0 0
-56 -15 -41 57 -71 -48 -112 -93 21 -108 43 -106 79 6 39 86 -123 -67 102 110 -108 53 -75 29 88 29 -55 32 0 0 0 0
25 34 92 18 20 119 91 -115 -116 -8 -48 -4 -60 -80 -112 109 -101 -7 -54 37 4 -43 -73 18 95 -85 -106 95 -82 0 0 0
-82 -110 50 75 -53 -43 92 68 72 47 98 -72 55 8 51 -126 -23 17 -58 -96 91 -27 -126 45 -11 -24 10 -2 -126 -111 0 0
-79 -50 -2 -117 -57 -5 -45 45 -45 56 -38 90 51 -112 -68 97 110 -94 90 -93 107 69 -45 85 -62 7 -57 -33 19 82 -53 0
-32 57 4 26 -21 30 -4 94 37 -99 -75 -73 -103 -75 112 -63 -73 -12 104 38 -112 4 17 117 -22 67 63 -30 109 73 -123 -101
124 12 -101 -94 -122 115 -85 -76 -14 -56 105 -80 120 50 -79 -60 -92 -116 -52 110 -114 31 93 -66 -100 88 -44 -53 98 125 41 -38
-9 108 70 27 66 38 -85 109 20 92 -49 3 124 -16 -19 125 -9 71 83 -101 -74 117 82 -83 102 84 -119 112 -86 94 20 38
-66 -125 -29 77 46 63 44 -118 59 62 -32 118 -117 -103 -59 -33 -124 -59 89 116 -109 88 14 -114 -56 109 124 39 117 11 -60 16
-92 116 -38 -55 -25 -33 61 67 -120 115 13 30 92 8 -62 83 124 -110 -86 -99 111 -100 -46 12 -103 127 41 94 119 44 119 105
74 110 112 -50 -58 104 45 81 43 111 38 -40 -41 -92 -66 30 -37 -75 -92 -18 65 69 -93 -34 -59 -49 -108 120 -22 30 121 9
-29 -83 -73 90 -45 61 108 26 -86 6 72 -94 43 91 33 -25 -24 -90 -80 -11 -87 -72 -127 -13 123 101 90 111 -52 -90 54 -55
-16 51 -64 -14 -67 -43 26 61 -114 -50 -50 -109 127 -44 101 6 -95 -125 -99 -58 -93 -78 -46 107 107 -63 -60 126 71 42 -62 82
-117 -55 -51 68 -41 -38 -4 102 34 -6 -64 64 65 -82 115 59 120 8 23 -116 48 -98 84 4 59 -60 -41 -73 100 -63 -97 67
-15 -81 -4 46 93 63 -116 21 -89 -41 -80 115 -46 -73 92 -22 90 -13 25 29 19 4 -10 -122 84 73 -79 -99 63 75 60 -95
-114 65 -118 -52 -121 7 -59 82 73 58 -23 0 17 -48 52 -96 -36 62 76 -40 41 9 24 124 -53 110 -25 113 -87 -99 -27 -39
65 95 -119 -67 1 -94 38 -17 9 -51 -101 -19 -43 61 -40 -125 16 -29 -61 -57 26 -34 -46 106 -65 53 72 -94 -121 -23 -39 -23
-30 -118 22 21 -17 16 -70 -58 -48 67 -23 -88 -47 -36 -10 -115 -75 39 -107 -97 45 26 -117 29 31 -46 -111 91 93 -91 -65 -83
63 -18 107 124 -46 92 -34 -50 53 -88 -54 122 -5 -83 -113 -98 -63 -84 -127 -122 -62 -36 -111 -107 -125 -45 21 -23 50 113 -13 32
64 -65 40 111 -80 107 -83 -56 -105 -53 -104 -21 -75 -97 -16 94 43 38 -32 125 71 122 7 127 -1 -41 75 52 57 39 112 25
-5 -106 -39 25 122 30 96 -81 110 23 119 -11 2 -84 3 127 89 -35 -64 -80 98 93 -74 -23 -37 -37 30 29 96 -61 35 -16
-102 -38 66 62 63 59 -99 -18 34 -82 17 -55 58 8 -82 88 -68 -77 -121 -114 -74 105 -75 -118 -63 29 24 110 5 -59 16 25
-56 -106 -83 42 -43 119 -93 -92 -30 -10 10 13 30 -24 -12 -91 -113 65 -74 73 17 16 57 -41 38 117 -85 116 58 -46 -3 52
-57 1 -3 72 76 118 22 -97 113 -44 13 33 -6 22 28 -85 -90 54 -57 11 46 -7 30 87 52 -45 -104 103 -33 -40 67 41
-30 23 16 45 96 45 -24 90 -8 -86 -85 108 -26 -101 58 -66 18 -19 -58 -115 -20 -105 -51 113 114 69 31 -83 125 -34 -75 -24
42 15 115 -102 36 96 -117 9 -3 -49 -99 -62 89 -87 -62 103 25 52 -19 -117 -50 -53 -92 -115 -36 117 -42 -99 61 -55 65 -27
50 101 -123 120 -79 -64 -127 53 24 -37 11 7 4 -105 51 -27 -55 -121 -89 -40 -98 117 -100 14 -55 28 -108 9 25 19 78 1
-59 -7 22 19 -17 42 35 -125 104 -96 -90 -119 32 127 -92 -106 30 -73 -90 -97 38 -93 81 55 20 6 16 82 -32 -96 -11 -123
10 8 -98 -89 74 -122 70 75 -63 60 -125 9 66 13 -5 63 16 4 102 71 14 110 -16 94 69 56 -122 105 82 118 -111 32
-9 29 9 17 80 9 84 -25 91 -113 -99 122 -91 -84 121 -19 124 -45 -34 115 -9 -64 -117 102 48 92 -12 -7 118 42 74 -13
-67 -86 -97 32 33 -3 57 58 114 98 -78 -108 33 -123 -12 127 -26 -52 75 -61 -82 115 -25 -35 -85 111 72 -47 -34 -77 104 46
-107 -107 102 -53 -8 16 99 54 26 -62 -46 20 -123 43 -46 94 13 7 47 62 122 -31 -42 -31 45 61 -3 26 32 37 33 85
-29 118 60 9 87 14 15 -101 29 106 -75 27 3 25 -19 22 16 54 -42 -19 53 14 26 -42 93 -64 40 49 0 -103 -71 125
-17 -7 102 -7 -110 -98 13 13 -52 116 12 -119 -60 61 -94 12 -18 -8 14 -44 66 -53 -117 64 -37 -84 44 -35 -30 -58 -13 -75
-117 -78 -38 26 -42 -113 25 -110 103 46 104 -51 -59 17 15 12 -35 12 48 6 58 -44 -114 -88 80 -7 60 -2 87 -37 32 -34
-39 -46 -16 -98 18 13 4 -48 -60 -125 -1 -27 111 -88 70 59 -100 85 -68 -75 16 99 -48 103 87 9 -31 -31 -16 42 58 48
-100 59 98 -89 99 -60 -80 -94 -70 -14 -104 28 19 -13 56 106 54 -30 -25 44 -63 -87 -124 -114 59 105 87 45 99 102 127 -39
126 109 -5 28 42 102 108 40 -66 -71 -106 23 52 77 -15 5 11 60 -122 98 22 48 52 -4 53 26 112 -113 32 -126 -23 42
0 50 -96 -10 38 89 11 -87 63 -90 -41 -108 -69 65 123 -51 -72 -123 -4 118 -31 -122 -58 -16 117 -62 44 96 19 -25 99 81
0 0 117 57 -81 80 -48 126 -113 76 81 -5 15 109 39 -82 2 -17 58 -91 -109 32 100 -82 -43 -108 49 20 3 106 32 32
0 0 0 -43 41 49 -104 -111 20 -105 81 -57 63 -121 112 -6 -24 32 72 -7 21 -116 20 -101 -7 117 -93 -112 84 106 16 -127
0 0 0 0 -119 -74 18 -89 92 110 41 112 96 -31 77 -73 18 -48 50 127 82 -22 -103 67 111 -7 126 -31 68 119 -127 -103
0 0 0 0 0 -78 27 -125 -9 103 -97 6 -119 119 -13 -30 -63 -41 62 -33 -123 -71 -25 -115 -60 -73 75 -20 115 -85 5 -119
0 0 0 0 0 0 -127 -5 -110 51 -85 34 107 57 -105 -91 -23 32 22 94 -67 -59 89 23 81 17 15 -95 16 59 77 65
0 0 0 0 0 0 0 -124 -41 -70 -52 124 12 71 51 -2 -70 -98 97 -60 60 11 -76 74 -7 -52 114 -64 52 -123 85 -26
0 0 0 0 0 0 0 0 -124 74 -57 -78 -79 48 121 -15 -108 -100 -123 -68 112 -10 -27 81 105 104 -125 81 121 -47 24 45
0 0 0 0 0 0 0 0 0 113 -88 92 106 -123 28 110 -8 111 27 1 112 -117 -123 68 -55 80 -29 -104 19 -111 -73 43
0 0 0 0 0 0 0 0 0 0 -38 41 -47 -121 1 -61 60 -88 56 70 60 30 -46 33 -94 -30 74 18 -120 4 -125 51
0 0 0 0 0 0 0 0 0 0 0 119 -58 25 127 -61 -11 -16 -52 -75 102 31 -62 -64 83 123 33 -54 -111 -16 -35 -118
0 0 0 0 0 0 0 0 0 0 0 0 34 -104 18 -28 -16 63 79 73 2 -91 123 18 -9 -73 80 22 100 31 100 -111
0 0 0 0 0 0 0 0 0 0 0 0 0 27 18 -76 -47 -104 48 -76 -64 -107 -122 115 -69 112 -109 -33 85 -43 64 -8
0 0 0 0 0 0 0 0 0 0 0 0 0 0 -113 -54 104 113 -99 42 9 -34 -52 89 -108 -75 71 17 89 107 -8 -80
0 0 0 0 0 0 0 0 0 0 0 0 0 0 0 -19 56 -85 -60 15 52 127 -58 -86 77 -45 -64 -43 -40 -25 -113 -114
0 0 0 0 0 0 0 0 0 0 0 0 0 0 0 0 -96 15 -61 53 4 -123 -13 -64 -71 -66 -64 -7 -71 119 -120 -63
0 0 0 0 0 0 0 0 0 0 0 0 0 0 0 0 0 41 109 -39 -91 -84 -51 30 -103 -6 97 -10 -9 35 -11 8
0 0 0 0 0 0 0 0 0 0 0 0 0 0 0 0 0 0 71 107 7 97 -63 -116 -84 28 49 -95 64 -98 121 92
0 0 0 0 0 0 0 0 0 0 0 0 0 0 0 0 0 0 0 61 -30 -17 -45 113 -69 62 10 -37 -39 -99 -110 -91
0 0 0 0 0 0 0 0 0 0 0 0 0 0 0 0 0 0 0 0 -65 -56 74 -74 -8 -63 43 105 114 -50 109 -123
0 0 0 0 0 0 0 0 0 0 0 0 0 0 0 0 0 0 0 0 0 61 114 44 -38 79 -76 28 28 -16 -88 -26
0 0 0 0 0 0 0 0 0 0 0 0 0 0 0 0 0 0 0 0 0 0 -20 35 44 55 -2 -85 94 93 -118 41
0 0 0 0 0 0 0 0 0 0 0 0 0 0 0 0 0 0 0 0 0 0 0 -20 119 51 75 88 122 -120 -92 -56
0 0 0 0 0 0 0 0 0 0 0 0 0 0 0 0 0 0 0 0 0 0 0 0 -114 -101 -45 -97 116 -45 -29 11
0 0 0 0 0 0 0 0 0 0 0 0 0 0 0 0 0 0 0 0 0 0 0 0 0 -105 -39 -49 65 -97 -35 -77
0 0 0 0 0 0 0 0 0 0 0 0 0 0 0 0 0 0 0 0 0 0 0 0 0 0 -17 3 -43 104 20 -65
0 0 0 0 0 0 0 0 0 0 0 0 0 0 0 0 0 0 0 0 0 0 0 0 0 0 0 -63 -107 -107 -28 -118
0 0 0 0 0 0 0 0 0 0 0 0 0 0 0 0 0 0 0 0 0 0 0 0 0 0 0 0 126 -7 -6 -35
0 0 0 0 0 0 0 0 0 0 0 0 0 0 0 0 0 0 0 0 0 0 0 0 0 0 0 0 0 32 -89 37
0 0 0 0 0 0 0 0 0 0 0 0 0 0 0 0 0 0 0 0 0 0 0 0 0 0 0 0 0 0 -87 -96
0 0 0 0 0 0 0 0 0 0 0 0 0 0 0 0 0 0 0 0 0 0 0 0 0 0 0 0 0 0 0 -102
0 0 0 0 0 0 0 0 0 0 0 0 0 0 0 0 0 0 0 0 0 0 0 0 0 0 0 0 0 0 0 0
