-81 0 0 0 0 0 0 0 0 0 0 0 0 0 0 0 0 0 0 0 0 0 0 0 0 0 0 0 0 0 0 0
-5 84 0 0 0 0 0 0 0 0 0 0 0 0 0 0 0 0 0 0 0 0 0 0 0 0 0 0 0 0 0 0
-23 -120 -104 0 0 0 0 0 0 0 0 0 0 0 0 0 0 0 0 0 0 0 0 0 0 0 0 0 0 0 0 0
-95 -21 -103 -7 0 0 0 0 0 0 0 0 0 0 0 0 0 0 0 0 0 0 0 0 0 0 0 0 0 0 0 0
-18 83 95 74 -33 0 0 0 0 0 0 0 0 0 0 0 0 0 0 0 0 0 0 0 0 0 0 0 0 0 0 0
8 41 36 -85 40 44 0 0 0 0 0 0 0 0 0 0 0 0 0 0 0 0 0 0 0 0 0 0 0 0 0 0
8 -32 23 -37 91 67 68 0 0 0 0 0 0 0 0 0 0 0 0 0 0 0 0 0 0 0 0 0 0 0 0 0
-26 108 97 -28 77 67 -9 96 0 0 0 0 0 0 0 0 0 0 0 0 0 0 0 0 0 0 0 0 0 0 0 0
42 104 117 -120 -23 91 37 23 111 0 0 0 0 0 0 0 0 0 0 0 0 0 0 0 0 0 0 0 0 0 0 0
116 -117 4 68 -114 124 110 -116 62 99 0 0 0 0 0 0 0 0 0 0 0 0 0 0 0 0 0 0 0 0 0 0
-22 18 -117 -75 85 -104 5 78 111 -105 14 0 0 0 0 0 0 0 0 0 0 0 0 0 0 0 0 0 0 0 0 0
-30 -25 31 -74 -70 -43 64 -29 -104 87 -84 36 0 0 0 0 0 0 0 0 0 0 0 0 0 0 0 0 0 0 0 0
54 51 19 43 102 -16 30 113 50 99 81 -72 -77 0 0 0 0 0 0 0 0 0 0 0 0 0 0 0 0 0 0 0
-49 123 56 -24 84 38 -43 -115 105 -119 -45 -112 68 6 0 0 0 0 0 0 0 0 0 0 0 0 0 0 0 0 0 0
0 -90 -106 71 47 121 126 -53 -70 -35 4 -3 -66 -5 17 0 0 0 0 0 0 0 0 0 0 0 0 0 0 0 0 0
-110 99 -66 84 75 87 -93 -108 -70 -125 -103 71 25 -111 118 -46 0 0 0 0 0 0 0 0 0 0 0 0 0 0 0 0
-107 75 52 53 93 51 100 -57 26 -12 84 6 65 11 -113 114 -56 0 0 0 0 0 0 0 0 0 0 0 0 0 0 0
60 90 76 -111 -48 82 8 -51 125 0 -69 -28 1 80 -119 -102 -105 -77 0 0 0 0 0 0 0 0 0 0 0 0 0 0
-11 -101 -83 101 -16 18 93 13 -33 -34 102 34 -24 119 -71 -122 -83 -119 -76 0 0 0 0 0 0 0 0 0 0 0 0 0
109 91 112 58 -126 -51 -11 106 -96 61 -124 -52 -98 -123 -41 -4 -70 2 117 -116 0 0 0 0 0 0 0 0 0 0 0 0
91 65 48 -48 23 54 -106 97 44 105 101 -77 -9 54 -106 105 25 -28 17 -124 -47 0 0 0 0 0 0 0 0 0 0 0
-42 13 -63 -61 62 54 -8 -5 99 -37 -94 90 -34 93 -60 58 -95 58 -6 -63 34 -33 0 0 0 0 0 0 0 0 0 0
14 -42 -59 17 41 -65 -98 18 54 -2 35 18 -21 -98 -114 78 -62 14 -122 -27 -34 103 -13 0 0 0 0 0 0 0 0 0
-72 -111 11 -48 -106 -79 -29 95 -74 52 119 -99 79 -16 -34 50 -53 -39 63 102 29 96 82 1 0 0 0 0 0 0 0 0
-85 -67 80 -104 -68 -28 -100 -37 -33 38 104 52 -122 -73 -76 53 -5 -60 -88 -72 14 73 -98 34 -117 0 0 0 0 0 0 0
52 0 -60 -100 -83 -90 -114 -96 -93 16 -31 0 -104 116 -85 -110 82 -103 26 -40 62 -65 97 106 -7 106 0 0 0 0 0 0
35 -1 28 -49 -119 74 48 -122 -29 -70 -76 -55 85 -29 37 24 60 107 55 3 -6 -100 -10 87 -60 -30 -112 0 0 0 0 0
-44 51 -51 56 -57 -13 -17 93 30 71 119 123 15 -38 7 -5 111 47 -18 51 120 -123 -99 101 79 -22 42 -27 0 0 0 0
-45 47 -7 104 -81 -17 -4 -94 26 110 -57 61 -22 64 46 -114 89 21 -71 -54 -22 118 16 107 75 -117 -84 3 -15 0 0 0
-39 -32 22 12 76 35 68 66 11 86 -81 85 125 -87 -36 4 50 -43 18 -95 14 -22 -71 -11 104 -63 23 -32 -45 -36 0 0
58 -91 111 -3 -113 -7 78 62 -124 57 88 97 -96 -92 71 -120 -121 -34 58 14 -24 36 -25 37 -113 -105 -76 26 -68 -94 -119 0
58 108 -70 100 42 4 41 82 67 20 107 -51 20 38 -26 -47 124 10 -104 64 122 32 -41 90 38 115 44 106 -127 99 90 -9
33 20 106 92 -13 -94 56 -79 -109 -105 41 29 107 16 20 -36 -104 46 -113 79 31 53 4 12 -118 -87 77 -90 -63 94 -127 99
46 -100 51 -67 0 -25 63 97 -18 -45 -114 -92 22 -43 68 8 -72 20 -28 26 -115 -5 -109 41 -52 -114 -124 -53 49 117 -47 -109
72 122 -71 -121 103 15 52 -124 -112 7 -31 6 101 33 1 -94 -60 -61 -25 -89 80 19 -24 77 -109 34 5 26 -48 -85 -3 47
-110 -99 26 41 24 -18 20 -11 114 93 -92 51 -95 6 121 -124 -127 26 -71 27 52 -88 -99 50 -71 -121 -102 57 -89 -110 -118 -28
-12 43 104 98 -8 -61 91 55 -50 -97 6 -35 -29 -119 116 72 67 77 79 41 -126 8 98 -106 80 64 111 6 -106 -19 89 -101
-45 45 -24 22 2 -8 -58 -17 13 -57 -77 -65 93 20 12 -63 -6 -14 48 -58 -97 -68 -22 61 -126 60 -48 99 -27 -53 -22 47
122 57 -108 29 96 -100 79 -31 -28 20 -108 -78 113 26 -99 114 109 49 87 -120 -80 3 -77 50 81 -25 -114 -126 127 -13 -99 -20
102 21 -100 -5 76 40 -44 -124 -75 72 -85 -32 -114 101 27 0 125 50 96 -48 -106 -32 38 1 -78 -26 77 -58 57 -102 53 7
32 24 -120 -111 4 18 62 106 -108 34 83 95 -18 -120 -105 -104 -56 99 64 104 -19 -60 69 53 98 -45 16 -92 11 34 108 15
-80 -73 124 20 -106 -92 95 -114 111 -11 33 93 82 54 -27 -51 95 89 -11 -125 -19 13 -94 -20 -76 -37 126 -30 -90 27 -79 -41
-71 54 -35 -106 45 35 118 15 120 27 -39 -35 19 41 121 -59 44 71 81 -33 116 -105 39 60 -82 24 -27 68 123 -110 -26 -38
12 114 103 60 -113 -47 -15 -30 59 2 -100 35 23 -59 -80 -33 8 -127 -47 -63 51 -91 69 -97 45 58 26 -14 -101 -8 -77 -59
-78 61 -109 55 -69 84 -49 59 109 104 35 -4 116 -70 22 -72 -42 11 57 113 -90 -125 -19 95 24 -91 70 -23 125 -51 93 15
27 87 94 81 -56 -34 91 85 79 -51 -6 -57 -97 122 68 35 92 5 127 -52 33 49 56 106 -99 111 -7 -61 -17 -122 -90 117
-47 -112 28 -126 -120 -11 -61 28 -63 19 95 -34 67 47 -75 -59 10 -17 -33 120 -101 -30 -4 -82 122 -122 0 -105 -99 -36 38 127
20 -27 82 -125 -48 50 86 -123 22 -68 111 52 -28 -3 7 -89 98 15 68 -49 -99 -103 122 117 -92 -125 -76 122 -44 -45 73 -74
-21 70 -70 -121 38 -63 7 -101 127 -97 67 50 -2 -100 127 -56 -75 80 -126 88 108 55 -42 18 -34 13 107 -39 -49 127 10 -91
56 -87 8 -104 -117 -64 -76 119 123 -45 73 -33 26 -89 53 -49 96 -7 40 117 44 62 85 127 -23 28 -115 33 -39 -123 -11 -57
-19 123 58 -50 31 72 -74 -94 11 98 -56 120 -72 -20 -57 -113 -21 75 -42 -81 106 109 125 39 -66 -123 -95 58 59 125 -1 -104
-92 94 -93 81 5 99 123 -92 -83 67 30 -1 127 0 -68 81 0 -30 -80 -29 -85 22 73 17 13 98 1 -115 98 123 95 49
-50 -84 65 53 60 -74 41 -64 120 112 -62 76 -91 62 -6 -84 -22 -85 22 -102 -10 61 -16 47 120 -64 18 -57 88 -43 15 -6
6 -55 -28 84 -98 -18 -92 105 52 44 1 -45 122 95 -41 -97 56 12 -95 -110 55 118 42 -29 50 53 -79 105 -6 44 34 120
-116 9 69 -47 -15 -25 3 118 118 0 -84 115 28 -68 -101 -59 -43 99 121 2 -82 -39 111 -66 -25 116 -91 -109 80 98 -27 106
-81 35 -88 33 -114 5 -16 -119 -16 -60 -122 69 -28 56 -62 -115 -19 -41 -85 -73 59 -46 7 -36 67 83 -96 -109 -1 -35 -125 86
-51 73 -62 86 48 -35 76 -79 52 38 127 -8 -9 -76 -100 46 106 39 -2 23 123 -120 63 84 10 -73 111 123 10 67 -98 -92
-21 55 -10 53 48 5 122 11 -34 58 3 84 -80 -35 -61 -39 115 6 -47 -47 74 -10 -16 -5 -23 80 -21 -116 96 -84 98 30
57 -101 -3 -74 -35 72 -40 -111 88 81 60 36 -21 -59 53 -30 -53 -76 -63 -88 -106 22 -34 -95 -30 -71 -15 -79 -3 -74 98 102
98 64 -13 84 20 87 120 -120 65 -70 -45 -46 -106 81 -7 13 -52 -88 102 30 -59 124 47 48 35 36 -13 87 -22 98 39 49
88 -35 -27 40 -15 122 33 -32 19 84 -110 52 49 -120 46 -122 44 -72 107 86 75 55 62 -73 -30 18 -82 58 -45 49 62 85
91 -100 125 63 -54 49 9 -14 26 52 -31 -56 95 -34 61 -118 102 4 58 2 115 52 -57 -72 -117 86 -38 -25 94 -63 -50 -83
-125 24 -39 10 48 108 24 -33 -110 118 -116 -2 -35 81 5 -2 37 124 -58 -19 -52 -47 -87 -64 -42 -73 85 112 111 -8 -127 -9
28 101 64 87 69 127 -36 -118 110 -24 -46 -56 -74 56 120 62 -50 21 61 51 91 61 -93 95 -120 100 26 -119 21 102 -127 53
0 90 53 -7 -53 -79 41 -43 7 -100 58 -91 8 -2 22 2 -12 -121 -107 66 -26 -78 105 116 80 -57 -5 1 12 64 -91 -46
0 0 81 -8 107 97 -7 -47 -12 -12 -64 -42 52 -73 2 -72 59 32 -60 -4 95 70 -27 102 -7 -113 -42 72 116 81 28 116
0 0 0 67 -54 43 -48 -89 -98 -53 -111 -93 78 12 102 17 109 37 117 -66 -15 103 -117 -9 -52 -86 5 -84 -17 100 80 84
0 0 0 0 -114 -22 -18 -92 -94 82 -44 -106 -88 -35 38 84 -105 66 112 -101 19 80 96 91 25 -14 56 -113 -90 -120 117 -59
0 0 0 0 0 -112 -32 16 -41 -26 -125 117 -69 -3 -83 98 -6 86 -105 -99 85 -21 -31 73 54 12 25 -83 -127 -11 -66 62
0 0 0 0 0 0 113 -92 -62 -58 -118 92 124 -84 -26 15 68 -35 1 -112 30 24 47 10 79 -18 -13 101 -76 -113 21 -50
0 0 0 0 0 0 0 124 49 -62 -21 -119 -91 100 -117 108 15 -112 105 -116 -84 -10 38 -104 108 -43 62 97 -33 23 100 -124
0 0 0 0 0 0 0 0 -77 -101 69 62 60 -98 -45 -86 -126 -83 61 34 13 -56 107 67 80 -46 -18 59 127 -74 29 60
0 0 0 0 0 0 0 0 0 -28 -75 -82 88 -32 -74 116 -105 3 68 -104 -46 78 68 -106 16 6 -31 53 99 -55 17 -99
0 0 0 0 0 0 0 0 0 0 -100 -79 21 102 5 85 10 -10 -114 -28 78 65 74 -114 -26 15 108 -35 -100 -67 65 48
0 0 0 0 0 0 0 0 0 0 0 92 83 -68 -22 35 -15 -113 60 81 69 17 75 -116 9 75 -103 8 -33 -19 40 -72
0 0 0 0 0 0 0 0 0 0 0 0 -75 -26 10 -58 11 84 109 86 -29 67 -13 -81 -71 -53 97 72 25 -104 91 4
0 0 0 0 0 0 0 0 0 0 0 0 0 -76 -127 106 -118 -86 -42 -83 104 -60 76 -33 -20 -42 112 -109 105 96 -4 5
0 0 0 0 0 0 0 0 0 0 0 0 0 0 -12 90 18 86 -48 100 53 -66 -81 -66 -124 -93 -110 102 -61 -124 -39 12
0 0 0 0 0 0 0 0 0 0 0 0 0 0 0 25 46 -38 87 -37 -28 124 -17 -34 -44 -78 115 -25 -20 104 -96 74
0 0 0 0 0 0 0 0 0 0 0 0 0 0 0 0 57 -66 84 -123 20 -43 -46 -74 54 44 -20 116 -45 115 -42 45
0 0 0 0 0 0 0 0 0 0 0 0 0 0 0 0 0 -119 77 41 -100 51 88 -121 -46 58 -108 98 32 -34 16 -110
0 0 0 0 0 0 0 0 0 0 0 0 0 0 0 0 0 0 -117 -29 36 -69 -127 85 30 -9 62 39 -26 51 15 13
0 0 0 0 0 0 0 0 0 0 0 0 0 0 0 0 0 0 0 101 119 -15 9 90 7 -50 -19 103 -89 102 -22 39
0 0 0 0 0 0 0 0 0 0 0 0 0 0 0 0 0 0 0 0 -21 -62 -43 39 126 -120 101 90 -77 1 3 80
0 0 0 0 0 0 0 0 0 0 0 0 0 0 0 0 0 0 0 0 0 -83 22 -62 113 -117 86 105 -16 78 -20 -120
0 0 0 0 0 0 0 0 0 0 0 0 0 0 0 0 0 0 0 0 0 0 -43 39 -82 123 -67 -42 -98 94 -80 -61
0 0 0 0 0 0 0 0 0 0 0 0 0 0 0 0 0 0 0 0 0 0 0 -126 92 -10 108 -49 -65 -10 -115 27
0 0 0 0 0 0 0 0 0 0 0 0 0 0 0 0 0 0 0 0 0 0 0 0 54 -84 97 -36 39 63 27 -60
0 0 0 0 0 0 0 0 0 0 0 0 0 0 0 0 0 0 0 0 0 0 0 0 0 34 -126 23 -66 -24 64 -79
0 0 0 0 0 0 0 0 0 0 0 0 0 0 0 0 0 0 0 0 0 0 0 0 0 0 42 75 39 -39 -80 30
0 0 0 0 0 0 0 0 0 0 0 0 0 0 0 0 0 0 0 0 0 0 0 0 0 0 0 77 112 -33 -21 -46
0 0 0 0 0 0 0 0 0 0 0 0 0 0 0 0 0 0 0 0 0 0 0 0 0 0 0 0 -59 -69 -124 -90
0 0 0 0 0 0 0 0 0 0 0 0 0 0 0 0 0 0 0 0 0 0 0 0 0 0 0 0 0 11 101 41
0 0 0 0 0 0 0 0 0 0 0 0 0 0 0 0 0 0 0 0 0 0 0 0 0 0 0 0 0 0 -99 90
0 0 0 0 0 0 0 0 0 0 0 0 0 0 0 0 0 0 0 0 0 0 0 0 0 0 0 0 0 0 0 -17
0 0 0 0 0 0 0 0 0 0 0 0 0 0 0 0 0 0 0 0 0 0 0 0 0 0 0 0 0 0 0 0
