-107953 -177104 -227818 -109614 62369 -47526 251172 -161896 -2391 67970 40949 -42522 -280756 144028 106207 73020 20412 65587 185529 9915 -119249 96448 -251701 301558 -199669 165877 142146 -3979 138488 100726 -303774 86079
-37854 -194012 -272922 -135175 -233529 -27413 213103 -207288 281102 -83563 -11455 -356585 -269556 124787 58085 326011 104406 -51353 81079 -81576 -218692 37394 -78789 93990 -430288 94249 -38889 172901 30661 84395 -207371 261282
-156313 -60386 -314876 -335538 38095 -135671 307550 -337780 257452 -45133 -19942 -221180 -355215 240071 127926 -73477 18379 -18501 183149 -64997 -64204 -51027 -324293 190147 -377788 -26754 5553 16937 86341 120563 -204479 294983
-41962 -210257 -285238 -112520 19193 -216851 288614 -204151 65082 -93845 201743 -198280 -301821 300772 152147 76302 -19635 110046 165187 31599 -82521 -44102 -124302 97271 -434759 36919 95200 -135021 234854 253112 -273667 159261
-157871 -55058 -215663 -96173 -68321 -203697 233782 -51890 7913 4364 210955 -215766 -230985 35162 135489 39328 102227 136981 -3340 18611 -212175 -217793 -220008 237669 99535 -39778 65411 27510 220655 -79086 -353030 175647
-246597 -20358 -363495 -245899 -140119 -8377 846 -203507 260679 -2402 16375 -108149 -367571 153844 211333 286770 36470 186809 53483 165978 -214862 -135102 -172251 141052 -197781 936 -126342 68282 47291 8242 -74111 242415
-14265 -105183 -370388 -117632 263521 -70069 218271 -215867 4209 -120330 92773 -119439 -63933 71656 -39207 156059 166232 158336 132771 23507 -70474 97660 -227013 278886 -284822 -33961 264597 -45055 35079 75865 -233928 25930
32320 -19851 -369052 -49525 102246 -264483 232044 -283065 190934 -235092 -26424 -232777 -234737 24533 115201 168610 37304 158880 121821 -27399 -169576 -16050 -155889 100182 -197843 117513 18912 -106241 86667 271176 -306942 141941
22451 -47913 -350783 -229273 51352 -174380 322687 -370907 67791 14440 79453 -145658 -215906 78512 147965 88599 192538 154011 342564 47889 -253506 30712 -111191 150674 -249194 104771 53096 -57513 82563 53541 -161837 259023
-15097 -151602 -238803 -102751 -54742 -186105 199918 -196906 92811 -211374 196177 -166500 -283326 66862 174658 212070 288709 112293 138370 85111 -207019 -100973 -266907 74645 -270414 93587 80969 -78911 39552 70319 -483906 85545
-102444 -152458 -232818 -78152 -6643 -195401 262560 -214182 244807 154140 170735 -151228 -281475 133082 129678 331055 193520 14920 166808 -38456 -276097 -171353 -96391 73519 -100872 206795 -2968 -16623 109583 128900 -240007 201724
-267145 -133427 -343641 -278309 35772 -76536 281273 -150399 179361 -187047 -38745 -133035 -196565 231747 239419 68409 75014 105674 150849 -101738 -137264 -149485 -303852 220924 -323157 167549 -72225 24199 -118062 48481 -248971 38150
-11904 -81813 -370876 -171250 14199 -21182 164491 -211144 135048 -56836 96865 -167276 -244949 221740 178633 244358 -70880 72170 205700 160196 -48173 -133533 -60851 78576 -170962 86712 59443 12795 110897 97856 -231931 166773
-44472 -237366 -341276 47530 123656 -19674 368522 -293327 223608 -112675 -158865 -41141 -229832 131945 -75252 168866 85065 68612 261853 69788 -118619 128664 16382 18820 -367352 126080 -108801 -31840 110153 -20253 -208188 368238
-33862 -321450 -294502 -82075 106066 -60820 313617 -349086 151709 -181451 120922 -236115 -215955 51664 93912 82703 44998 92046 151538 127062 -155317 -154252 -183589 129651 -253561 71509 2677 64743 66392 136441 -326040 32052
-67374 -82906 -230033 -268024 82992 104437 382761 -417296 22427 -59950 -111292 -109205 -210917 126907 133146 160606 140942 58160 50411 13510 -229167 25724 -180949 320824 -158036 129478 58816 -23335 3884 148844 -183774 96662
-85155 -88826 -293933 -144965 196304 20093 225220 -246031 29198 -3247 -19769 -136046 -195270 141938 -20282 187042 -36925 100646 290032 -25900 -157770 95313 -199028 270083 -115152 286580 -134819 -20172 -42638 141597 -188892 92555
-98977 -42621 -286044 -103027 49110 83222 161145 -272434 241059 -14238 -68249 -131650 -307892 349588 42855 147640 45688 92784 155433 -60795 -182384 16447 -42048 151448 -259591 143365 -59529 152734 134669 175560 -91128 -14533
131317 -202674 -245959 -128872 -20559 -45740 272260 -198033 80740 33037 54128 -59830 -205710 124754 73254 249459 55346 87440 276349 52191 -44777 -78373 -59295 180444 -314918 58700 70906 130740 57707 185468 -150171 133568
45130 -147776 -193109 -116256 110953 -120384 318017 -142024 76608 -68529 146408 -28356 -346917 264555 16241 112647 74551 135184 57080 132735 -326598 16633 -178639 73573 -290648 186144 67280 43063 -43228 96852 -177283 251311
8038 -178927 -364082 1120 121225 42172 328196 -134199 271373 41831 -27993 -15710 -113491 279018 23201 189008 69767 237940 136004 175145 -366047 -69330 -271442 127616 -209938 216691 -197581 44915 104847 313636 -385311 72826
-170909 -121174 -289092 -203226 -69612 -289554 269799 -192354 27504 69936 112066 -135048 -262849 302181 44906 196132 172329 283011 -72026 119671 -113749 868 -39983 268852 -173401 128765 37037 -20166 6937 168373 -203357 97584
-103185 -95903 -263068 -89928 -77386 78290 267965 -232215 213751 -67643 -99694 14812 -214404 181692 147634 83539 116836 80741 49463 20567 -271614 -70588 -161891 217436 -270713 152902 415 -23446 121460 199167 -222463 192531
-100034 -277020 -314595 -87154 -52385 -82406 426527 -173915 127773 -9892 142753 -205780 -304260 300432 136730 119354 43002 142422 166270 -67617 -252846 -56033 -209464 70508 -308467 90832 18197 -23947 -1148 64518 -303324 99032
21759 -142403 -424866 -222387 42062 -169396 417128 -321570 129353 -46036 41689 -2379 -121927 230056 153547 128601 -67307 279641 29307 -60003 -148278 -74976 -170861 82038 -171129 251567 21708 21575 102388 -37177 -196774 60700
-40454 -263462 -228686 -126465 89934 -69571 247868 -19869 173760 -15383 27207 -170260 -361326 58267 66758 203737 118198 114082 221381 -86773 -86704 -214734 -95951 213047 -134809 108541 85029 -2756 66980 16025 -185492 66599
-216326 -138317 -357898 -185763 73165 -128191 218862 -87595 49189 -171204 45250 17248 -279981 103466 182075 312663 36143 32893 253688 30132 -254294 -77642 -231867 249316 -212581 159279 24844 -48745 131145 16269 -150782 68457
-31933 -162186 -73131 -61216 183663 54463 163518 -379152 -31794 -5103 35146 -134916 -370924 197598 65919 139323 120193 76373 87381 89385 -130307 3097 -296306 99227 -163217 -74640 307810 -128726 144467 112652 -332830 119071
-259983 -184730 -230017 -248742 75649 -164169 239139 -244307 200953 71892 125763 -221593 -165940 142430 95891 233384 147345 107425 91422 -49215 -145332 17149 -211675 228503 -228770 187118 11995 178772 48619 21312 -338084 195135
-68318 -131358 -373565 -185685 58228 -65603 305494 -261454 227359 -87035 -66091 -136689 -245497 204132 166798 89221 27951 150495 154871 93497 -179953 15266 -252278 278118 -24128 -18295 19303 20909 169775 134383 -348652 215875
-80976 -4965 -315945 -94045 216055 -50984 285885 -181311 182723 -56450 -114469 -182678 -337719 149404 170834 60656 35879 115339 24509 66283 -171638 65118 -266955 42685 -288081 230934 102593 20243 28187 109366 -109828 80668
-97067 -64983 -144999 -138267 17628 -71845 101745 -184662 9181 -14438 94040 -29883 -195303 138334 144484 240265 186286 -7443 192836 -127902 -79237 182705 -210903 146692 -128010 74057 203725 -40366 74765 117771 -261835 25929
