-17646 25637 -24881 11575 -45739 20764 -31489 29099 -10437 19352 -1889 -16748 -68164 40830 45153 -30338 25055 18403 -27352 28641 37681 -26102 -34632 15065 5385 32446 -71266 67757 26397 -24870 2936 -22034
-20024 34550 -2211 -10846 -26168 21481 -57363 30285 -22482 30690 -57620 -31856 -5987 -1158 75683 -36722 3119 39222 -27901 28255 5496 -28762 15265 -5015 10360 61272 -106033 52401 55888 -15789 -15773 -6842
44321 60503 -710 20559 14351 64262 4665 47915 -11607 59143 -20641 -23820 -62086 32416 75658 3821 33103 37874 -13213 -15668 54710 -25201 24973 22602 -27704 -6551 -37753 66148 11112 34503 -15308 13423
24729 5496 -55271 -10795 -22120 4618 15183 9716 -68145 34359 -30122 -55036 -24005 32756 73556 -50610 49799 72666 -28602 25822 14741 -41463 23230 -2873 -18127 -16407 -59530 18017 -398 23112 18100 9715
-36168 4536 -13329 11558 -57608 16592 -6555 11183 -21339 35096 2416 -50978 -53767 5029 60328 -784 15636 33202 -25814 43356 22164 -7515 11472 45900 -38403 32504 -86781 26979 13488 -13641 -5513 -7562
2483 -3330 -6992 41087 -10355 30523 -6785 -17786 -22223 21068 -10292 -43961 -44427 23766 42281 -20863 37625 34566 -34792 33793 21069 -16795 -4822 -3473 -24389 -2917 -68892 38348 15379 7900 6068 -9679
20016 68303 -7497 -4650 -7560 68947 -14561 21293 -47404 20706 -27130 -24977 -15139 38277 91830 -20698 -33406 71855 -57459 26846 42218 1163 -27451 33977 -19324 28182 -42377 66020 -3549 52674 -1223 -6056
10513 39024 -50024 51388 -62781 57315 -25113 29305 -12151 16268 -36012 -52196 -65689 37972 94249 -25841 42896 31089 -52082 -18553 3094 -28828 -21524 15562 17336 -6626 -96732 66506 47974 -2477 -28375 -12796
11879 23447 -48471 -235 -9356 -13981 -6167 -19079 -16551 31068 -50317 -46379 -59623 -24666 18461 3630 63988 48904 -35779 10468 30534 -19071 -1720 -16967 3167 13001 -44496 45114 6252 -2177 -20664 15471
26338 4685 -44922 -6465 -18124 10217 -4671 -6559 -34936 4844 -41989 -41339 -24778 10745 78749 -43869 42175 59164 -72070 1073 -32729 4312 7351 4123 -32172 -473 -70936 48662 34474 -5437 -12078 13754
13273 26604 -47016 60539 -42989 32914 -2744 4612 -42777 43888 -12852 -32013 -59558 50974 100724 8432 32143 46201 -22806 33130 19508 4610 -14336 -14724 -10449 -16638 -80685 92181 28720 16962 11611 -69358
28820 12716 7137 34109 -55950 40295 7335 29588 -80638 19327 -7324 -58121 -77775 58251 70253 -41339 38163 38974 -33774 21302 14335 16927 766 -23384 11341 15446 -69140 48914 7952 37216 11274 14930
-22862 7229 -38712 -21094 -15159 -14257 -25451 -44135 15736 17316 -40204 -61310 -26219 -68 93170 -31067 42347 24590 -37775 37211 -7321 6868 28245 -1076 -33920 38433 -84803 -6130 24944 -9807 -16579 -24312
-12981 15442 -42591 23741 -26727 16966 -33697 -22333 -18890 24306 -22385 -6061 -44222 15372 22482 -15855 44654 10079 2746 29341 -13270 17398 -853 -10735 3407 8959 -81319 70745 16164 30008 -37732 -1727
190 12061 -18226 741 -45063 21535 7496 -33078 -64409 43314 -10708 -66451 -9899 7404 57497 -14267 3784 40409 -34890 54043 26121 -4795 -11589 -25896 -22809 21072 -76872 62692 -5385 -4303 12023 -17010
25912 9688 -26522 6832 -50003 -22927 -34690 17672 -42308 36152 -13120 -17066 -44210 44114 72079 16406 52950 41454 -49307 20452 10898 22896 -12162 1426 -14334 13125 -45100 46001 34903 -14228 -29725 14582
-6374 11837 -31674 17225 -33641 50979 -54959 1438 -24965 34693 -12251 -28648 -17221 -8092 94890 -20678 49589 27123 -67519 12866 1972 -14201 -20430 14367 -6440 26520 -76889 53935 57479 -7772 24933 -4829
16691 9581 -17624 8748 -11100 33131 -26441 -15008 -21977 20629 -37051 -42003 -49178 52582 69683 -28728 22890 66067 -64485 15963 19605 -24597 -1474 -46514 -12175 14834 -92914 52541 40381 10745 -10411 -4488
-35480 -34300 -19019 40693 -65609 30532 -28436 22847 -15974 -7690 -27416 -36805 -42806 34327 70404 -10714 19030 31797 -36957 13535 235 12145 1080 9513 11201 -5157 -81434 39178 56473 3256 22210 -9008
8893 49683 -42266 23207 2056 2849 -3436 27264 -43783 25369 -6663 9800 -39838 5883 50978 -48066 -22720 67329 -31550 40396 39470 -14859 -11930 -13463 3623 42389 -51201 49498 9329 -2805 -18377 -29537
-27259 50294 -18934 5357 -26834 28822 -46217 -37874 -16897 21303 -57616 -61906 -50449 30806 75856 -5732 32408 18224 -28176 5072 -4628 -32406 14552 -6847 -9840 14775 -54250 71166 28070 -25614 -20737 -6777
31197 6905 -50135 31966 -27653 27509 -7367 -37934 -53542 -4316 -2360 -94371 -17270 45673 79925 -31401 41292 64731 -61067 -32417 16426 2829 -36117 17470 -39415 -7007 -70056 20856 32606 2620 7908 -17572
-5967 10377 -14646 -20288 -15780 20097 -27630 -15581 6392 44456 -40659 -47085 2019 43870 48781 -3261 -3147 25179 -54168 28132 6835 5050 -16958 17535 -20609 33953 -56691 31216 38826 3205 -21963 -24369
22251 14784 -3708 15435 -34923 35437 -2677 13217 -43370 44442 -8026 -32508 -42551 8651 58481 -3220 -9114 59200 -61670 9208 27324 -22754 6098 12396 -4679 9118 -68458 49588 1587 8426 -22200 3861
-367 56417 -15750 5839 2307 14377 -4036 3293 -54043 45927 -24134 -26212 -76172 6340 30464 -951 -27342 25924 -33823 56144 33269 -7509 -7930 -31639 -3816 34116 -39930 81553 -22092 -8751 -26851 5403
2931 11171 13036 51079 4705 10472 -20654 31737 -26920 42422 7377 -15269 -61019 38439 95909 -15894 2250 47659 -28109 49722 700 -9513 21226 -8901 -52258 4306 -53044 23296 10283 -17987 9727 -1448
-3768 236 -24195 -3158 -45721 -22170 -65993 -8335 -2169 -8282 -40514 -71114 -17146 8870 79315 -1581 10917 38741 -72445 25084 -42725 13213 -7858 -32278 -9277 10963 -58555 24880 30467 3893 -11143 7784
-9369 -22783 3897 30852 -26888 13488 -8922 9195 14826 30262 -20165 -49307 -27328 30273 68117 -15809 17061 44590 -34467 7677 26271 1032 -15038 -1068 -23039 46092 -68321 29555 12340 24857 8271 2755
-8339 46163 -9961 23188 -2060 42254 -10843 24845 -61986 51472 -690 14168 -84497 53909 24042 -17541 -930 56849 -43925 4375 43323 -66837 5353 12893 -12670 52709 -26488 54592 17442 -17231 -27773 20061
-1273 25976 -20464 6297 -48123 2570 -38627 -8558 -6239 30624 -19723 -11785 -49370 -10659 79322 -8048 54588 44950 -53860 38924 -3549 9124 -18398 6623 -18576 9311 -90697 44510 29585 285 -15244 -30764
9758 7539 1821 57108 -87013 76431 -27687 -9083 -17018 12280 -38942 -56572 -11285 63912 69834 16255 17022 30189 -45014 -31302 30401 -5976 -12157 -2036 7363 -2911 -95239 53129 28379 88179 12839 8659
32047 17344 17554 31388 -16934 56244 -29952 -11327 7846 21234 -18688 -97092 -12149 49893 67220 238 12098 20576 -34604 -15355 -5798 -4404 -5923 -13085 -3317 6476 -33832 13760 28866 14280 3879 -44204
