-30256 63031 -38368 45967 -85936 -33900 -27674 -27914 7038 -19272 46315 -24585 48690 -5143 33433 -32755 -40116 -12557 -49701 95613 -29842 -56816 17414 85175 28830 -31863 -3533 -15092 -14736 -37638 61849 -82836
-29310 19737 -55993 58578 -92799 -14224 7156 -17776 -15369 -26656 63241 -10615 31820 -2527 -4829 -52358 -14803 -21198 -41335 26967 -78276 -22419 13847 89642 109216 -86653 -4549 -25055 -1632 -36452 47210 -59571
-30224 -6271 -35658 64064 -48586 -38453 18372 -15279 -7507 -34192 18040 -1839 4105 22938 62246 -45855 -74265 10984 -67939 98721 -18840 -55245 -8324 76626 31748 -62167 13554 -56833 66069 -30695 24334 -113223
-50876 53329 -33373 59501 -41189 -50222 -19265 -34265 60 -5808 25884 3158 41957 7112 35962 -13259 -22113 20789 -38513 52979 -92029 -82740 9987 70379 21094 -41855 -19515 -23766 988 -18872 28129 -71591
-21806 33264 -65337 19271 -58056 -26988 -31766 -72526 10601 13587 73301 -12282 20047 37004 10846 -32953 -66561 16779 -49009 29826 -54667 4862 -44103 40503 52140 -73886 -16428 -5530 13918 -88645 37923 -96729
-12363 8887 -29796 67978 -64834 -25367 -33115 -30476 33268 -42311 60936 12908 45343 24666 15763 -42853 -24813 -6504 28603 40364 -72790 -23940 -6371 60983 43575 -51127 29041 -31656 38559 -33533 51575 -51910
-42680 33310 -40133 34587 -95768 -42670 25920 -107514 -21207 -21906 16327 -27287 45570 42070 2313 -35148 -16351 36725 -30787 67330 -32665 1614 -3717 54093 86588 -44447 -13901 -62517 48066 -37846 6800 -112395
-43760 40679 -84797 25881 -34256 8068 -28024 -47146 58333 33635 25851 -22642 27909 65238 55713 -36050 -51918 28654 -33123 107205 -61508 -55689 -48663 56581 63554 -66864 3532 -43695 18202 -55979 52360 -109037
-2281 14445 -57950 29270 -71876 -16805 -1462 -43246 -26545 11496 3939 -7309 43870 13962 2408 -75811 -35200 -18984 -24870 66903 -57867 -56759 -15923 73460 25849 -18066 33324 -51789 41441 -13070 40068 -85137
-41970 70650 -12469 51274 -78977 3657 -14331 -53225 1684 -15171 54121 12961 47353 44038 1077 -69638 -15453 -15996 -13527 58956 -64226 -15024 19155 71028 88475 -34525 -4048 -6717 -23 -58891 20506 -67320
-4422 22119 -39262 52188 -81654 -10503 -32557 -33032 10203 -10471 65075 8521 41257 47221 31137 -38708 -24917 35242 -22456 77419 -53491 -17371 -36242 63502 53017 -80170 23288 -39618 25105 -50844 66216 -101241
-9369 92521 -56570 30170 -104942 -24072 4572 -82902 -13501 -28021 42009 -41132 50176 4627 20822 -11647 -38706 12015 -5420 49995 -77135 -13194 19665 108349 45520 -66508 14382 -11265 10767 -22886 21703 -125761
-50223 -13250 -43407 62217 -66852 -65864 -4724 5512 26300 -27096 27185 22749 17743 6636 48439 -61205 -49647 42151 -61306 80930 -11968 -87671 -1209 71558 17887 -110363 -8945 -40693 40005 -45283 34895 -93159
-10794 35659 -26639 55480 -71451 9178 -3733 13967 -1855 -11552 56509 28864 29741 31654 19836 -59684 -29416 -12065 3275 60585 -78088 -35563 22462 78585 40532 -43252 20317 -7855 30320 -45708 61791 -71735
-40105 -4654 -42166 31933 -48625 -12541 3429 -35143 -4410 -23533 62367 -20709 -11996 16978 20849 -23417 -50082 23795 -41137 33384 -66277 -54539 -26310 64794 11675 -85858 9050 -25895 3046 -18507 81203 -117189
-23473 8438 -54104 20174 -51043 -14232 -9247 -31697 24041 -12773 20746 6059 33573 44899 44162 -61008 -15609 15929 9625 51542 -41806 -94532 -42282 37419 11810 -33991 796 -40534 40615 -3104 15140 -85176
-35492 -7876 -46817 20520 -82035 12516 -48039 21082 -4952 -2774 42095 -24594 -4421 8276 4647 -6353 -43325 6566 5400 81171 -45181 -18962 7071 117930 91487 -64961 11075 -35217 4383 8927 85327 -49210
-27870 40875 -44277 70645 -80441 -25382 -6200 -24130 -5637 -26308 48896 -8579 42788 38975 9329 -35197 -5048 -9105 -52856 39170 -55020 -40128 -30361 58287 71427 -58359 27788 -32973 5938 -32314 68827 -68335
-40591 37377 -67146 34721 -73663 -22708 19662 -37257 14946 -17064 26762 -39997 10998 8151 -7000 -54288 -25238 8721 -21373 78840 -39851 -18659 -6135 71103 44497 -46087 27362 -23940 27774 -20804 -16416 -118683
-18851 31153 -51579 36909 -80251 -1026 -14910 -8766 30497 -18133 20026 48770 31978 24848 96928 -73115 -59654 24461 -26835 107550 1264 -46198 -29406 78992 10823 -42610 -103 -38395 -19321 -57893 53714 -61111
-13035 12197 -51611 59014 -44491 -23133 -14748 -39084 20055 -42326 53509 -31762 43325 -4146 25188 -18597 -7326 -7099 -22154 53422 -58708 -36867 -23628 52039 63806 -59142 -14086 -4530 -7821 -12287 76704 -66766
-35919 4522 -44237 14977 -64430 -41838 16251 -11256 -8974 -33513 58147 -30184 54827 6631 -104 -15155 -58154 4872 -51443 69269 -53189 -7253 -3218 75822 35247 -79287 9869 -55320 8957 -28939 39573 -89196
-29068 24724 -51796 24920 -51139 -42638 -36195 -11119 -17503 6863 53924 -2994 35673 28860 34870 -15299 -1178 64114 -8950 47897 -15443 1817 -13094 44490 60976 -48642 -44820 -33960 20098 25022 32031 -58384
-17129 20488 -57383 35412 -57854 -50625 -11293 20172 -16875 -41827 56996 -8174 42821 30462 68190 -49296 -61055 21942 -37301 63163 -50152 -27610 -40495 74017 64368 -76474 235 11051 -3907 -27905 63939 -77513
-42461 61546 -43028 59644 -90466 -19147 12156 -6370 -33017 -68675 41748 1323 34547 31813 12031 -17427 4013 36845 -44806 77469 -34200 -22590 32818 67567 55346 -68735 -930 -29535 16417 -16017 21018 -99853
-13344 49160 -57505 73120 -31382 -31041 -11181 -3583 -2776 -14909 41023 -8104 9992 13149 12333 -60185 -1377 18630 -40892 78007 -42561 -44269 22426 114494 68624 -57910 7326 -58941 42870 -49166 -6591 -104866
-59491 10911 -71016 47560 -45455 -22863 24489 -20132 16830 -34204 59179 -14503 23777 25620 43821 -27297 -24616 -7414 -43808 78119 -36248 -25081 -459 66412 42528 -7695 32581 -45438 -7818 -34640 48414 -110500
-37396 66112 -35104 32395 -61888 -15108 5635 -39708 -20565 -51569 66797 14516 36753 34426 30478 -23014 -27329 9566 -1511 61482 -51942 5198 4888 68598 31413 -12777 -15924 -33329 24926 -42840 -1091 -81186
-47898 34726 -12087 8779 -89916 6889 -4660 -28667 -14395 -9489 52877 -31143 12110 54365 25271 -48779 -50428 6995 4222 63493 -38384 -24868 -15017 39609 54056 -67337 19769 -16919 41844 -41851 28820 -49481
-7889 15412 -24003 30997 -69086 -26570 4282 -45600 7302 5104 53148 -19887 8308 51153 27298 -39918 -31365 40398 -19173 54763 -41999 -25448 -56692 7563 44868 -76970 -17829 -41214 57098 -53225 55116 -87951
-9493 41226 -52967 46436 -33993 -36744 29661 -66783 -5202 -9445 17548 -38501 54831 4234 37478 -32054 -17210 20722 -45524 65322 -49765 -24480 -12400 25503 54096 -37789 -54470 -36862 21276 -17529 -2638 -104177
-43609 5859 -90673 28674 -48542 -49651 -12935 -32989 6236 -3220 8468 -46826 -3189 34272 32600 -47358 -26430 -1439 -26551 101932 -61714 -74226 -38637 79793 44060 -25688 31450 -48402 29413 -36261 15194 -69866
