-46511 32072 -5915 35610 -52948 -25912 -21016 -29172 17320 -20284 38859 -53683 16476 8365 32152 -54291 -21615 9802 -24448 84801 -26601 -43447 -16350 58345 51667 -37543 -4290 -15614 62859 -95601 -16996 -53237
-20396 35603 -40804 70102 -84251 -52722 -59893 -26771 -66744 -23507 60245 -6235 12975 4278 -14193 -30572 -85128 -4258 -6668 65837 -58359 -59766 7945 81454 14611 -60696 22546 -41972 3620 -35306 53714 -72918
-24511 16244 -40487 64720 -61837 -29538 22639 -20767 7981 -12692 15132 -10376 27831 -29850 59667 -18267 -11128 3478 -43187 66043 -20416 -89276 11112 65834 29959 -28843 -20913 -53436 18608 -40919 48165 -57646
-16202 34759 -45148 79151 -50293 -53339 -12527 3985 -16285 -32789 55179 23981 43638 16107 48791 -60227 -42101 7111 -6309 112564 -24759 -24541 -34572 65762 24120 -27115 -6385 -50038 19028 -4931 44927 -60769
-27119 37943 -46257 50048 -36252 -62697 -21554 -54232 22658 -35123 36315 -10383 33429 3175 50836 -39169 -30305 222 -55591 47752 -55794 11491 1636 50148 44931 -66207 -23348 -32746 -8773 -6128 21897 -115522
-32996 28506 -29796 27714 -79570 -8421 -18924 -14817 1397 -13478 23567 5133 -29818 45569 10229 -19430 -66716 34960 -27276 50460 -69222 -14070 -20947 85945 75994 -92415 194 9837 47972 -29594 52358 -95263
-17097 34847 -59853 37527 -106935 -42045 -19166 22258 -40721 -10745 76662 2666 38990 12613 32637 -39042 -37378 65 -48028 76432 -26361 -6225 -8840 68601 45775 -20464 -803 -34600 -12485 -49553 78688 -81424
-33101 58792 -73310 34045 -97840 -27603 4208 -42370 2402 -19416 59414 585 62717 33275 32443 6270 -31640 3142 -31281 56449 -83419 -60275 12785 36087 45473 -37269 2922 -23569 2772 -37096 13520 -87068
-7961 5257 -34753 32735 -56689 -20207 9919 17952 -9060 -3585 56127 8455 77596 37546 105665 -74504 -48525 -2245 9746 67726 -50068 -26843 -14303 62650 56453 -21719 -13348 -35697 3457 -22320 73191 -75092
-17211 54178 -43809 79616 -79075 -48937 4369 -29256 -16891 -29197 51568 3773 18416 -9076 36622 -47627 -7165 43986 -24279 87367 -13647 15417 -12100 60042 41475 -49730 -39791 -30544 19734 -30253 14663 -75574
-6051 63981 -8283 63688 -82677 -31036 -15230 -52271 4929 -41030 52114 33840 20747 12226 10638 -37054 -16316 32825 -1232 34162 -66559 -23821 -4552 74675 12088 -30655 16238 -6191 214 -40773 60236 -111755
-36920 26884 -77425 72423 -52327 -11466 -12860 -21740 -19358 -30153 -3330 -8944 17179 21907 47356 -23312 -15952 37746 -49533 81953 -45006 -81157 -15414 82745 60349 -57545 18264 -16094 44221 -47493 3540 -92073
-60779 -3741 -54871 38481 -49938 -11227 18717 -23853 8991 -25837 38858 11761 15410 39519 40935 -29410 -29863 37096 -13973 76783 -58446 -48340 -6672 68494 33807 -44729 10230 -15086 41793 -33716 38456 -79406
4844 12910 -78000 44320 -53800 -10850 2977 -20081 -29648 -20118 54877 -20856 34262 920 47234 -64890 -72380 -82269 -46363 69489 -71341 -19257 11512 69632 76070 -18789 273 -7605 -19842 -73688 58481 -85473
-50405 38434 -46854 62078 -49829 -32332 -25582 -51417 7096 -18107 73157 -20505 39335 19324 63270 -12363 -77314 5062 -46946 40578 -100600 -16685 -23788 41670 52897 -59566 -17183 4889 -38335 -25342 51768 -95832
-22737 -6191 -54793 69433 -66442 -35604 -18184 -26616 14180 -18484 37013 4625 7553 28572 32870 -89098 -70900 12611 -33385 75299 -14825 -24937 -63836 64385 51261 -78108 56595 -41213 39357 -76844 47358 -70379
-30362 35902 -32341 38459 -45523 -8501 -30085 -2142 -11540 -18883 55989 -10743 35924 16096 -10308 -75810 -9738 -10828 -804 96660 -22342 -57708 -2000 86376 80950 -22785 -24652 15539 27437 -51058 15730 -74521
33235 16578 -97461 37955 -61450 -5723 -32874 -32624 1412 -8317 35012 -6033 10506 34033 30010 -61881 -29472 26864 -17356 73610 -71496 -30737 -32168 70776 60208 -65164 6594 -27494 25895 -76222 62202 -98911
-32262 5011 -7580 96026 -55927 -29659 -30586 -40482 -24967 -27263 17383 14364 7714 -25914 25748 -33692 -35571 37438 -11364 78353 -32909 -60130 -13161 53677 1506 -40597 5876 -19338 49202 -58251 22742 -96710
-56188 -11274 -14579 40064 -49998 -30977 -22482 -55456 599 17595 27030 -1953 73446 26647 31031 -74253 8930 24551 -78288 29406 -11867 -54226 -45810 33229 21116 -25981 -1946 22075 33524 -60798 42142 -111199
-39454 40302 -53213 63400 -102371 -39237 16803 -38443 25406 -27454 -4505 9435 53023 29015 48880 -62665 -50380 23917 -22949 87317 -39549 -86212 -13582 77106 7923 -76358 32281 -61996 25529 2145 21918 -72318
-35058 50429 -25012 78858 -74448 -17174 947 -59910 -15862 -9047 60764 -13324 20384 30551 21780 -38860 -38056 -16109 -56523 79857 -61929 -51692 -11152 76890 27711 -37388 33728 -8686 -9903 -31247 60588 -101132
-55503 3943 -46577 41953 -22403 -37882 1536 14227 39007 -44122 52537 -8702 15413 7540 54275 -24229 -6385 5945 -16487 77647 -42447 -40885 -8255 82167 45224 -75598 23163 -74759 -1322 -15831 46625 -76679
-30443 59861 -42107 13815 -48095 -59414 -14016 -21210 14795 -27304 57074 -69443 18785 31937 4890 13048 -21791 19492 -22450 56809 -51239 -52871 -35800 45896 65201 -51481 -7837 -68389 25091 -48594 28211 -41243
-6476 25554 -12420 52412 -108134 -9383 -24869 8010 12979 -30505 57044 1477 35811 -21296 11088 -81207 6197 34921 -22391 67002 -20455 6573 21447 104184 101816 -55083 4511 -3039 800 -39158 73201 -53119
-23199 31368 -8435 27694 -55366 -12728 -31175 -36921 -35635 -51169 59645 -24733 -28067 20725 13745 -14594 -60217 5609 -41221 66421 -47823 -15517 9003 88618 61044 -52913 15296 1831 7547 -52243 40204 -44923
-29429 11390 -34856 71853 -58276 -12571 18739 -1988 41378 17755 41107 -10331 12907 13401 28731 -40096 -56666 13291 -39103 60750 -87319 -73553 -44201 42100 33083 -46250 10751 -53248 36984 -85349 51925 -27027
-56991 7455 -10685 44930 -71913 -38806 -29956 -21877 40300 -13261 5351 -14418 56416 5606 41019 -37638 -39917 58082 -41660 42351 -44420 -48449 -39103 70621 21111 -96530 31986 -15948 20934 21446 51138 -88514
-87284 56640 -63534 45974 -97065 2912 23775 -62232 -6740 -41787 36573 -34369 35750 11239 -10792 -14578 -37970 -2158 -50450 48525 -50755 -11877 24947 75916 67628 -85039 34672 3702 -9376 3119 18771 -88318
-79860 54019 -14214 42235 -56935 17618 2998 -28874 14745 -32848 37260 -8479 24671 14256 60318 -15180 -36171 8883 -39870 87415 5341 -16470 -15934 99273 46942 -32756 -23139 -17601 13826 -21119 44447 -95082
-57755 36126 -77893 57954 -40833 -13705 223 -14914 11230 -44596 43708 8835 9989 10357 58478 -9771 -4858 13054 14719 70932 -66494 -19220 5739 44085 41599 -39494 10437 -34518 -2257 -7111 19280 -56833
-47120 20558 -52460 108259 -81197 -50855 11026 -19322 -16556 -9094 44606 18574 69263 15146 53315 -55610 -43762 12105 -39563 66231 -46491 -97865 -16230 29081 16498 -44603 -52267 2044 16484 -21284 49432 -128380
