1292 5408 11710 -51071 -8869 -8496 -20261 -7764 -11791 -20641 -68229 -94186 23328 11522 -28404 -2433 32953 -94479 -70465 -8040 -74863 24289 -117880 17873 15 -2634 8560 10132 1389 20215 6236 25661
27637 -19480 42397 -3874 28986 20312 6141 45243 -43921 -10374 9322 -1897 34412 -17882 -36520 14190 42225 -61261 -86456 5127 -30235 24851 -80679 -4827 28672 -2835 980 3853 -30946 7385 2144 25612
816 2458 42619 10860 17043 -8400 4407 73417 -51428 -23808 -20479 -57895 39713 9263 3214 13051 30402 -97626 -83395 -18141 14780 -27655 -63546 -8027 -8867 25285 31417 631 -35076 43212 10702 54408
7104 4883 35354 -60546 31264 20941 -57613 34895 -42309 -10258 -11845 16272 50518 -11021 12850 18635 24210 -85732 -106678 -76054 -6044 42736 -89252 -20351 -28000 -20309 3795 13721 1357 3738 7566 -6903
5278 -41516 41698 2374 27588 20646 -12311 -10943 -32709 -38194 -11417 -46997 46786 20872 -15081 -12087 38538 -70226 -79216 -36381 2681 -4795 -100013 -29526 9285 16115 20693 -530 -12699 17819 -17162 31308
34814 -31317 88543 14228 -11014 1756 -33575 28534 -33327 17527 -18674 -42532 55340 -5208 -19698 16442 6227 -66613 -63699 -51142 -25963 6831 -90355 -32025 65400 26096 16963 32291 7814 44119 -31006 12169
12470 -12562 63873 -34330 1011 -12765 -56130 5631 -26049 -2605 4301 -66510 26374 13774 -2442 9482 -6799 -54485 -52753 -28190 -70811 28276 -66670 -29620 16980 -13206 28006 49489 23134 -26941 -27513 -7359
46812 -1259 86805 -71453 -16229 60834 -34011 16056 -76122 -30514 -41201 -28936 37487 27979 -17304 60291 39983 -88011 -81607 -38660 -66394 22510 -117324 5536 35342 -15166 -25662 24581 -2533 12669 -14565 17301
12044 -33612 64471 1458 24308 -806 -30638 -4892 -13458 3987 -7491 -64027 14291 26351 -21057 -22769 -3158 -95124 -83411 -23497 -54015 42489 -79210 -9098 64961 -6178 17248 37606 9909 3604 -26005 42088
18239 -44010 21181 -5482 9914 -16022 4436 20373 -41480 3053 -39709 -50219 34182 39724 -37790 58908 10050 -72397 -52359 -32876 -47434 -4311 -97299 -42222 10851 14618 2488 9758 -1982 32383 -37872 -13364
-19294 -29233 24210 -31940 37836 33572 -44132 37422 -44572 -3463 -20980 -15275 68977 20578 -21752 72873 16825 -79644 -61788 -32259 14757 24384 -56901 -5365 -17359 20930 15321 50848 13717 42284 297 2712
58744 -20220 28477 -44624 -31277 -5216 -25689 33323 -6276 -5683 -32172 -30946 35175 -42043 -21427 -3390 58674 -88855 -64317 -1834 -57470 7672 -112515 -38657 -26578 -6797 22220 23027 -9176 62370 -24933 44709
1351 -32391 34689 18595 -24674 17800 -27229 28224 -42647 18684 -25593 -37567 20974 45389 -11981 -13042 10544 -99357 -38925 -24608 -19578 10648 -155325 -38489 42146 -22201 11851 54962 10925 25641 4799 66494
20242 7143 43261 -1489 28452 23265 -8175 51061 -59872 -34736 -11560 -18678 51700 -335 -21427 21466 1662 -63485 -54733 -22784 3885 17415 -107392 -28623 -5782 2412 26778 1687 -34163 45897 -29391 52421
48094 -22023 44765 3984 1014 29597 -48105 10896 -13391 -17180 3824 3607 32267 5570 -31008 6330 659 -70181 -27008 1726 -25197 26391 -66545 -37983 19869 -16564 32058 2279 -20840 45649 -2363 66603
75738 -46067 66987 -39285 1096 13110 23116 20321 -44513 -26903 -39456 -41902 -12762 18826 -49845 16481 18941 -61120 -62095 16944 -40969 8475 -109445 -23485 25744 -34837 23800 -17890 -1226 63808 -34251 47263
46879 -46877 47414 -31842 24133 25743 -53735 19923 -6254 8817 -7923 -55500 12860 -17282 -49022 6731 9676 -83550 -58843 8858 -69984 30158 -82794 -3090 4326 26586 9063 52545 -53068 26054 -11882 488
44210 -2251 63243 16079 34826 26102 8106 45593 -62756 -38057 -25504 -21757 6915 23430 -38167 55904 19699 -81112 -85261 7854 -27839 58150 -86399 -45056 2210 -6262 26156 -13032 -6191 35313 -9275 18180
16963 -15148 69105 -11821 -39714 3803 -38292 38483 -46754 26060 -34188 -49876 28827 2055 -40324 38383 38300 -73586 -37314 -9071 -50565 9252 -131311 9653 11341 47193 -7561 -8803 1157 14899 13083 22149
35954 -37534 59886 -53775 -22480 23596 -52139 -6383 -11807 -15859 -18646 -38593 -5823 -2658 -10719 -53 2285 -66395 -76562 -40119 -53884 35816 -103452 -10042 13778 53220 -24973 13262 20208 -10284 -21427 45524
23829 -34818 80937 -18492 7878 1355 -694 -9164 2028 -34732 -11353 -51759 24007 -30985 -36017 29942 12059 -47373 -54010 16309 -44391 29430 -114022 -63749 -41458 -3606 18612 19966 -9116 59337 -7118 14892
3624 5943 47409 -23575 46904 70406 -32261 47684 -70154 -31410 -25756 -9008 51047 10794 2076 45170 14014 -73126 -68377 -29758 1783 33999 -79765 24327 -33879 23182 24581 47798 4218 33643 -6974 25541
25683 -24804 68160 -58121 1271 60864 -19774 44581 -42436 2530 -14541 -59888 75317 29572 -38609 54670 30290 -71177 -93812 4422 -64989 43934 -117898 -29710 9511 5454 26857 16595 -21641 11772 -16147 -2038
12533 -42775 40262 -41131 -4393 32471 -52164 -6744 -50045 -11764 -4929 -45420 6061 -17568 -23535 -1936 7987 -86337 -49344 -45320 -71441 17116 -124000 -6690 -41072 29943 4015 42215 6323 29966 -10378 36079
28253 2133 31426 -37887 19979 4015 -52524 35974 -20798 21825 -20372 -21801 25086 -16723 -51326 25031 -6175 -83193 -44460 -2615 -44934 29475 -50125 12349 -8625 -13994 29483 61900 6679 33441 7134 -4831
-10019 -22516 44118 -2779 609 21524 -43100 35290 -50709 -62535 2558 -60833 26775 14872 -24322 36917 47354 -66485 -101974 8362 -47764 31310 -101773 2112 17264 3472 -53 22426 5741 17033 2643 38724
23846 5617 43708 -29863 -11875 -31083 7485 10031 -39844 -31335 -24917 -44488 44973 -20415 11093 -17150 23362 -73949 -56324 -12626 -75684 22164 -119914 -31264 11187 -56778 -4121 23443 8112 11942 -2495 25670
29413 -66498 50400 -21131 4162 39741 -13700 15135 -22524 -11670 -36956 -92313 26332 -1329 -39462 848 40202 -77460 -39991 -9102 -85585 25801 -141913 -11945 -2555 15613 2383 21602 -10321 12092 -26808 42590
-37122 1096 43027 -4471 7636 -5364 23814 17509 -59747 -18451 -38167 -32522 98497 14407 -13431 39074 42336 -73770 -97165 -3083 -15446 42090 -119485 -41829 -18991 -26162 6235 27441 29288 77014 14586 -933
24207 -31129 62480 -43263 4548 33865 -14063 53096 -33644 -20530 -32303 -74097 11943 -48622 7172 26211 26448 -75823 -51445 -40250 -71521 -27177 -113910 -4216 -36515 51317 14872 3699 -23053 3896 -40055 32499
-2579 -48655 44973 -7763 -10403 28036 -33436 35959 -61408 -16143 -18091 -13881 8128 -388 -14800 26006 15562 -65858 -75585 -38674 -45121 3358 -124921 -31762 -7859 4185 -10559 49255 15168 2400 -40556 30774
61872 -41164 -1880 -52349 44616 50180 -101 10807 -27393 -12508 -45689 -58302 19519 13424 -44202 21307 44810 -84951 -118982 -2850 -36624 6324 -122050 16379 22975 -15233 -18896 50910 -1798 46550 13412 -10607
