35170 27432 14589 58836 -86352 31137 28464 -847 -53294 41885 153717 -61266 17183 39142 -92645 32714 -37508 -23804 88636 -38425 32103 33951 27092 54620 32439 -27493 -46014 74007 23106 -47978 61307 30295
24771 28749 -7809 57491 -22321 -3192 -2177 -28315 -27807 -8454 146292 -105353 403 -33026 -77162 -24257 -70452 -28051 66539 -62421 67722 46182 5154 43750 34381 -48581 -65881 31751 23196 -13474 43390 -15574
9857 -16433 613 27755 -57381 346 -21691 -2016 -41905 -2362 101776 -82906 17385 -9951 -40452 34104 -55411 -38282 63179 -9882 35724 -1254 38305 55626 54200 -21838 -78322 48083 52560 -30193 4079 36518
-12930 57785 15924 11491 -52326 26863 -1132 -33322 -40126 30160 133264 -75367 12819 -17308 -80626 49833 -45879 -24638 77280 -34984 13162 32895 37461 66474 31641 -40396 -82093 58347 76849 -71830 47973 -12751
25672 21503 -9706 50275 -72330 -13290 952 -22275 -33590 32164 112587 -85800 1549 374 -22284 1572 -59858 -27074 62811 -35476 23339 11179 20849 34624 18416 -48145 -96203 71565 16087 -2472 -29279 42021
-29072 25733 34445 38199 -70508 544 8601 35755 377 6640 115788 -53794 -36609 -25712 -72797 28760 -17640 627 37491 -66178 2112 18435 47507 49187 76622 -51594 -58198 35191 -25788 -32493 5233 -9065
-1429 16634 34165 55148 -47416 27920 -4155 -22794 3324 -4299 124541 -39452 -26819 -17212 -38083 -9329 -26671 -31666 46314 -19977 7067 -14610 87258 67380 65508 -37099 -57781 23440 10491 -34796 32979 -39595
4426 5011 -4716 21747 -51850 33595 -7921 -21514 -11890 1972 89110 -49704 24640 18329 -62263 15030 -72650 -55822 36543 -23959 17038 12547 28573 9828 30985 -4983 -90786 66331 43004 9234 20927 3947
15399 8951 19276 51069 -61427 35572 18549 -74974 -13908 -14220 128169 -54931 18968 -5462 -66845 42092 -47313 -42676 29027 -33343 10393 14232 22803 19369 21598 5835 -61138 46971 17229 -39839 45628 -2471
-7183 28467 63436 23439 -40662 17128 -26857 -16711 -55389 42336 131479 -63113 -26439 -19626 -59718 80882 -42496 -2858 77199 -19844 42651 -26881 24501 39654 36946 -62548 -82437 62416 -27281 -102126 81274 26886
-8604 41649 16032 42126 -81989 -10008 13934 -18155 -36168 -5032 150596 -79987 -37551 2041 -81357 16088 -60050 3312 60635 -68260 393 27888 22725 37432 49857 -52014 -95090 64372 19079 -23452 20692 -16761
-23228 31783 44820 52857 -97374 19955 27243 -48466 -70121 50101 144967 -71360 -46576 27208 -30533 -4594 -32071 -36710 41098 -8619 -3516 24509 36206 51569 22262 -4113 -89430 61891 25825 -42806 74477 -6530
3733 26432 1621 22224 -63059 19784 22575 -5622 -22083 29365 112159 -39711 -12493 10040 -75345 8361 -62870 2729 58349 -30445 2199 32720 37497 24117 7244 -23712 -41691 83639 31068 -77799 50815 -21655
14849 14359 5965 62121 -29928 10863 8193 -26032 -41790 -6470 150756 -71770 -21696 24667 -99094 48335 -84722 -49518 91237 21650 -466 -1290 38455 40409 21689 -22113 -59259 49399 -280 -38656 33938 -25224
-36227 16425 34170 15645 -75457 38654 -3248 -17321 -28494 -26348 183902 -68638 17970 -30916 -52752 -14229 -89100 -34495 50067 13087 29739 36623 32245 68679 79406 -42360 -85137 51070 50811 -22313 6820 -11635
7329 68292 23151 42477 -57931 6203 6974 -50896 -25175 6576 117392 -96356 -9857 863 -106084 42173 -77353 -48935 76358 -36768 48956 869 17574 25049 58133 -21100 -72262 59310 24286 -40923 85460 2580
20237 57388 14396 66581 -75098 17980 39789 -5005 -11539 -19154 175890 -72590 -23321 -6377 -85920 42584 -85657 13539 68770 -59821 5879 811 41530 23322 97680 -73810 -48784 86205 16110 -62896 30328 19199
-14115 33162 24976 66897 -94458 20285 2026 9092 -7517 -21061 150916 -47934 -54327 -7757 -53741 71296 -27574 -45341 71188 -34614 17737 -12714 10548 56977 -3288 -37453 -89141 68699 8804 -61144 30128 -9949
-2596 22680 -6865 33808 -34457 25897 -34790 24392 -41422 38111 108112 -36027 -46322 -5280 -64476 16184 -28199 -1727 54333 -895 -7077 67514 20763 70656 39311 -29260 -76630 77733 2717 -63329 27080 5871
16696 -486 4590 24770 851 608 -28223 23811 -89213 10279 79398 -60100 -24600 -30027 -56687 35241 -61424 -2311 54587 6762 -10145 22246 22840 42127 18368 -47872 -73536 65194 27395 -28102 11687 -28451
-11544 42983 9723 49832 -66132 -6651 20185 -2856 -40132 -13638 116615 -51926 -56189 -39463 -65290 29952 -32108 3237 83252 -6782 55682 25890 4456 74077 11839 -34234 -53896 70722 -5028 -35826 43928 876
-42923 38305 -1683 49698 -132861 29254 -7504 -29452 -37340 -3337 161714 -103742 -4737 49015 -117909 15624 -81654 -4477 52889 -39005 -13467 17095 41951 -4474 57604 -38700 -55428 86570 24483 -43985 45249 -35727
2869 33456 14688 21828 -46761 50834 -29506 4507 4142 -2120 146903 -58692 -16464 -47609 -86997 25626 -33616 -14779 25280 -54379 8345 24566 25893 43909 63800 -47191 -79998 74391 5539 -40530 -3148 -9435
21539 49749 37364 46127 -63105 11761 -22779 -44335 -18046 2139 125594 -61794 -31839 -26523 -67711 76380 -86794 7032 66946 -25723 -4196 -41125 56994 27936 35742 -52154 -95875 67949 -18626 -58513 23523 24832
-8292 22797 36468 42425 -81503 29813 29963 -18201 -23647 40413 163816 -69839 -33555 5955 -79282 37528 -43705 -20547 57523 -29566 -15860 18276 24644 49561 34109 -16084 -73349 65212 24570 -76968 75268 11381
-3892 45705 37327 5616 -37322 -16246 17490 11355 -36448 -11659 110708 -62360 -20325 16899 -89312 47836 -19084 -3956 95565 -45025 22573 13170 31260 -358 33965 -21061 -76827 68091 25597 -88740 49695 -12793
-26148 41912 33697 9110 -76594 11727 -14544 -11989 -19188 70298 102832 -55225 -31320 27695 -47494 26610 -52347 -24965 54483 -949 7753 -9521 31734 50178 70166 -20614 -108929 77796 43691 -52755 27353 4203
15080 34576 34651 50804 -73994 -29068 5107 152 -53830 23050 125337 -40413 -27150 -24395 -48371 -40 -76352 -23155 65373 9018 -27917 17202 5331 37283 40922 -54738 -67155 45549 16284 -37963 41057 -36890
-36578 30691 37469 31759 -92667 12368 17560 4685 -10736 22115 114389 -57915 -6136 32051 -65579 40246 -51174 -34438 22265 -15746 13841 4772 70396 38842 48163 -44817 -46979 72774 17933 -72171 35087 13571
-14512 11252 33637 53823 -82556 -10270 -32321 -4755 -33588 9961 173260 -68591 -38441 9575 -83481 41237 -57911 -62433 98404 -28911 -13524 17864 37864 77097 44041 -42040 -68346 57114 3955 -87063 44355 -57355
-11800 28883 55424 62237 -59696 32122 -15138 1355 -22851 41177 150565 -50636 -59431 -10487 -53510 13771 -61214 -48381 39180 -14068 4399 14971 37088 52525 62763 -36986 -108253 66354 26312 -25078 13559 -40139
43456 19661 14563 116373 -45183 15430 11785 16502 -56618 17867 184295 -96903 -14112 -3224 -39440 1406 -6352 -81013 59351 -26883 34171 26644 44930 43954 72884 -40660 -62784 48435 42756 -43599 40935 -43245
