-0.1911363602
-13.92584419
7.378873348
-0.3281960487
5.576984882
9.377506256
-10.10240746
-2.196618795
8.172263145
-17.10398102
8.062421799
-6.326558113
-4.359704018
11.1285553
-0.243625164
-2.250646114
5.196074486
-17.67238617
-0.5856490135
-2.186732769
8.666008949
-9.724111557
-3.455096483
-13.72541714
-3.918629408
8.233322144
1.799927235
-6.659580708
7.323148727
2.143363476
-4.660255432
0.9918177128
-9.029928207
6.570264339
21.07500839
-0.31011343
-6.3568573
6.115180016
4.722344875
-2.117788792
6.169909
-0.6365396976
0.5800376534
11.62503147
3.032634735
-14.80898285
5.436190605
3.145271301
7.419380188
0.2392185926
-0.9394870996
4.267048836
-19.76198959
0.3444553614
1.703440785
11.15596104
2.558981895
-3.393075943
6.1045928
-5.510310173
-16.41510773
-1.256400704
5.859632969
5.031661034
-9.101222992
-8.545261383
6.545639038
-14.56152534
6.987118721
-9.736339569
-2.647926807
-17.24014854
-4.036198616
-4.165117264
1.813302994
-1.960265994
4.299000263
1.875892639
7.774477005
-1.391102433
4.488978386
-11.39039135
0.5836701393
-6.403470039
-1.872710943
-6.035361767
10.77762127
-3.129887104
0.4229516983
5.826938629
5.136469841
-9.545202255
8.940831184
-4.76793623
-1.645998955
-23.79728889
3.343183041
-9.38451767
-5.43188715
-6.015316486
-1.223556519
3.168387413
6.861153603
-3.141017437
-5.546357155
-6.821137428
3.436702728
6.605507374
-1.676602602
2.315194845
1.949297786
-8.186483383
-10.03943729
12.93569851
-8.433506966
-7.345503807
3.694716692
-8.012931824
6.637231827
1.157740116
1.299899697
5.929504395
-2.397423744
12.29097652
-4.551007271
3.021563768
6.321534634
-6.245117188
-11.67052269
-0.2743754387
-7.722421169
-10.64176559
0.8320257664
-12.80619335
2.758392811
-14.30636406
-8.484721184
6.116189957
-6.805648804
1.529571056
3.713324547
4.823855877
-8.98664856
-5.481056213
3.255360603
2.106969357
4.546841621
-18.97404861
9.92178154
-31.3170414
4.460992813
5.931702614
3.353420019
18.58253098
6.262117386
6.779815674
0.4523253441
-3.381839752
0.4956438541
-26.89335632
-1.905929327
4.34210968
-5.705907345
-1.304959536
-11.66719437
0.8421646357
-7.601755142
3.319204569
-7.6828022
-3.508609295
5.366675377
-8.940208435
0.6377472878
4.487512589
-3.645663738
6.000962257
-1.707716465
-0.09640741348
1.332972765
3.290891171
1.183035135
-6.507161617
-14.94293022
-3.281002283
13.90771675
-0.1366438866
-0.3856053352
-1.9794631
-9.381282806
-2.440721512
-6.910870075
8.273868561
2.629098892
-22.29596519
5.737773895
9.704855919
10.82182598
8.42862606
-1.703455448
-18.74967957
7.0426898
-14.94998455
3.693860054
-19.75364304
-8.329389572
15.21797943
-15.42864227
-9.943031311
-7.372021198
-4.425334454
-20.65159035
-6.790091515
-2.263970375
-16.02416992
4.114160538
-3.597681999
-8.063990593
-0.07327330112
6.720335007
-5.293473244
-9.79476738
-0.7185378075
-13.27023315
3.900845528
13.29442215
5.481143951
6.66558218
-5.909251213
-1.830913424
-12.82500362
-6.775624275
-6.28449297
7.74202013
0.630277276
3.919885159
1.288864732
0.08737075329
-0.3419026136
-15.03237152
-12.43102264
0.2990752459
-3.403141022
-2.790491581
-18.13276672
3.870509624
13.87237263
9.411365509
-4.98463583
2.497578144
7.770499229
-9.93345356
-14.2643404
-5.658489227
10.03957844
15.44511604
0.8909798861
2.16795516
-23.91862297
-11.47801208
-1.155931234
0.7245925665
-2.075279951
-16.06123543
1.327502489
0.8419046402
6.100226402
2.794840336
-5.391470909
-9.025959015
7.238800049
-5.542995453
13.74310398
-12.34207726
-7.270777702
-4.753490448
9.867107391
-15.82549858
22.64509773
2.877275229
-4.301751137
12.92371273
4.895500183
1.086841941
2.673904419
1.866737366
0.1390581131
7.262221336
17.01357841
-0.3971066475
2.091371059
8.363324165
18.60482788
-0.4264156818
7.313560009
8.496079445
6.584765434
3.113343
4.267952919
6.782227516
8.800766945
9.584407806
-6.863024712
11.94358349
-5.668323517
3.831733704
5.421308994
8.249904633
2.135662556
-5.232826233
-2.885776997
-4.641830921
9.324642181
-4.136074066
-2.227547169
1.518993139
2.695781708
6.327935219
0.201590538
9.384525299
7.937737465
-10.05991936
7.823037624
-19.23656654
14.37927628
-2.890496731
-10.60654831
-5.52287817
-7.548353195
-1.576282501
7.954174519
-9.77473259
-13.43892097
-9.463729858
-1.714756966
-1.905496716
15.96549225
8.52399826
-9.865278244
-7.198131084
-1.552048683
8.361009598
-5.700445652
-7.253899574
-2.265130043
9.32178688
7.680531025
-5.331305981
-10.77325821
8.228582382
5.563208103
-5.097642899
-15.83898926
-9.258379936
7.282343864
0.9974246025
1.487666845
3.398827553
11.52057552
15.8065815
0.8894916773
2.261693954
-2.022229671
2.418179989
16.63511658
-1.398919463
-2.209433317
8.407575607
3.161948204
-2.253595591
0.3678762913
11.58943367
7.134142876
-10.90935707
-14.30841255
5.613705635
16.24021721
-1.142019749
-13.11047173
-5.114955902
11.40591431
-1.295685768
7.050180435
11.78605556
-1.141666055
3.151573181
-4.742953777
9.815366745
6.603466034
2.255459547
3.690161228
-2.238402128
-3.895177603
6.040530205
-1.858180404
0.7690899372
-3.775673628
1.527962208
-10.80911732
6.507804871
-12.44075871
-3.08181262
-15.04930401
-9.790762901
-0.3547706604
-4.122213364
14.18202782
8.46144104
-4.736567497
-5.876606941
-15.24688911
-4.541654587
-2.685573339
-9.363631248
-0.9056162834
8.693018913
-3.522773743
9.764850616
11.96222973
1.854190826
5.107644081
-1.176386356
5.530900002
13.48750496
15.23912334
9.040878296
-4.159122467
6.432683945
17.36903
-0.5415592194
9.487436295
-2.047388077
10.76865673
10.02390862
9.541776657
18.03415871
12.84651566
5.942991734
24.60220718
1.107435703
-1.252052307
14.34912682
-0.7894406319
1.956418991
0.1641836166
8.551702499
17.58818436
4.604611397
2.514828205
-9.12578392
12.3435955
6.073590279
2.44243288
-3.548007011
-5.948208809
9.420824051
-4.7340765
-7.891915798
-13.66715622
-1.755700827
6.733531952
7.595551968
-4.688412666
3.912629128
2.276823521
-0.3320615888
-0.159019053
-3.089792252
1.214271069
0.1261088252
-4.794118881
-18.31200409
10.42365837
3.072375536
-9.80904007
-4.809484482
1.443886757
1.451983452
0.5307879448
-2.945663452
9.780489922
4.443320274
18.97938156
-1.234894991
-2.754528046
-8.362843513
-5.109326363
12.78681087
-9.057616234
14.78861427
-3.049881935
-13.29690552
-2.093669176
-14.59681892
9.524530411
-2.310274124
-7.937650681
-6.944886684
8.074824333
-5.676064968
-4.026281357
1.74636364
-8.714956284
-7.516616821
-3.407094002
-10.45388222
-20.10950279
5.185486794
-0.06339502335
-10.56904221
1.27951622
5.135665894
-11.48619461
-13.37935352
-0.464707613
9.68730545
13.0953722
4.899265289
10.80116749
19.31375122
0.7007212639
-2.419643402
4.109311581
6.985292435
2.662958145
-5.563528061
-29.06464386
-8.876084328
-2.083653688
-12.8213377
-9.955444336
0.718888998
4.189679623
1.930177689
2.676590919
0.1236534119
-2.644146919
-3.38725996
-14.50794411
-1.461832047
-11.77906609
10.94418907
17.14751053
-7.256935596
-12.85170555
1.847830534
13.83226776
1.784510136
-23.16291809
0.1450850964
6.05669117
-2.150350094
-2.709136486
-9.716140747
-7.848377228
-10.35441589
-21.78395081
-10.45594978
-3.798009872
-5.896925926
4.547408104
-5.337945938
-5.648844719
3.248655319
-7.825248718
-14.17891598
-2.208848715
6.05300808
3.120624542
2.087407112
-9.557566643
17.40754318
5.181463718
-6.405304909
-2.910796404
-7.334789276
-8.49347496
-10.76057911
-5.96120739
7.092734337
-5.266406059
4.533989906
7.606917381
10.35963535
-14.42063713
1.747237444
0.80319345
-7.532581329
-8.4132061
-6.169624329
-6.068019867
-4.18166256
-4.178629875
-7.281663895
-2.267803669
0.226033926
6.373509407
6.499673843
-4.928002357
-2.18369174
-5.553969383
4.934321404
-3.565787077
-10.84443378
-5.088235855
-7.697322845
-1.666076422
-3.972967386
-6.30194664
-12.50109291
-10.72639465
-13.33262348
-16.95033646
7.615168571
-20.68318748
13.70599174
7.561051369
-2.236646414
2.458846331
11.26255035
4.082195282
-6.6195755
-6.720728874
-12.05983925
-4.784052849
-12.94660282
20.22908592
6.106384277
9.944112778
-19.00025368
-7.933900833
-0.4364317656
-0.8876204491
-13.13091946
-4.5164814
1.313362122
1.67502284
15.95320511
-3.096093178
-8.148838997
-19.34453201
-10.91835785
-3.005138636
-6.003728867
0.9246530533
-10.98819733
-0.6327004433
-6.594774723
-2.883646727
-3.386528254
-7.195568085
10.46174049
2.598529339
-5.752925396
12.14835167
2.304411888
1.299701571
-1.733109713
2.704628944
-11.52819443
4.407543182
-11.27916527
-3.564997196
-1.700088739
5.025164604
-2.427027464
-10.95897865
-1.136455894
-0.3794634044
1.833123922
-0.5144107342
6.46901989
-3.798421621
5.04782629
2.125962257
-1.325841427
-3.512889862
-6.476726532
-1.270622969
0.6330398917
2.343961716
-1.138151169
5.952155113
-9.216052055
-2.364799023
7.726467133
0.09529948235
19.79981804
6.97441864
1.519401789
-7.287988663
4.710230827
7.535159588
-3.98856163
-6.35543108
-12.1657753
0.1061916351
-4.867972374
-6.520667076
6.418780804
5.996273041
-0.01329565048
-1.732177973
-0.005753993988
0.8945151567
-1.559107184
3.205148697
-0.8812593222
4.546924591
-1.27148056
-2.642223835
-12.0812006
6.222659111
-11.33272648
2.712994099
5.025776863
-7.872688293
2.649908304
-5.7126894
10.52498817
-2.59529233
6.579621315
-18.764534
-6.921266079
9.238129616
11.50575447
4.806829453
-9.599115372
-12.47214603
3.25807929
9.418642044
5.943239689
-1.672870755
0.4117383063
13.25848866
-9.3960886
1.674020648
-4.112092972
6.560078621
8.405052185
9.535258293
1.945819616
-1.087858915
4.085419655
1.443599224
3.952578545
10.54664135
-2.660538673
5.610578537
-2.408813477
7.275693417
-6.78842926
0.4861910343
-8.223339081
-12.30744171
-5.04469347
-1.062222004
0.9094771147
4.853320122
1.399549723
-9.65394783
-4.847977638
-2.033604622
0.9522646666
6.451019287
15.85499477
3.301437855
-5.563760757
-8.374604225
-1.24554348
5.788921356
1.22808671
1.170714378
-4.101496696
-13.16464615
5.323842049
8.309568405
1.63237834
4.421803951
3.540044069
-5.245464325
4.063371658
-4.373973846
-7.307321548
-2.84175539
4.91779089
9.909769058
-2.351244926
-9.446083069
6.307533741
3.999676228
-8.299240112
-2.071280718
5.157400608
-10.09799004
6.284009457
-0.3652784824
-3.227259398
0.8725967407
-1.01728344
-9.661520958
2.409479141
-3.582005978
3.705949545
-10.5562067
-2.963583469
13.8237114
-0.6421405077
18.84148216
6.855298519
13.64544868
-5.643257141
-1.65020752
4.423120022
-2.800323963
9.265317917
30.246315
-2.429343462
-11.73433781
17.61030579
-1.510766864
-4.80850935
19.38642502
16.18253899
-0.9727394581
4.467876434
1.756756306
-1.229859352
19.298069
8.577302933
2.026232719
16.54303932
26.18380356
3.33860755
-0.5575028062
-5.250187874
-9.467711449
-1.494065046
-6.098539829
-2.066759109
-2.704073429
0.3541460037
0.5639010668
7.430996895
8.531038284
-8.49630928
3.500390053
-1.445637226
-2.698869705
7.339966774
12.04020882
-1.885560036
-2.056451797
-12.79937458
-1.381418705
-3.95410943
3.133614779
-4.340942383
-12.63266754
0.2026782036
-3.288192987
-5.430454731
-8.874263763
-9.181077957
-3.179142952
-2.638859034
4.605936527
-3.516973495
1.856624603
3.136882782
5.606012821
-5.562252522
-3.231478214
0.2849736214
-2.950646877
2.70818615
0.8106857538
2.977087498
-6.287640572
7.750565052
-5.450474262
-0.3171218634
-15.91769218
4.650526524
-4.682580471
6.76278019
-10.16413879
2.10342598
7.424409866
-15.75602245
-7.401521206
-3.09690094
-10.76499462
4.583768368
-4.144532681
6.879393578
0.1794576645
15.71550179
-3.719425201
11.12093163
-7.552480698
5.817638397
-7.151985645
2.963887691
0.02623164654
6.915559769
-16.16010475
9.007784843
-1.552697897
-2.732012749
-1.066616058
10.03294182
-7.256916046
5.537812233
2.594257116
15.99854755
-12.64977741
-11.12075806
0.2474746704
5.375109673
8.057287216
-4.863687038
5.533360004
0.5507397652
6.547739029
-4.386051178
-5.378976822
5.321546078
0.4492969513
0.1234592199
-19.45326424
-1.447793961
-11.69195938
5.241397381
-4.336010456
-8.437527657
-8.060526848
-7.419736385
-3.977596283
18.64619064
2.113773346
3.795499325
6.59397316
9.554601669
2.745756626
9.917914391
-8.522585869
5.788830757
1.945745587
-10.05225849
-4.770542145
-2.509344339
0.0176243782
16.94100571
3.544699192
0.5695738792
-7.098097324
-7.571751118
-4.776938438
-3.721600056
10.15606499
-2.008457184
-20.80673981
3.48064065
-1.796232939
-3.084700346
-13.43886948
10.10571861
0.6250095367
-1.826686263
-6.101182461
-1.163796425
-13.30058384
-3.029901505
6.209919453
-10.93448639
-10.82561111
-6.04689312
11.3406105
13.94722748
-16.41062164
1.348589897
-5.684429169
-9.525342941
5.016403675
-2.088603735
3.807239056
5.982635021
-6.885262489
5.501767159
-5.382570267
5.901802063
-6.154154301
5.076946259
-2.897150993
-17.24736023
-7.631110191
-7.676116943
-5.285499096
-3.71608305
-3.551763058
-0.8892185688
-11.10175705
-2.102174282
2.890199184
-4.358694553
3.346231699
-3.680110216
8.666217804
3.592918634
-1.773936749
0.5936200619
-7.685238361
-9.299325943
-5.957790375
5.239659309
-8.942625999
8.990768433
8.817317963
-14.03257465
-4.568544388
1.514445066
3.822563171
2.054757595
-5.995419502
