-1.828125
-0.2976074219
0.6840820312
-0.3894042969
0.4592285156
0.6328125
0.9809570312
-1.411132812
1.728515625
-0.333984375
0.3857421875
0.01837158203
0.26171875
0.6049804688
0.9873046875
1.362304688
0.4838867188
0.384765625
1.485351562
1.650390625
1.421875
0.2468261719
0.01812744141
-0.6787109375
-0.9423828125
0.2578125
-0.08459472656
-0.02415466309
-0.2139892578
1.93359375
0.2095947266
-0.8525390625
-0.8461914062
-0.9995117188
1.224609375
-0.2736816406
-0.09246826172
-2.01953125
-0.9838867188
-0.5161132812
0.572265625
1.512695312
-0.4252929688
-0.1190185547
1.42578125
-0.4907226562
0.8486328125
-1.08203125
-0.9360351562
0.68359375
0.1999511719
-0.3645019531
0.3645019531
0.6752929688
-0.3134765625
0.955078125
2.423828125
-1.44921875
-0.3159179688
1.573242188
1.581054688
-0.4611816406
0.6508789062
2.140625
-0.4426269531
0.3247070312
0.2502441406
0.27734375
-0.4423828125
0.7543945312
0.5166015625
2.279296875
1.723632812
-0.7192382812
-0.2741699219
0.8349609375
-2.162109375
0.275390625
0.4936523438
-0.04513549805
-0.5517578125
-0.05892944336
-1.624023438
0.5805664062
-0.03329467773
1.081054688
-0.4763183594
1.108398438
-0.4333496094
-1.01171875
-0.5263671875
-0.4340820312
-0.06811523438
-0.7182617188
1.000976562
0.6923828125
-0.1215820312
0.2570800781
-0.3994140625
0.6220703125
0.9765625
-1.08984375
-2.056640625
1.79296875
2.02734375
1.330078125
0.8198242188
-0.5874023438
-0.861328125
0.46484375
-1.0859375
-0.4411621094
-0.104675293
-0.04849243164
-0.181640625
-1.170898438
-0.5610351562
-1.053710938
-0.1414794922
-0.06622314453
-1.208007812
-1.138671875
-0.1044921875
0.003549575806
-0.5610351562
-3.205078125
-0.1376953125
0.1260986328
0.4084472656
0.002531051636
0.4836425781
1.979492188
0.2313232422
1.173828125
1.3828125
1.6171875
1.615234375
-1.3125
-0.5048828125
0.7705078125
-0.4143066406
-1.666992188
-0.06884765625
1.123046875
0.51171875
0.2612304688
-1.102539062
-0.4782714844
1.31640625
-0.2758789062
-1.8203125
1.1875
0.9897460938
-0.4060058594
-0.9594726562
0.5473632812
1.034179688
-0.5991210938
-0.1020507812
-0.876953125
0.6333007812
-0.2807617188
-0.6279296875
-1.525390625
1.138671875
-0.8505859375
1.200195312
-1.086914062
1.000976562
1.659179688
1.494140625
-2.28515625
0.2243652344
-0.2307128906
0.4289550781
-0.1416015625
1.09765625
0.7036132812
0.1644287109
-0.7934570312
0.5185546875
0.01509857178
0.1773681641
-0.02565002441
1.318359375
-0.2895507812
-0.1157226562
0.5263671875
0.1793212891
1.0859375
0.6186523438
1.490234375
-0.28515625
1.932617188
2.31640625
1.25
-0.8618164062
1.010742188
0.9702148438
-1.044921875
-0.01362609863
0.470703125
0.07543945312
-0.6928710938
0.5639648438
0.2283935547
0.002349853516
-1.227539062
0.19921875
-0.05712890625
0.1337890625
0.9287109375
-0.0285949707
-0.9575195312
-0.6938476562
-2.0078125
0.9448242188
1.633789062
-1.5390625
0.533203125
0.1970214844
-1.0078125
-0.462890625
-2.455078125
0.3266601562
-0.6713867188
-0.2478027344
0.1843261719
-1.192382812
0.6704101562
1.360351562
-0.1832275391
-0.3159179688
-1.9765625
1.01953125
2.15625
1.032226562
-0.1625976562
1.36328125
-1.263671875
-0.4638671875
0.3063964844
0.4211425781
0.3088378906
0.09381103516
0.3117675781
-2.029296875
2.029296875
-1.051757812
-0.1586914062
0.5151367188
-0.4289550781
0.3901367188
-0.427734375
-0.04040527344
-0.8359375
0.102355957
0.9350585938
1.59765625
-0.1259765625
0.7548828125
0.7104492188
-1.603515625
-1.424804688
0.03677368164
-0.5034179688
-0.9125976562
-1.458007812
0.732421875
-1.116210938
0.2990722656
-0.6025390625
1.262695312
0.375
-3.33984375
-0.8037109375
1.234375
0.2907714844
-0.3369140625
-0.6220703125
0.9536132812
0.8793945312
1.724609375
-0.517578125
0.6401367188
0.2144775391
-1.951171875
0.6186523438
0.4621582031
-0.4934082031
0.2092285156
-1.46875
0.3718261719
2.634765625
1.426757812
-1.701171875
0.7114257812
0.1047973633
0.08013916016
-0.2543945312
0.5107421875
-1
0.3447265625
-0.1497802734
0.03967285156
0.2209472656
0.7690429688
-3.142578125
1.76171875
-0.7431640625
-1.903320312
0.1052856445
0.03778076172
1.01171875
1.74609375
0.6743164062
-0.6264648438
0.6484375
1.537109375
1.71875
0.03857421875
0.9887695312
0.5361328125
-0.5732421875
0.1929931641
-0.9047851562
0.1436767578
-1.150390625
1.283203125
1.583984375
1.369140625
0.04360961914
-1.827148438
-1.200195312
0.912109375
1.350585938
0.1984863281
-1.663085938
0.2473144531
-0.4309082031
-0.1108398438
2.052734375
-1.30859375
-0.4665527344
-2.158203125
1.372070312
0.1696777344
-1.645507812
-0.9760742188
-1.919921875
0.3310546875
0.1975097656
0.2854003906
0.2147216797
-1.0703125
0.7114257812
-0.4838867188
1.885742188
2.11328125
0.3117675781
-1.623046875
1.817382812
-0.5205078125
0.6928710938
-1.884765625
0.716796875
0.884765625
-0.1706542969
0.7055664062
0.06646728516
-0.4165039062
1.494140625
1.806640625
1.435546875
1.424804688
1.053710938
-1.145507812
0.7485351562
-0.29296875
0.5551757812
1.46875
0.5151367188
-0.1395263672
0.8383789062
0.8671875
0.4287109375
2.66796875
0.9365234375
0.02214050293
0.9208984375
-0.8432617188
-1.0546875
-0.5903320312
1.247070312
1.000976562
-1.294921875
-0.7373046875
1.76171875
0.3388671875
-1.049804688
1.740234375
0.2766113281
3.15625
1.216796875
-1.080078125
0.1373291016
-1.494140625
2.01953125
-0.677734375
0.4262695312
0.4521484375
-0.4389648438
-0.2685546875
1.374023438
0.5063476562
-2.380859375
-0.1887207031
-0.3469238281
2.318359375
0.6904296875
1.907226562
-0.630859375
0.1557617188
-1.021484375
2.751953125
0.962890625
-1.666015625
-0.5107421875
-0.5888671875
-0.5859375
0.7006835938
0.06768798828
1.418945312
-0.3137207031
0.8696289062
2.3203125
-0.2785644531
0.1007080078
0.62109375
1.33203125
-0.6552734375
-0.06475830078
-0.7153320312
-0.4755859375
-2.05078125
-0.8110351562
1.595703125
0.5078125
0.9331054688
-1.208007812
-1.09765625
0.3989257812
0.6362304688
-1.603515625
0.2751464844
-0.3840332031
2.517578125
-0.787109375
0.07415771484
0.2353515625
-0.9799804688
-1.01953125
-0.09808349609
-0.07366943359
0.8286132812
-0.1212768555
-0.8100585938
1.151367188
-1.60546875
-1.865234375
-0.001976013184
1.022460938
-1.370117188
-0.3664550781
0.3879394531
0.1538085938
-0.8325195312
1.70703125
-0.03625488281
0.4892578125
1.306640625
1.293945312
-0.3813476562
0.2022705078
-1.278320312
-1.206054688
1.036132812
-2.5859375
-1.82421875
-1.021484375
0.6787109375
0.003177642822
-0.8110351562
-1.561523438
0.4279785156
-1.943359375
0.6611328125
0.4262695312
-0.4331054688
-2.005859375
1.923828125
0.8012695312
-0.3874511719
0.2639160156
-1.352539062
0.1113891602
0.1254882812
0.8676757812
-0.8486328125
-1.681640625
-1.626953125
-0.08044433594
0.4650878906
-0.7143554688
2.3828125
0.8618164062
-0.775390625
0.5639648438
-0.3259277344
0.8154296875
-1.712890625
0.2998046875
0.765625
1.483398438
1.126953125
0.2252197266
1.525390625
0.1680908203
1.877929688
-0.294921875
1.103515625
0.1798095703
-1.297851562
-1.043945312
2.6484375
0.208984375
-1.55078125
2.578125
0.9501953125
-0.07550048828
0.3471679688
2.44921875
-0.1901855469
-0.2292480469
-0.2392578125
-1.15625
0.2507324219
-1.03515625
-0.486328125
0.3266601562
-0.1169433594
0.705078125
0.9057617188
-1.213867188
2.263671875
-1.219726562
0.2052001953
0.4050292969
0.08380126953
-0.205078125
1.294921875
0.533203125
-0.1436767578
2.603515625
1.18359375
1.26953125
0.5698242188
0.4924316406
-0.5551757812
0.3259277344
-0.1832275391
-0.6538085938
-1.119140625
0.3681640625
-0.5703125
-0.2243652344
-0.7016601562
0.6713867188
-0.06088256836
0.4033203125
-0.1126098633
0.81640625
0.108215332
1.084960938
-0.5024414062
-0.1032714844
1.473632812
1.399414062
-1.124023438
0.3386230469
-0.06750488281
-0.6879882812
-0.62890625
-0.1641845703
0.7895507812
0.3840332031
0.1510009766
1.116210938
0.259765625
0.06982421875
-0.8291015625
-1.131835938
0.806640625
0.2983398438
0.998046875
0.08526611328
-1.840820312
0.72265625
0.5087890625
0.55078125
0.9814453125
-1.870117188
-0.3056640625
0.1185913086
-2.365234375
0.240234375
0.6030273438
-0.3146972656
-0.005142211914
1.778320312
0.783203125
-0.09393310547
-0.2583007812
-0.09033203125
-0.3776855469
-1.440429688
-0.2822265625
-0.994140625
-0.857421875
-0.494140625
-0.6030273438
-0.5908203125
-1.293945312
0.1267089844
-0.09106445312
-1.2578125
-1.109375
0.9228515625
0.4926757812
-1.012695312
0.6245117188
-2.0390625
0.7802734375
0.05517578125
-0.1488037109
2.318359375
-0.1304931641
-1.413085938
-0.755859375
-0.6948242188
0.830078125
-0.7387695312
0.2880859375
1.4140625
0.802734375
-0.3374023438
0.4008789062
-1.510742188
1.069335938
-2.025390625
-0.7963867188
1.344726562
1.698242188
-1.704101562
-0.3796386719
-0.2387695312
0.02017211914
-1.629882812
0.5258789062
0.2048339844
1.454101562
2.50390625
0.8125
-0.6049804688
2.478515625
0.2573242188
-0.548828125
1.379882812
1.1328125
-0.6420898438
1.258789062
-0.05612182617
-0.4233398438
-0.5668945312
-3.462890625
-0.4812011719
0.1791992188
0.2381591797
2.234375
-1.063476562
2.708984375
0.7573242188
-0.08874511719
0.78515625
-0.583984375
-1.6953125
-0.5659179688
-0.02171325684
-0.4450683594
0.7211914062
0.986328125
0.8764648438
-0.1910400391
0.7026367188
-1.627929688
1.655273438
0.212890625
1.901367188
-0.5874023438
0.93359375
-0.05404663086
-0.1958007812
-1.813476562
0.2707519531
0.3115234375
-0.1041870117
1.2109375
-0.8276367188
1.208007812
-1.126953125
0.1790771484
-0.1910400391
-1.737304688
1.318359375
0.4448242188
0.6645507812
-0.1180419922
-1.389648438
1.2421875
1.013671875
-0.1036987305
-0.2004394531
-0.2280273438
1.428710938
-2.595703125
0.4755859375
-2.2734375
1.76953125
1.399414062
0.9282226562
0.2783203125
-0.4274902344
-2.529296875
-0.6484375
0.3395996094
-0.771484375
0.2917480469
1.078125
-1.893554688
0.8989257812
0.1184082031
-1.216796875
-1.442382812
0.9985351562
-0.1759033203
-1.590820312
-0.7250976562
-0.6479492188
0.7817382812
-1.216796875
0.1909179688
-0.04846191406
-1.504882812
1.266601562
-0.3503417969
-1.909179688
0.08666992188
0.552734375
0.03308105469
0.1990966797
0.4523925781
1.358398438
-0.1711425781
1.380859375
0.4599609375
0.2479248047
0.26171875
-1.211914062
-0.2272949219
1.131835938
-1.060546875
-0.1821289062
0.3000488281
-1.779296875
-1.680664062
-0.9609375
1.071289062
-0.3884277344
-1.568359375
-0.7661132812
-0.03092956543
2.08203125
0.1024169922
-0.998046875
-1.719726562
0.4428710938
-1.638671875
-0.4370117188
-0.1650390625
-0.8212890625
0.5830078125
0.8823242188
-0.3208007812
0.4892578125
0.7456054688
-2.794921875
-0.5302734375
-0.6254882812
-0.3679199219
-0.2352294922
0.7900390625
-0.1807861328
-0.2307128906
0.3410644531
-0.05603027344
0.2164306641
-0.240234375
0.34765625
-0.904296875
1.962890625
-1.74609375
1.0703125
-0.5639648438
1.900390625
-1.377929688
-0.04214477539
-1.358398438
-0.931640625
-0.7934570312
1.017578125
-0.666015625
0.3698730469
-0.4055175781
-0.4465332031
-0.6567382812
-0.0135269165
-0.9008789062
-1.012695312
0.1750488281
0.8251953125
1.330078125
0.1297607422
0.8041992188
1.670898438
-1.078125
-1.41015625
0.6577148438
-0.5068359375
-0.4816894531
0.1311035156
0.5859375
-0.04098510742
0.4504394531
-0.4138183594
0.1021728516
-1.004882812
1.407226562
0.1384277344
0.05529785156
-0.3566894531
-0.529296875
0.05673217773
-0.5112304688
-1.357421875
1.991210938
0.443359375
-0.1325683594
1.80078125
1.96484375
-0.9541015625
0.84765625
0.568359375
-1.163085938
-1.841796875
-0.8715820312
-0.03179931641
-0.6396484375
-1.211914062
-0.2451171875
-0.1385498047
2.45703125
-0.28515625
-0.6538085938
1.364257812
0.1656494141
0.6889648438
-0.5493164062
-1.284179688
-0.5200195312
-2
-0.5219726562
0.5517578125
-0.1247558594
-0.1932373047
-1.274414062
-3.951171875
0.693359375
0.7504882812
-0.8115234375
-0.6723632812
0.7416992188
0.5219726562
1.204101562
-0.5146484375
0.4638671875
0.19140625
-1.055664062
2.091796875
0.8896484375
-0.99609375
-0.9272460938
-0.44140625
0.6982421875
0.6713867188
-0.1514892578
-0.7016601562
0.1180419922
1.403320312
0.4399414062
0.1076049805
-0.4572753906
0.3488769531
-0.06414794922
-0.03268432617
0.892578125
-0.390625
-0.0304107666
0.521484375
0.59765625
0.07635498047
-0.3037109375
1.103515625
-0.02549743652
-0.6723632812
0.9858398438
0.2749023438
-1.328125
1.994140625
0.8623046875
1.35546875
0.1590576172
1.15234375
-0.2368164062
0.6328125
0.6782226562
-0.6372070312
0.1544189453
-1.85546875
0.3857421875
-1.701171875
0.08343505859
-0.3588867188
1.139648438
0.8217773438
0.2170410156
-2.04296875
-0.53125
-1.465820312
1.899414062
0.05950927734
0.8637695312
0.6440429688
-1.018554688
-0.2788085938
1.310546875
-1.918945312
2.22265625
0.1187133789
0.4150390625
-0.7705078125
-1.198242188
-1.375
1.970703125
0.591796875
0.1711425781
-2.828125
0.6665039062
1.701171875
-0.2039794922
-1.03515625
-0.8500976562
0.6845703125
-1.622070312
0.2590332031
-0.5346679688
-0.40234375
0.7856445312
0.3674316406
-0.91796875
-0.7788085938
-0.2897949219
1.311523438
0.07501220703
0.4743652344
1.100585938
1.21875
0.5551757812
-1.008789062
-0.4743652344
1.1484375
0.6958007812
-0.2412109375
-1.408203125
0.7407226562
-0.00838470459
0.3562011719
0.0002384185791
-0.4562988281
0.8291015625
-0.3937988281
-0.3383789062
-0.556640625
-1.127929688
0.1090087891
1.456054688
-1.374023438
-1.03125
-2.19140625
0.3791503906
0.3432617188
0.7529296875
-2.005859375
-0.7016601562
0.1128540039
0.006774902344
-0.06823730469
-1.065429688
-1.328125
-0.451171875
0.1983642578
0.04794311523
-0.4816894531
1.157226562
1.836914062
0.9848632812
0.4392089844
-0.5131835938
-0.4782714844
0.587890625
-2.0703125
-0.07177734375
0.1024780273
1.112304688
-1.321289062
-0.3530273438
0.1077880859
0.06506347656
-0.2619628906
1.067382812
-0.3127441406
-1.498046875
-0.6821289062
1.122070312
-0.07153320312
0.3249511719
-0.626953125
2.0859375
0.513671875
-1.04296875
0.05642700195
0.3459472656
-2.744140625
-1.166992188
0.2189941406
-1.114257812
0.2800292969
-0.4936523438
-0.4111328125
-2.330078125
-0.2712402344
-0.5639648438
-1.255859375
-0.8588867188
-0.09161376953
-1.396484375
0.1899414062
-1.140625
0.1937255859
0.1689453125
0.5625
-0.4580078125
0.779296875
0.8666992188
2.62109375
-1.01171875
-0.7241210938
3.5703125
1.099609375
0.3666992188
1.639648438
-1.454101562
0.8208007812
-1.987304688
-1.102539062
-2.033203125
0.4558105469
-0.6630859375
-0.8442382812
-0.716796875
-0.2340087891
2.171875
0.2854003906
0.724609375
0.6328125
0.298828125
-1.150390625
0.2751464844
-1.301757812
-0.9658203125
-0.2242431641
-3.046875
-0.6416015625
-0.3469238281
1.461914062
0.1109619141
0.6748046875
-0.798828125
-1.819335938
2.189453125
0.857421875
0.4938964844
0.6518554688
0.390625
1.227539062
1.29296875
-1.959960938
-0.01315307617
0.6069335938
0.4255371094
1.497070312
0.4028320312
-2.033203125
-1.146484375
-0.07122802734
0.6884765625
-0.05313110352
-1.291992188
0.3454589844
0.1715087891
0.51953125
0.9165039062
0.2247314453
1.317382812
-0.541015625
0.9580078125
1.3046875
0.7358398438
0.6752929688
0.4169921875
-0.1441650391
-0.6259765625
1.463867188
0.1956787109
-0.419921875
-0.6064453125
0.8969726562
-1.430664062
-0.501953125
-0.1944580078
-0.8037109375
1.03515625
1.108398438
0.02235412598
-0.796875
0.7075195312
1.143554688
-0.1385498047
-1.094726562
1.37890625
-0.9267578125
0.2354736328
0.05838012695
-0.03631591797
-0.2321777344
-0.7680664062
-0.6137695312
0.619140625
-0.3767089844
-0.5747070312
0.3527832031
-2.333984375
1.225585938
-0.2036132812
0.4270019531
-0.3166503906
0.2983398438
0.9482421875
0.9404296875
1.252929688
-0.7739257812
0.1074829102
1.330078125
-0.3474121094
-1.513671875
-0.1324462891
-0.3295898438
0.7836914062
-0.001305580139
0.2236328125
0.1979980469
-1.538085938
0.30859375
-0.1513671875
-0.4477539062
-0.9458007812
-0.50390625
1.900390625
-0.2690429688
0.2917480469
1.73046875
-0.2091064453
-0.08728027344
-1.1640625
-0.3698730469
2.01953125
0.2956542969
0.8115234375
1.399414062
-2.64453125
0.7783203125
-0.478515625
-1.1796875
0.4497070312
2.203125
0.9296875
1.163085938
4.1953125
-0.05743408203
0.7578125
-0.5859375
-0.478515625
-0.4841308594
-1.236328125
0.8359375
-0.8471679688
-2.123046875
-0.73046875
-1.354492188
-1.543945312
0.921875
1.202148438
-0.228515625
1.341796875
0.2568359375
0.6669921875
-0.6743164062
0.4440917969
-0.9140625
0.2800292969
-0.455078125
-1.021484375
-0.3745117188
0.9145507812
1.505859375
-1.325195312
-1.295898438
1.5
0.2333984375
-0.689453125
-0.06701660156
-1.140625
0.6518554688
2.251953125
-0.921875
-0.6108398438
0.2247314453
0.8466796875
-0.3950195312
-0.04913330078
0.2585449219
-0.6665039062
-1.579101562
0.3000488281
-0.6967773438
0.8813476562
-0.3234863281
-0.3295898438
0.3449707031
1.361328125
0.8203125
1.604492188
1.630859375
0.4597167969
-0.3984375
0.5395507812
-0.4487304688
-0.2117919922
-0.4428710938
1.25390625
0.1534423828
-0.591796875
-0.2595214844
-1.322265625
-2.392578125
1.424804688
-0.3469238281
0.05157470703
-0.9228515625
0.9672851562
-0.4255371094
-1.578125
0.7348632812
0.2399902344
-0.306640625
-0.02433776855
0.9853515625
-0.6450195312
-0.607421875
0.3032226562
-0.8916015625
-0.791015625
-1.6796875
-1.453125
2.009765625
-1.661132812
-0.8393554688
-1.288085938
0.7358398438
0.4711914062
-1.794921875
0.2409667969
-0.51171875
0.3986816406
1.491210938
-0.8310546875
0.794921875
0.7250976562
-0.7934570312
-0.1890869141
-0.5131835938
-0.8676757812
0.8090820312
1.139648438
-0.5590820312
1.525390625
-0.6435546875
0.6748046875
-0.7236328125
0.8325195312
-0.02824401855
-0.3149414062
0.3771972656
0.02716064453
0.07275390625
0.2961425781
1.06640625
-1.018554688
-0.3796386719
-0.3078613281
-0.623046875
0.02206420898
0.4138183594
0.6206054688
-0.9404296875
-0.1939697266
-0.3583984375
-0.4272460938
-0.7416992188
1.103515625
-0.2175292969
-0.4802246094
0.4462890625
-1.275390625
0.390625
1.658203125
0.8310546875
0.4567871094
1.490234375
-0.5400390625
-0.154296875
1.100585938
-0.3742675781
-0.2846679688
-2.412109375
0.4099121094
0.6186523438
0.4702148438
0.107421875
1.197265625
-0.7270507812
-0.2484130859
2.240234375
-0.2045898438
0.861328125
-1.928710938
-0.04110717773
0.7875976562
0.08160400391
0.7294921875
-0.6015625
0.6352539062
0.6772460938
0.5620117188
0.0703125
-1.268554688
-0.03701782227
-1.295898438
0.2385253906
0.57421875
1.595703125
0.05844116211
-0.3039550781
-1.114257812
-0.4248046875
-0.5864257812
0.2690429688
-0.4138183594
-0.87109375
-0.7055664062
-0.6918945312
-1.462890625
-1.647460938
-1.698242188
0.2088623047
-0.1335449219
-0.9526367188
-0.9873046875
0.07397460938
0.6840820312
0.2841796875
-0.2719726562
-0.3525390625
-0.7368164062
0.2766113281
-0.6083984375
-1.328125
1.939453125
0.6650390625
-0.4296875
1.065429688
-0.5073242188
-0.9536132812
-0.2795410156
-0.9965820312
-0.4033203125
0.8608398438
0.7392578125
1.2890625
-1.84375
1.309570312
-0.01251983643
-0.5551757812
0.7290039062
-0.7573242188
-0.2553710938
-0.6811523438
0.7963867188
-1.016601562
-1.38671875
-0.3720703125
1.044921875
-2.119140625
0.6396484375
0.4372558594
0.7563476562
-0.2548828125
-1.372070312
0.00284576416
-0.004817962646
0.537109375
-0.4865722656
0.3967285156
-1.051757812
1.234375
1.388671875
-0.84765625
-1.711914062
-2.62109375
-0.01918029785
-0.3654785156
-0.7788085938
-0.02963256836
1.313476562
0.4467773438
-0.1638183594
-2.21875
0.4208984375
1.262695312
1.543945312
-1.46484375
-2.583984375
-0.3088378906
2.08984375
-1.299804688
0.3601074219
-1.80078125
0.9692382812
-1.569335938
0.3317871094
0.3381347656
1.571289062
1.318359375
1.852539062
-1.774414062
0.5288085938
-0.5336914062
-0.3159179688
1.084960938
-0.6430664062
-0.4477539062
-1.064453125
-0.7641601562
-1.903320312
-0.2026367188
0.7866210938
1.821289062
0.5024414062
-0.2802734375
-0.7783203125
1.627929688
0.2998046875
0.6098632812
-0.4243164062
-0.5634765625
-0.4194335938
-1.756835938
-0.4558105469
-0.375
1.524414062
0.63671875
0.8872070312
1.009765625
-1.00390625
0.78515625
-1.340820312
1.017578125
1.268554688
-1.161132812
-0.9780273438
1.709960938
0.990234375
-0.7729492188
-1.6796875
1.97265625
-0.09149169922
-1.528320312
-0.1672363281
-0.0432434082
-2.40234375
-0.3432617188
-0.4084472656
1.375976562
-0.8232421875
-1.37109375
0.3894042969
-0.4997558594
-0.1687011719
-0.3369140625
0.04055786133
-0.01103210449
0.5864257812
0.4523925781
-0.6635742188
-0.08605957031
-1.232421875
-0.8403320312
-1.2265625
1.041015625
-1.143554688
0.1458740234
-0.5517578125
0.9946289062
0.3349609375
-0.16015625
1.1796875
-0.4643554688
-0.6806640625
-0.3239746094
1.53515625
2.408203125
-0.09838867188
0.1988525391
-1.030273438
0.2844238281
-0.7055664062
0.8247070312
-0.1345214844
0.6376953125
0.3471679688
-0.1287841797
0.2269287109
-0.5063476562
-0.00804901123
-1.815429688
0.4484863281
-1.5859375
0.6918945312
0.3488769531
1.649414062
0.2900390625
-1.477539062
-1.91796875
-1.69921875
-0.373046875
0.3955078125
-0.591796875
0.3935546875
-0.1167602539
1.798828125
1.763671875
-0.4118652344
1.25
-1.774414062
-1.340820312
0.5126953125
-1.13671875
1.215820312
3.171875
-1.499023438
-1.579101562
-2.15625
-0.23828125
1.233398438
-0.9702148438
0.02534484863
1.016601562
1.869140625
-0.112487793
1.294921875
2.380859375
0.552734375
-0.6220703125
2.1875
-0.318359375
2.1484375
0.3728027344
0.1600341797
1.017578125
-0.7954101562
1.784179688
0.3334960938
0.6362304688
-0.3806152344
-0.3413085938
-0.9487304688
-0.7294921875
-1.18359375
-0.6474609375
-0.5727539062
0.3251953125
0.03790283203
1.33984375
0.6962890625
-1.28125
-0.1691894531
-1.146484375
-0.4697265625
-0.3645019531
-1.584960938
0.1341552734
0.701171875
0.4284667969
0.15625
0.8403320312
-0.3054199219
1.004882812
-0.2683105469
-1.071289062
0.1998291016
-0.6337890625
1.291992188
-1.41796875
1.008789062
-2.21875
0.7954101562
-0.06210327148
0.4924316406
-0.4226074219
0.2188720703
-0.4328613281
0.6767578125
1.50390625
0.8081054688
-1.682617188
0.810546875
0.8608398438
0.2149658203
0.7978515625
-0.4338378906
1.153320312
-1.032226562
1.733398438
-1.15625
-1.537109375
-0.6313476562
-2.064453125
0.114440918
0.6127929688
-0.51171875
0.3811035156
0.07006835938
-0.07116699219
0.8818359375
-0.8125
-1.109375
0.2257080078
-1.208007812
0.2897949219
-0.2919921875
0.404296875
0.09832763672
-1.404296875
1.491210938
0.4921875
-0.5141601562
1.45703125
-0.0634765625
1.6171875
-0.0249786377
1.41796875
-0.59375
0.2484130859
-0.1787109375
1.026367188
0.4946289062
0.0791015625
0.1067504883
0.01414489746
0.06597900391
0.9399414062
0.5107421875
0.3239746094
-1.383789062
-0.02133178711
0.4208984375
0.01304626465
-0.8178710938
0.4445800781
0.4345703125
0.3403320312
0.564453125
-0.6245117188
0.1812744141
0.1979980469
-0.1108398438
-1.020507812
-0.904296875
-0.3454589844
0.2342529297
0.6098632812
0.8842773438
-1.03515625
0.8793945312
-0.1065673828
1.494140625
0.4775390625
-2.119140625
-0.4104003906
0.4162597656
0.1334228516
1.479492188
0.01322174072
0.8012695312
-0.765625
-2.1875
0.8657226562
1.259765625
0.1419677734
-0.7416992188
-0.6108398438
-0.5419921875
-0.6865234375
1.509765625
-1.486328125
0.09619140625
-0.3908691406
-1.137695312
0.2983398438
-0.5698242188
1.234375
-0.875
0.6176757812
-0.3129882812
-0.0592956543
0.5444335938
-0.3212890625
-0.1119995117
0.755859375
1.0859375
-1.791992188
-0.1726074219
1.282226562
0.6352539062
0.697265625
0.77734375
-0.6088867188
0.974609375
0.2448730469
-0.7021484375
0.1722412109
-0.634765625
0.01943969727
-0.1141357422
0.2235107422
0.1497802734
0.4406738281
2.47265625
-1.362304688
-0.1815185547
0.9975585938
-0.958984375
-1.186523438
-0.4106445312
-0.8803710938
0.8715820312
-0.001713752747
0.6284179688
1.970703125
-0.4643554688
0.6225585938
0.02766418457
1.400390625
-0.6875
0.3889160156
0.275390625
0.5341796875
-0.7490234375
0.7138671875
0.2109375
2.02734375
-0.4169921875
-2.337890625
-0.4055175781
0.4064941406
1.26953125
-0.3303222656
0.2077636719
0.8745117188
-0.1373291016
0.01733398438
-1.265625
0.6235351562
0.2252197266
0.4775390625
-0.07629394531
-0.298828125
1.436523438
2.203125
0.07147216797
-1.043945312
-0.04821777344
0.8237304688
1.779296875
-0.5146484375
1.321289062
1.2109375
-1.1328125
0.2379150391
1.510742188
1.017578125
-0.06744384766
-0.3483886719
0.2644042969
0.998046875
-0.5795898438
-0.01844787598
-0.7421875
0.4504394531
-0.453125
1.671875
-0.97265625
0.9711914062
1.310546875
1.018554688
0.3898925781
-1.172851562
0.09088134766
0.2631835938
-2.1640625
0.06076049805
-0.4333496094
1.609375
0.3205566406
-0.2607421875
0.4284667969
1.994140625
-0.4406738281
-0.6655273438
-2.09375
1.895507812
-0.6171875
0.1135864258
1.2421875
0.5947265625
1.388671875
1.012695312
-0.4035644531
0.5317382812
0.8828125
-1.916992188
-0.12890625
0.03244018555
2.02734375
0.5698242188
-0.8486328125
0.3920898438
1.719726562
0.5078125
1.331054688
-1.248046875
-0.08801269531
0.3933105469
-1.095703125
1.578125
1.58203125
-0.6635742188
1.229492188
0.6259765625
1.939453125
0.3500976562
0.6635742188
0.3937988281
1.03125
-1.086914062
-2.412109375
-1.568359375
-1.733398438
-0.1284179688
-0.06463623047
1.125976562
0.9345703125
-0.05661010742
0.4951171875
3.04296875
-0.1810302734
0.4011230469
1.032226562
-1.25390625
1.202148438
1.444335938
0.6079101562
0.9028320312
0.7045898438
1.168945312
-1.69140625
1.307617188
0.1915283203
-1.100585938
1.080078125
-1.181640625
0.9833984375
-1.16015625
-1.076171875
0.0315246582
-0.4038085938
0.6538085938
0.1418457031
-1.016601562
2.109375
-1.890625
-0.4748535156
0.5131835938
2.0859375
-0.1605224609
0.515625
-0.09503173828
-0.2780761719
1.3671875
-0.4597167969
-1.03125
2.806640625
-0.1939697266
0.2359619141
1.04296875
2.20703125
0.02241516113
-1.614257812
-2.0234375
0.5400390625
-0.08258056641
-1.043945312
-0.4013671875
-0.25390625
0.7939453125
0.2858886719
-1.119140625
-0.2302246094
0.03756713867
0.1020507812
0.02575683594
0.5170898438
-1.524414062
1.112304688
0.96484375
0.5751953125
-0.5834960938
-0.6376953125
1.4921875
-0.2366943359
-0.072265625
1.942382812
0.2204589844
0.6376953125
-1.255859375
0.3142089844
0.1292724609
-0.05505371094
0.1632080078
-0.5322265625
0.3046875
0.1646728516
-0.2790527344
-1.708007812
1.173828125
0.02043151855
-0.06829833984
-0.763671875
-0.3483886719
1.8359375
1.215820312
1.447265625
0.1928710938
0.001347541809
0.7065429688
1.32421875
-0.3151855469
1.620117188
0.8012695312
0.2026367188
0.03698730469
0.4360351562
-0.7475585938
1.185546875
-1.807617188
-0.1417236328
-0.2229003906
-0.833984375
1.438476562
-0.4072265625
-1.299804688
0.5737304688
-1.165039062
-0.4611816406
0.2937011719
0.1790771484
0.5356445312
-0.7094726562
-0.1495361328
0.5415039062
-0.2563476562
1.540039062
-0.791015625
0.6157226562
-0.50390625
1.48828125
0.07543945312
-0.8071289062
0.4384765625
