-3184
26763
16712
-202
4446
-23540
-5881
-23562
-12471
-8897
14085
-16722
-27165
1883
25374
-25268
18307
-19598
-809
-28081
4107
11824
23585
10835
28374
-461
25017
7814
-25
21433
-28890
-30430
-1813
4518
18820
18305
-25756
-19980
4145
-4065
18504
-7191
6256
27190
8426
25041
-23669
25843
-26474
-20996
-15427
13507
-4746
-24186
-8894
-6349
-31055
21260
-19632
17854
32545
-4189
9132
15754
-13151
6454
19474
7922
7040
-15937
-17586
4238
-30125
-11024
13793
32127
6750
25407
-30821
-18305
17094
-2531
18272
6861
5031
-8165
-27552
19805
13277
21237
-32172
16012
-18759
-29458
13239
-1372
4131
28397
-11025
-18508
-8307
-11878
-11087
-3939
7354
2571
-24314
-5446
-22505
6945
18194
-16475
11631
1703
30375
20287
3984
-21044
22154
-31215
26164
-27563
22894
27027
-21086
-7275
-14118
30443
-17631
3057
16693
7322
-29363
26604
-14737
-19991
10973
-8180
3783
31969
-4926
14593
27520
-20569
-6216
11966
16126
-22212
4735
20909
10970
-25885
25707
-1998
-11956
-29080
545
-7240
644
-23474
24317
17921
-24036
18387
23408
-12812
24694
12490
-25884
-19256
-26481
-6714
-14775
13245
-4881
-4175
29127
-12215
27776
5579
14291
23500
25205
-31625
-320
-18504
30717
-31443
-12719
-2917
-16003
30677
25251
16562
-695
26841
-6453
-23897
25846
-8505
28825
-22467
-21519
29882
10717
7580
606
4499
-19240
-20138
10712
-6651
20330
-28304
-22683
-19224
23409
22236
-31082
13977
5554
4284
29825
-20769
-5725
9643
-15078
25261
8142
1431
5171
-25487
-21789
28565
-11081
20577
13723
3599
7284
-7737
-18583
28138
10024
20684
824
-12190
12571
27551
-585
-26256
-28188
-7187
443
-26089
4529
-8135
-20549
-26101
18410
-23017
9911
15004
3669
-22948
5832
16524
5216
13494
12447
18059
-16754
-18134
24849
15540
26160
29832
-21531
17190
5056
5666
4151
-32183
-14964
-20143
-1101
-20553
11957
31441
25952
-30134
13644
-15136
-12010
7682
-24331
-11666
19952
10722
12162
-10731
6713
12358
14737
-31808
-27492
-32435
-15588
-30479
-14570
8154
27423
32164
-15107
13071
-20240
33
-13041
-8945
-17209
18595
28283
-30631
-5524
15854
23268
3954
-14797
-16521
3161
12417
5230
15024
11857
29178
18627
-25637
-18769
-26038
11940
-23731
18882
-24903
-19855
22907
-6375
18209
-23353
-3452
15837
27382
3368
23204
23705
-4843
28567
-24565
27692
6186
-23489
-17448
-14589
3140
-27947
-27199
-9317
11193
31430
-16870
-29763
14304
31934
-23081
13738
11944
-32288
-12557
31553
-18244
-8934
-32311
-29614
21166
-27458
25543
-29792
16556
6938
-16772
26054
816
23019
21463
30834
-2704
-144
8912
-25774
9457
576
14343
22385
-9890
4761
-3816
11025
21018
-31357
-26021
-3310
-10663
-18840
11209
31272
-16900
-31651
9270
3494
-12215
-27796
-11952
-4796
254
-30251
-28629
-23018
20669
20206
-23887
15289
22445
-30635
15126
-5168
9634
-9657
-32288
-5551
26025
-26961
1026
-21922
-22137
-827
20792
-22596
25983
24979
4160
17020
-8894
10613
-13357
29245
1665
-18336
3551
-17629
-19517
17073
18006
4205
25203
-19245
20244
736
19303
-25800
-13396
28318
24459
-20168
7233
-31367
-7171
30479
31254
-9470
-22535
2866
-2381
-25183
-7613
21829
22972
-14853
7303
-6671
28168
10748
32643
-5418
4669
22179
1032
-25780
-19198
-18560
25589
9911
18207
-21407
-24524
-1955
18737
26715
-27396
19781
-17032
28735
-21351
-31135
-30359
-27013
-28897
14999
-11730
11072
-20541
20486
-31749
-26701
26064
21697
-4516
-31072
26481
3801
-13405
-27287
-2024
20471
-15366
3382
-4774
-25895
-13761
-18344
2472
534
18048
-15606
4115
-10461
22031
-23685
1514
-9890
24832
-15594
19273
2058
-21300
5086
3728
9346
-18308
-25964
-9385
-16060
1381
30198
-16800
5264
-21537
-28138
-30217
20980
-3144
-27459
-15299
-31393
9059
-21901
28878
-27973
32756
-23544
-11731
-23235
-8592
23666
21313
24730
-28127
24033
7828
622
-1726
7444
-7484
-20911
-31748
-26547
-6527
16605
-29303
21513
31186
-19810
10436
-12440
-21245
25724
15956
4231
8124
-22749
-14071
26473
15391
317
-3911
15165
2763
-12135
-21400
-13806
29694
-19630
-28354
-2693
23562
-25544
1931
919
-20690
-10967
-6816
-2047
4655
-1203
-3792
-9909
-5741
11762
900
4289
1624
29558
27645
11524
12797
22148
19990
13252
28213
-2051
-31543
-11658
-24086
5989
-17416
12566
-12996
7955
7601
25885
-30131
-29582
-4180
5567
-6878
3879
-12891
-9728
12981
23488
-9630
-3209
10256
14167
20524
-23059
19526
21717
27041
-11831
4020
24081
18808
-3231
-32688
12929
-1338
17810
22316
13477
17224
-8567
-8246
11859
8667
-13732
5503
-26132
-21542
-1715
-7092
24664
17116
-17376
14957
17512
25388
30570
23416
-766
26210
385
18148
5216
-16487
275
-22662
-1404
4526
-30523
-11448
8432
-25420
6294
-31933
-8562
-653
11689
31443
14080
30519
-9878
-23234
5363
5781
69
30705
14840
-28882
20000
22757
3686
-2223
16610
-30955
-25835
-6747
20880
25242
-4419
8134
-3446
-24906
-26586
30740
15667
10808
-19776
-16542
-1754
-13513
7393
-2165
32515
30570
-26230
19533
27146
30991
-534
72
20844
-28130
31285
-5068
10928
-25937
-25457
-9408
28324
6871
-4158
-16916
-15729
-13308
-18235
3774
-21107
-13861
8909
2964
-3904
-15461
-11296
4346
-10604
4649
-24565
-11632
-13951
-6180
23854
-16467
18332
14381
19219
17569
2067
32766
-2194
15282
25706
2396
11529
25112
-17020
-15766
10153
-18274
-8062
-10210
9878
8197
-31305
-21
-29356
5528
-2677
22276
1645
14230
-16458
7501
-18761
32199
26124
-4325
-5709
-1162
-32222
6962
-19470
11390
-12251
-29779
-14172
15113
-4977
18286
-31124
26347
-29094
-2715
11507
-9704
11654
3487
26973
5362
292
-16189
-7075
19474
-6945
-7582
24999
-19984
-28870
16941
1884
-32467
-7229
-3458
30644
-18812
-13094
10115
22944
-21466
27430
-18196
3851
-9564
-3858
-15231
25044
-21452
20661
9096
-5949
14469
-5441
-11926
9218
7060
22826
16095
21964
20047
16002
12712
20621
-21853
-206
6974
-32523
12881
3358
20179
-11523
9439
-3152
402
-3983
-9929
-7792
-25895
18009
-16432
12739
-12862
-5840
10680
20388
-26999
-29378
32643
27139
-32167
-7451
-20403
-31271
32021
19987
31688
-21484
-24227
-13844
-5640
-27643
20756
30537
23169
-25337
-9664
30300
10847
10790
20391
23743
17646
-1434
17411
1909
-21116
-16734
-21228
-21477
-31004
-933
-5825
-2061
13103
14866
20652
-26059
9860
20656
27277
11246
-28157
-32224
-21320
-4801
-23222
-15356
2
-28232
1202
3137
-295
-13688
28421
28510
29333
-23015
-10166
-22205
3749
-20926
11723
14259
12159
3291
-29881
-12579
14260
-29614
24172
22873
-12149
-1430
-2014
10213
-23476
4913
28526
-24384
-26110
-1392
29885
9518
-7907
26360
-4087
11861
-25252
-2023
-5057
11493
5976
370
-532
-22049
19966
29062
31849
-22879
23017
27554
-2121
-10995
-30833
19698
9450
17903
32526
25315
9668
-11480
-29312
9801
23364
-2253
-16930
1298
-9267
-4204
13958
-7200
-6705
-29824
-23629
11069
724
20680
-3745
-16383
13231
26480
-32075
-31206
3021
-27789
-20840
31101
-31990
23273
5632
-32734
-10668
11107
31049
20231
-5755
5346
13192
15637
-12728
18032
-17179
26842
14782
15925
25362
31210
18828
-26595
-3034
11293
1467
15163
-21087
13676
-18943
-26513
-20238
16526
-13253
-1548
-5652
-30758
18220
-11617
15522
6636
-17167
28833
13051
30035
-20948
-14669
-31461
6586
-3659
-14044
-8637
1568
-11211
-19828
7759
-8104
-2911
-22848
6241
-1736
10301
31541
-30038
-25843
-31021
17792
-17403
-28700
-32649
28243
27054
5414
18578
3611
-3797
25793
-32552
3372
15573
-9862
-30128
-18142
24767
-12371
-20535
-24880
4699
25928
-17338
-14303
12879
-29930
32287
9367
29591
11732
-28283
15826
7785
20304
-25396
-8601
-9259
-26900
-11543
12152
32724
23108
-16699
17923
-15485
2899
31227
27532
-28632
-13627
-24387
6333
29673
-7132
-25611
18325
503
19755
4673
-17687
-14298
-3123
8963
-15660
5984
21668
24567
-31551
-27404
10584
-1198
24621
-4020
15224
-12648
2778
-32478
26537
12050
-16297
30301
-23099
-24192
-25652
7100
9318
-8295
5488
17
-2903
11907
-15153
1030
13623
-19772
-10719
-2839
3993
-11792
9898
-28259
-21671
4629
26704
-923
-11398
-26618
18782
-27829
-23895
2017
-19055
-1424
1003
14252
-3312
12321
-13338
-26893
-3918
-15630
20287
-24633
12289
-562
1750
28091
25501
32648
17072
6275
-9230
7473
14503
-3508
3701
-23846
24223
1580
-18015
15442
25270
8739
22873
18601
25785
1578
5510
-694
30963
-32277
-30972
14985
9860
23515
31725
-4040
-18515
-5575
-4709
20411
-31724
6801
9090
9298
-32600
-17981
2192
3196
-16080
-17101
31118
-2304
25595
14361
16959
6406
27540
32258
18838
-26904
-32158
-28569
-16190
21487
-14857
-9817
-11050
-9679
-29012
1504
-3881
28067
-25447
2125
26721
-17475
-29606
-18880
-8062
2797
32073
-5665
-2457
-14132
191
-8464
28634
6725
-16061
5272
-28466
26864
24606
12947
-30781
14169
26950
-27450
-25829
-27814
14534
30936
28749
-21839
-28679
-18970
32507
3044
25516
-13526
-15998
22903
23318
3013
-7474
-18212
-31052
-32047
8553
-6096
32362
-7304
1457
-10987
26067
17783
-26688
25747
-4674
-30832
16378
17602
-9368
-7320
-27016
-447
16686
3764
-11760
4754
-27752
-12585
-399
-15262
-7918
-18518
-30580
8649
-30699
14015
-17700
21762
12555
-14828
32382
28370
-18108
17576
-31335
-20476
-31346
-2093
15092
-28977
-12084
11229
20951
-12800
-31706
15659
21365
-10142
30763
-12283
-12255
32486
-4480
-28813
-9275
3500
147
-9973
6275
25380
13340
-1374
-12263
26683
20558
15374
-16610
-30192
10265
4650
14864
-5884
-31904
27740
13236
-4218
635
17768
-27123
1003
-4035
-1109
29547
-4408
-9639
8842
-24395
18721
8448
24221
-19200
-8162
29685
-24186
16203
19036
-17033
-15540
2555
7265
31406
-2835
17396
-7340
6940
21321
-2901
-8324
10761
-4977
-25370
-793
-23339
12309
-11399
12823
-14238
-22316
10347
-25661
-1981
6308
-2214
31286
-12483
-23336
-32261
26926
-6283
-31019
30899
-29961
-29297
24403
10401
-2175
-3350
-24879
25648
17018
11879
-28598
23900
27042
-20923
-1552
28239
-1741
-5500
-31386
-16118
-22935
-5793
5263
25747
-31076
-29015
28048
-18989
15570
6302
19290
-27687
17646
7907
21461
-20954
17873
21074
9224
-19836
-30225
19836
-10155
-17952
-26621
-3760
21642
-5824
10806
-682
29908
30920
13209
-573
5057
-4489
12921
8276
-30936
-30750
20075
19869
-24180
-3954
27961
31023
-19495
18559
-9534
9520
27054
15987
-8657
12663
-26049
2177
11858
-26326
14234
-4381
9202
10394
-20994
17064
-23851
20014
-30976
-31868
-28550
18755
-8798
27043
-14951
13178
30818
25345
-18777
1651
18719
-21995
-32053
14559
13147
-29579
-25334
22162
16090
25253
19632
5721
5148
10063
21612
20581
28532
30813
5214
2232
14375
-16813
-2997
16742
1178
-26439
-13364
1446
6160
25248
-2283
-7849
12783
-5574
16080
1413
-8584
25900
-19293
-3860
28031
-18023
-30456
-8644
-7313
1963
27001
2932
-18946
8126
26038
-10516
27702
-2543
27358
5900
-21568
-10829
-9943
-14033
-8667
30857
31675
5128
-29390
-21004
-26087
2570
1530
8628
1518
-15963
-10402
24867
7617
-14483
-13187
-29313
1116
-12097
21963
-30735
-23381
12031
22175
6078
8566
-12881
-16470
-10654
17992
-22003
15661
14029
-30591
-2038
-11555
30649
13563
28062
1205
20979
10294
-1048
-12143
7339
23093
-13355
-20957
21634
-18904
-7485
15321
8509
-28450
-5632
-12193
-1194
29465
24367
-21731
-2736
-6099
-19762
-21634
21580
14102
15275
9713
31546
-4953
6381
-17077
4586
-656
-31880
30213
26846
26349
27183
-12972
-18110
-32710
11067
9773
3302
2083
16816
-11418
4270
-19003
-23854
-30060
1401
-3700
-18818
-3892
-12886
21674
-16576
32488
-27462
-3531
-12864
6345
-3031
14799
7393
-29386
-15151
-29994
-11630
31285
-13539
-18728
23719
2007
10048
-5466
-32001
3303
19487
-59
9495
-2434
-13630
-15356
24082
23816
18803
3686
-1558
-21989
-3898
16179
-9308
8349
4621
15803
-10442
10356
4537
6777
-2008
9275
26179
24729
17321
-2155
13911
14865
-9860
-12576
11544
-18894
-28322
-4517
-12264
16679
-7386
14203
8673
1377
-18964
29415
7
4760
12360
-14944
27400
3513
-26275
30116
8095
25648
22804
7756
-10538
18432
-13683
-229
21140
24060
8652
-20630
-1687
-31109
14429
-24315
-24873
28442
-31497
29004
15098
-4540
3786
17075
-2894
9159
12689
-25588
-2860
-31274
18224
-26567
-30363
-30609
-27864
4187
17411
8106
-7727
23328
-25513
-16486
6069
-23460
-11624
27877
28984
-11855
-17293
29611
22741
9099
23142
-18590
23532
23625
10768
-27233
-23856
-9046
-12883
4523
11088
-31721
27628
-2429
23315
2547
21891
-20282
5996
4543
19876
12178
15831
-14976
9146
17135
23625
-21335
19237
-9568
15392
11321
31679
-28193
23678
17952
-19663
-11320
-11764
10020
-7035
-8053
25446
2408
13858
13385
-31778
9176
-8455
-8834
-1739
-13180
11546
28364
22574
11168
-462
15632
-18713
-20103
18317
-11870
18446
-19735
-24433
17684
31547
22099
-3937
2570
30983
-9836
-26005
28760
-12535
22801
-9147
-12012
11647
13877
-263
22485
-1186
7848
18925
32619
-10961
26908
20102
-15423
-30599
-23890
11165
-20206
-14967
-12887
586
12569
31402
-25209
-5036
-2570
3199
-30196
10896
11872
-23392
-22477
-9237
25893
-19361
-2168
14452
30511
-24787
30411
-4100
-30091
27710
11805
19749
-23711
27096
-5173
-11213
-21214
9497
22964
12165
-7571
-2806
30500
10600
-5930
-16820
31306
-28643
26617
-2159
-6291
-5063
11472
-789
-5809
-23311
5383
1789
8924
-29298
-30409
-2217
7051
-21222
20378
9927
-22923
-7386
28872
-24227
23799
