73 84 4 1 21 111 56 65 73 97 15 111 50 124 38 85 75 87 110 39 37 59 58 9 98 63 114 62 48 63 31 6 20 19 25 126 67 109 115 85 14 119 103 84 78 85 115 91 13 26 124 104 39 57 27 25 112 62 65 24 119 125 2 71
43 96 41 115 98 5 38 51 22 88 122 49 42 18 68 50 10 119 11 73 7 23 123 91 40 35 100 84 71 54 8 46 14 47 109 103 81 41 59 83 69 11 1 6 79 2 108 2 26 113 106 39 101 32 91 0 118 127 7 100 31 123 47 106
100 3 93 69 109 117 18 31 8 11 10 45 118 15 0 62 108 118 116 20 29 12 33 3 27 101 121 94 58 118 127 26 68 24 2 96 67 24 19 33 25 125 125 4 98 60 91 92 8 115 101 49 5 82 59 43 120 10 65 46 107 107 72 84
87 97 85 2 75 91 29 89 111 20 27 119 89 61 32 84 34 51 33 40 50 46 81 57 74 56 22 47 127 21 16 68 107 10 93 14 90 34 32 83 124 15 33 65 98 39 119 27 46 38 69 72 19 123 0 71 118 86 127 62 66 3 57 24
46 37 14 62 20 98 56 116 52 45 115 13 99 75 16 38 8 98 123 76 78 81 114 96 5 122 90 22 58 90 97 119 45 37 13 99 116 71 61 34 18 29 126 77 122 83 112 24 39 87 13 25 101 86 21 47 120 82 109 50 2 41 18 72
27 83 44 70 77 62 72 122 123 118 120 123 18 46 115 13 119 37 52 60 35 39 80 29 8 63 32 119 51 88 13 74 52 98 104 58 77 93 40 67 122 67 91 7 1 104 124 109 85 40 119 126 126 54 15 92 61 112 47 29 11 34 10 63
109 49 84 126 20 68 47 19 100 66 43 32 116 124 72 60 8 67 34 80 97 87 95 64 7 44 86 46 39 75 53 75 45 46 14 104 18 25 51 92 21 103 20 50 37 19 120 28 50 3 54 70 91 27 3 21 75 44 66 85 107 65 87 33
90 54 104 0 71 86 37 5 85 24 81 16 60 11 5 89 26 7 82 123 105 64 56 92 108 112 98 39 13 34 47 108 83 55 48 12 60 101 48 45 112 61 7 42 19 123 96 89 38 84 116 48 63 61 105 106 53 125 104 8 87 36 48 40
16 87 20 50 58 38 54 40 38 12 63 10 109 18 10 76 126 45 44 0 39 107 18 75 71 71 60 116 108 11 60 111 32 44 89 102 91 121 68 7 24 90 45 86 29 108 46 86 48 46 83 81 17 65 67 93 32 126 35 81 100 18 110 27
39 83 112 96 75 121 114 14 40 38 1 62 28 104 73 65 50 74 76 9 13 81 50 117 72 120 38 27 2 83 69 26 116 1 92 37 2 15 93 39 1 80 40 125 11 34 106 64 54 44 78 89 100 84 61 48 126 94 24 22 23 120 37 27
20 53 106 17 35 98 44 118 72 52 101 121 29 59 107 97 31 66 66 27 43 78 40 62 22 103 74 47 31 121 122 56 117 99 123 32 23 38 33 55 27 36 6 67 36 55 64 64 46 19 18 28 73 59 17 91 34 42 110 94 90 125 10 48
112 37 63 68 7 33 47 115 55 75 101 64 30 3 112 108 49 68 29 119 87 58 66 74 44 3 25 26 45 117 106 63 90 105 50 49 5 58 124 14 116 29 41 100 121 124 36 41 123 100 34 86 5 67 17 123 72 112 28 76 58 46 125 115
16 108 95 111 21 67 68 36 104 48 12 33 108 85 52 122 86 50 2 41 97 31 108 50 121 112 84 45 126 107 20 43 10 102 67 114 0 91 62 23 124 98 12 110 97 10 99 50 124 16 98 123 81 103 85 120 23 121 18 36 102 84 7 27
4 16 100 35 117 18 126 63 90 116 97 10 53 44 46 11 117 20 117 10 102 91 4 80 55 19 40 45 121 11 69 16 114 18 25 47 107 107 51 95 69 126 54 121 99 101 74 32 61 87 22 14 26 74 63 120 114 113 80 50 52 77 90 81
91 50 46 126 110 3 6 108 34 47 126 72 71 115 44 80 80 112 96 95 71 18 62 37 66 58 68 12 46 109 60 30 118 79 113 95 21 92 85 42 66 53 9 41 63 125 20 79 75 65 40 23 34 55 29 56 93 46 34 18 113 7 25 112
103 70 29 6 66 64 35 24 36 0 14 36 12 103 7 4 59 127 72 126 0 35 34 65 62 103 22 8 33 45 77 127 3 29 94 101 74 98 71 2 13 59 76 44 95 33 44 60 82 122 101 15 65 39 16 118 33 105 123 15 101 59 65 65
89 12 55 110 30 123 33 38 66 7 86 77 119 125 54 26 117 92 102 52 38 64 16 104 29 52 12 20 18 52 18 56 24 85 30 80 54 22 31 61 73 9 99 71 53 51 19 31 113 13 49 27 109 115 52 23 78 21 29 62 3 76 58 86
7 81 11 118 30 77 33 81 119 97 126 74 104 75 48 78 56 94 112 121 92 25 17 95 85 37 80 86 87 49 7 40 5 68 43 120 63 28 27 10 120 64 106 18 8 26 33 43 67 99 81 14 50 12 82 48 69 111 55 75 50 36 16 57
86 89 28 32 59 90 88 119 54 9 46 22 84 20 106 12 100 32 23 107 10 16 67 46 24 93 72 20 83 82 82 11 36 41 16 100 117 47 102 27 127 40 98 46 111 17 127 77 98 107 104 123 70 104 12 81 100 12 99 30 1 15 8 72
37 74 53 55 85 96 99 108 86 44 108 33 8 87 7 6 35 17 2 27 69 107 43 20 27 103 53 53 64 99 20 123 106 98 12 56 48 117 53 9 52 43 46 52 73 45 12 36 101 23 1 85 80 99 13 9 34 24 2 110 101 16 11 53
115 23 28 42 24 99 121 59 89 101 64 83 118 27 15 46 80 103 91 57 75 26 117 52 41 58 46 93 104 33 36 5 6 95 95 116 24 32 54 57 6 115 56 125 11 15 79 42 116 99 76 6 99 110 50 72 31 74 7 96 86 88 119 71
44 85 58 3 103 66 28 104 28 97 97 27 76 78 123 86 43 89 3 89 103 8 118 4 55 95 83 49 74 14 31 27 21 104 16 58 89 107 70 105 56 25 24 9 122 44 82 10 76 52 71 103 67 110 94 27 74 106 64 48 46 51 101 87
53 59 56 46 30 104 45 113 25 112 113 4 83 51 104 74 119 53 32 49 37 26 97 14 95 60 121 20 45 68 5 37 61 85 61 81 77 73 45 12 94 93 2 93 5 92 7 43 108 106 107 32 80 111 74 76 49 10 94 27 107 69 40 15
67 98 123 47 55 63 58 89 61 120 75 10 100 88 17 18 86 54 101 117 81 25 5 3 107 114 28 58 124 97 16 106 42 116 79 65 33 118 7 12 105 7 93 95 99 110 93 64 42 38 80 58 83 87 113 85 92 85 43 8 36 73 35 100
91 127 27 41 126 42 84 87 41 123 103 65 54 71 47 90 21 100 26 120 92 66 107 12 44 9 99 8 53 119 118 26 33 114 0 31 88 92 70 112 66 83 19 116 93 34 98 112 102 90 89 77 16 17 44 115 92 83 52 90 81 67 64 113
0 57 25 108 19 115 86 9 58 74 40 104 4 121 64 16 21 97 119 108 40 92 67 68 127 10 55 50 20 98 75 25 114 18 108 59 70 46 118 70 25 39 4 20 77 3 22 105 83 14 113 115 108 92 7 40 111 18 111 102 45 27 109 120
90 67 121 14 98 36 0 66 110 23 26 39 62 60 35 97 92 23 23 105 3 66 33 56 48 86 52 119 115 22 108 68 94 125 52 61 40 56 124 120 59 53 69 100 56 9 39 6 102 37 84 60 83 2 127 50 85 46 67 91 75 37 114 126
35 110 40 68 12 86 57 49 29 61 100 24 111 26 50 77 56 125 111 122 46 117 99 38 15 119 21 84 53 20 71 112 15 58 118 30 41 73 31 58 33 126 125 8 80 10 95 9 85 120 16 67 47 51 110 24 122 20 100 101 112 64 62 88
50 35 80 104 126 87 65 103 14 95 38 122 69 0 110 22 121 38 124 125 56 80 33 122 40 92 72 12 69 5 83 51 116 2 80 62 48 75 111 46 108 54 63 64 80 66 89 14 99 31 95 127 67 17 112 82 42 115 34 103 77 57 32 13
33 60 118 3 87 58 28 82 5 120 96 48 39 82 116 64 68 26 79 5 103 12 111 63 61 98 18 75 79 122 42 73 88 19 94 67 43 22 1 119 21 114 56 100 71 6 77 55 118 66 113 15 118 82 50 81 115 79 71 123 96 112 11 125
52 74 4 26 11 16 5 96 4 56 27 77 68 117 119 58 32 61 49 111 104 18 85 68 122 65 93 46 38 67 32 12 83 53 6 78 86 13 86 18 127 53 92 119 19 28 23 81 62 73 104 56 7 89 61 28 73 16 65 5 57 68 27 61
40 68 81 89 83 40 48 90 48 75 70 122 2 9 97 88 34 79 1 123 23 73 37 21 25 42 54 38 90 28 110 101 19 90 40 53 19 107 18 83 98 110 65 29 52 33 21 66 5 78 26 9 72 96 95 47 69 104 58 99 58 123 1 28
