33 102 9 127 83 6 55 79 36 28 123 11 16 47 83 25 111 82 121 110 11 20 41 60 57 124 53 33 6 108 34 14 64 89 98 24 105 58 122 78 85 122 5 51 78 87 20 70 120 124 92 127 125 95 31 52 58 125 68 61 3 85 17 98
80 113 113 55 23 65 12 61 53 14 68 2 36 36 100 2 62 34 51 86 123 27 123 93 17 121 115 35 32 63 25 47 39 16 39 6 56 7 127 116 55 125 30 58 57 11 47 30 107 82 62 73 38 75 19 100 47 104 70 115 53 121 77 74
70 28 73 92 72 99 47 73 82 55 94 16 8 108 96 33 44 87 8 6 15 18 102 5 113 114 10 124 75 60 121 41 12 11 126 84 73 19 49 35 91 87 68 36 124 123 11 121 98 124 39 53 1 49 40 44 102 105 8 61 127 85 46 4
75 0 43 21 37 114 18 79 30 114 66 86 41 122 81 25 12 57 17 66 121 123 86 2 54 88 90 57 107 62 90 51 102 88 125 23 71 8 109 36 93 116 82 52 79 23 107 20 99 39 102 110 61 125 69 68 13 116 108 41 49 60 126 3
71 87 74 16 113 84 56 89 106 47 43 44 90 79 118 89 116 32 30 111 46 5 107 71 70 33 107 52 13 15 42 115 72 73 127 80 11 127 69 18 106 40 52 28 69 58 88 120 63 23 88 15 51 79 5 36 84 3 97 91 37 40 91 80
13 70 85 50 64 92 51 94 29 56 78 81 98 113 29 97 41 10 26 23 98 38 71 114 17 76 44 87 114 86 11 48 93 30 91 21 43 91 63 76 24 107 50 109 6 108 5 23 18 82 99 114 8 111 122 35 101 39 122 92 23 47 62 68
52 53 41 118 44 124 89 13 102 28 115 5 6 36 52 17 86 107 37 58 0 67 114 43 46 34 86 90 59 89 51 126 123 7 127 106 79 40 2 95 68 83 13 123 95 25 110 69 122 57 99 39 50 122 4 76 31 79 0 76 126 53 10 52
7 24 39 31 87 27 77 108 2 99 127 126 90 83 110 78 61 26 116 44 104 91 24 105 60 43 109 96 45 13 7 47 13 64 79 81 6 78 87 48 126 114 54 12 72 55 55 14 56 57 34 87 96 15 7 92 86 44 94 39 112 53 118 13
58 116 93 52 102 126 26 46 79 114 5 54 96 43 17 15 11 19 44 63 103 58 92 93 89 21 96 121 116 102 46 28 85 44 76 123 8 23 14 35 12 90 43 100 70 71 100 104 77 121 75 35 115 60 103 80 39 116 92 125 26 0 115 33
67 87 20 32 6 64 104 2 107 50 78 94 53 79 73 117 92 122 58 5 28 16 116 59 21 23 124 80 84 50 49 10 55 70 41 38 68 107 47 124 56 20 81 98 19 14 68 76 50 75 61 118 84 36 5 70 25 105 111 7 72 90 3 20
30 20 103 24 102 14 116 34 48 42 40 36 56 41 46 91 60 13 67 52 83 33 75 96 23 19 68 101 29 87 106 103 6 35 37 79 51 14 45 22 11 92 43 111 14 92 108 106 125 48 20 14 13 41 107 79 14 105 62 67 26 86 92 104
52 51 62 72 52 56 119 51 106 42 6 116 41 3 68 4 74 126 104 91 79 40 117 93 3 126 1 109 66 113 20 69 42 116 81 107 68 8 83 27 25 81 82 2 72 99 127 94 48 16 62 54 22 33 104 104 68 14 46 2 82 27 2 101
3 87 30 44 58 44 122 74 36 64 8 16 117 64 2 110 25 52 30 25 22 29 9 71 107 88 63 21 14 122 104 55 120 73 19 104 46 86 52 52 0 1 57 18 61 77 71 101 11 25 26 28 14 45 116 124 0 59 106 91 56 2 114 17
51 59 33 95 92 88 59 25 102 71 18 117 110 105 21 92 32 37 127 108 109 34 106 127 66 82 9 90 14 10 110 89 122 23 76 95 100 3 12 72 56 112 97 119 36 47 70 0 59 121 11 20 10 43 114 57 107 43 77 97 33 24 124 3
63 115 118 89 15 9 108 65 34 82 5 18 58 52 115 114 7 77 9 66 37 28 14 86 22 81 45 82 27 25 9 46 3 54 65 66 6 54 79 30 73 18 27 80 27 18 100 86 19 12 76 42 10 47 14 16 53 49 27 82 3 21 85 118
100 38 33 96 43 41 39 96 11 1 122 27 73 85 80 89 66 70 107 71 83 75 98 80 91 104 9 85 127 101 56 96 85 107 36 76 90 63 78 85 93 106 39 100 97 107 59 97 121 47 116 98 105 18 71 102 32 43 124 91 36 111 88 35
80 87 20 1 30 107 96 29 75 43 11 50 120 48 115 23 23 121 59 10 12 90 71 73 127 71 63 19 71 72 70 77 27 1 120 42 7 12 84 110 91 34 22 45 125 14 1 60 114 75 63 120 51 35 66 68 66 120 46 82 1 43 100 63
117 80 77 27 90 53 73 66 35 101 119 62 24 85 47 38 46 93 20 29 91 30 120 115 25 106 21 20 0 36 76 84 45 8 16 46 84 94 102 58 53 85 11 63 118 5 52 15 89 4 72 45 103 13 43 62 105 93 51 115 25 52 108 28
18 46 7 22 116 105 34 94 52 98 95 57 4 15 16 31 101 121 95 127 51 19 111 119 65 83 110 81 0 57 92 92 82 43 103 5 107 102 49 117 109 71 87 19 117 13 4 40 39 33 123 79 44 70 79 70 26 77 77 43 32 32 43 19
116 110 35 6 31 111 66 38 92 23 85 69 111 87 103 86 53 37 73 79 74 31 44 60 69 87 96 52 127 50 75 55 26 37 61 17 126 108 102 63 118 76 116 103 29 116 48 40 115 12 33 99 93 124 24 65 127 99 17 4 18 41 17 125
120 31 20 9 36 48 85 12 54 16 8 87 43 77 45 7 118 36 18 62 91 45 104 93 70 122 121 25 103 45 117 123 45 74 13 84 62 71 2 27 124 28 86 17 34 126 76 75 46 113 4 102 74 121 58 74 58 110 105 46 94 94 12 77
112 108 105 88 32 96 61 78 15 43 57 119 101 5 107 88 14 3 55 63 67 93 33 90 94 55 31 107 102 115 8 62 104 71 77 32 86 20 54 75 56 1 12 125 122 3 83 49 114 47 122 77 29 28 7 11 40 101 25 49 1 54 103 55
13 5 105 127 103 125 94 80 88 60 95 11 112 12 18 43 111 88 94 58 36 24 15 120 37 42 112 121 86 13 5 88 22 125 59 106 11 12 99 102 97 5 62 37 127 49 125 51 39 7 60 7 103 96 33 107 78 99 59 56 98 45 21 86
39 44 54 50 85 4 94 12 27 121 83 96 79 61 92 86 23 97 6 37 36 124 67 97 41 85 4 63 49 105 86 117 123 14 94 122 72 106 121 52 24 88 124 112 84 8 118 111 37 21 106 86 48 67 92 14 64 53 29 92 19 32 104 107
99 123 85 76 6 7 27 44 106 72 88 119 79 73 10 30 127 11 123 94 77 50 43 95 49 116 16 34 0 28 50 63 124 3 86 27 15 62 75 52 84 108 16 39 12 51 57 95 36 113 78 75 60 112 120 78 33 69 16 111 112 120 19 72
58 68 86 32 101 119 77 16 56 82 96 0 12 109 26 69 58 5 96 93 109 98 22 9 50 18 50 91 86 67 83 82 41 90 56 97 67 119 37 61 6 111 124 70 49 51 25 25 117 18 8 60 19 105 108 49 79 117 80 21 12 11 9 64
95 29 7 20 21 17 65 47 43 8 66 53 25 84 93 91 99 25 33 7 9 47 54 106 113 53 77 39 118 14 80 116 17 95 101 22 61 45 86 98 38 14 52 87 63 62 91 79 15 103 102 69 65 117 12 107 46 122 8 62 33 80 90 28
36 42 85 114 63 23 70 33 47 11 22 78 126 96 120 12 86 101 95 44 113 98 64 46 57 108 4 120 76 117 4 59 95 114 20 23 127 123 17 20 53 9 23 103 110 84 88 115 59 56 122 127 22 21 67 33 119 69 27 94 98 38 41 22
69 79 1 23 16 108 64 69 68 120 108 59 118 49 92 11 102 46 66 111 64 26 47 87 61 43 18 58 7 54 107 46 1 124 93 93 112 38 44 31 64 37 76 10 9 111 58 89 119 54 19 80 16 67 4 59 22 45 51 9 45 27 96 42
25 54 113 47 28 26 17 103 59 73 121 105 68 73 113 20 23 101 2 103 94 61 104 100 124 1 65 102 112 41 107 33 41 19 96 67 44 107 74 124 41 46 4 88 48 123 36 33 72 69 17 77 18 77 39 16 59 98 92 41 80 122 106 71
64 108 52 99 6 109 4 23 27 61 106 16 100 19 2 36 89 14 50 47 7 12 47 2 64 72 30 104 117 25 80 55 33 8 61 119 114 12 68 40 76 0 88 127 46 3 99 62 51 9 27 120 125 5 26 119 11 61 51 47 66 45 96 73
94 14 70 35 13 119 111 77 2 112 116 109 113 66 125 85 18 98 75 53 68 9 104 32 12 127 98 50 31 74 111 101 23 34 82 69 39 53 108 43 61 105 98 67 32 76 55 35 53 106 18 42 11 10 69 127 11 90 40 24 105 2 2 83
