81 24 57 47 0 7 123 20 97 87 100 89 110 77 121 28 29 2 6 99 10 31 58 121 11 78 37 121 23 64 17 45 124 55 62 6 105 104 65 39 53 30 96 51 93 30 33 6 88 15 21 99 52 90 16 124 3 60 121 98 104 85 110 51
34 43 14 60 115 103 43 20 76 46 74 48 52 119 26 30 43 31 115 29 17 124 62 127 15 34 61 122 8 61 38 50 100 114 9 51 11 71 61 2 82 122 10 7 89 108 121 22 118 9 17 75 38 25 10 9 2 61 70 60 3 60 103 7
101 12 11 34 101 53 50 42 99 110 65 14 48 33 38 25 111 68 47 88 50 97 110 3 97 26 118 41 117 55 92 68 17 60 3 0 49 83 69 19 19 45 26 25 31 9 81 127 104 11 73 87 23 116 50 37 45 88 7 54 77 106 30 87
15 19 37 110 14 77 116 75 33 71 18 109 68 119 90 62 104 76 31 94 104 109 36 65 6 47 10 74 86 30 43 44 71 55 31 111 20 30 0 76 10 92 67 35 78 58 66 55 50 28 84 1 5 30 53 87 39 16 4 1 57 11 4 105
59 40 19 71 0 55 69 55 53 10 2 94 27 110 106 119 4 123 89 15 116 30 27 6 101 8 38 98 42 26 75 116 88 106 92 94 121 125 97 32 90 55 119 1 13 12 23 68 33 118 86 18 29 48 42 15 51 113 115 103 97 48 10 77
111 46 78 34 121 70 28 107 53 85 22 23 98 114 9 60 7 47 111 75 92 125 28 86 25 36 95 51 37 120 5 7 16 75 61 85 125 77 33 18 69 81 99 117 36 37 14 101 39 8 52 117 69 117 65 79 51 0 29 123 111 96 0 38
15 16 111 111 101 81 21 85 123 122 98 30 39 26 35 124 118 3 112 117 68 24 94 77 29 46 120 11 26 44 87 62 54 29 81 13 55 18 85 25 70 91 37 68 35 17 56 77 111 22 118 115 13 95 68 21 27 42 75 17 99 94 76 83
123 108 35 118 124 118 6 22 33 116 121 113 95 20 123 69 79 98 117 46 52 83 105 40 74 31 127 13 87 107 102 106 94 16 24 63 72 85 118 108 47 34 36 54 16 27 0 52 72 54 112 60 12 46 63 31 27 52 30 7 71 123 97 86
73 100 111 24 114 32 108 67 6 96 65 111 45 95 4 127 120 109 16 75 51 11 61 34 61 20 84 121 65 52 120 20 14 74 73 81 22 127 30 53 54 119 25 52 65 38 6 87 38 31 25 86 77 28 24 55 30 65 1 86 121 46 74 28
126 105 98 48 72 31 29 14 61 77 114 16 21 115 29 80 15 51 7 63 122 38 30 11 32 57 11 24 37 47 81 82 54 2 124 98 68 34 50 26 36 109 84 15 91 24 32 61 16 42 29 40 116 3 65 59 8 117 30 88 100 99 118 68
23 23 92 113 44 94 36 57 119 82 22 34 62 117 113 5 5 119 100 29 0 62 7 27 88 32 52 123 37 51 77 10 1 52 93 93 67 76 6 101 66 8 77 115 62 127 10 36 13 18 7 122 6 58 122 62 6 119 54 2 66 17 44 96
100 91 35 15 78 28 58 17 48 109 45 82 28 69 108 49 121 110 124 54 26 6 90 82 125 80 40 10 4 65 110 55 11 41 105 115 74 9 27 6 13 76 68 60 50 41 7 49 0 68 10 115 106 47 9 14 102 46 92 24 111 5 10 16
14 15 55 65 35 82 37 113 84 74 127 104 126 2 97 17 78 88 53 113 114 78 93 16 81 94 113 106 81 118 98 12 62 13 58 35 17 4 13 24 43 120 38 11 103 60 61 52 52 27 34 117 64 2 42 49 70 8 35 22 87 73 49 54
111 124 11 82 31 23 85 66 103 26 60 18 72 122 50 63 127 112 76 1 35 92 127 10 97 67 67 115 63 0 88 25 10 86 1 82 92 39 118 115 3 120 79 110 36 125 60 90 4 14 86 112 66 81 106 25 5 122 43 117 57 80 125 45
101 41 47 113 26 19 69 114 34 75 47 66 111 67 120 51 108 67 3 38 20 107 65 15 6 82 106 96 8 100 121 16 90 96 112 11 56 127 44 119 10 12 30 76 101 25 62 30 21 5 19 84 9 82 34 25 70 36 7 4 43 99 125 114
91 113 66 102 71 78 116 90 48 114 35 79 25 44 60 43 3 75 80 57 104 107 25 94 78 115 97 127 28 8 77 35 3 58 101 119 36 123 87 80 12 19 16 50 90 54 32 20 80 21 24 66 90 90 109 11 14 101 83 85 1 3 44 12
54 31 122 21 88 90 54 16 69 106 50 79 7 60 96 9 97 18 127 13 66 54 60 55 62 104 86 103 10 46 5 33 64 98 88 63 92 86 81 77 80 65 30 82 95 61 53 91 104 7 41 40 58 122 39 102 21 23 37 1 124 40 104 18
104 1 91 95 61 82 15 93 21 13 115 55 64 44 53 65 85 45 127 32 78 49 104 21 39 38 104 40 74 67 6 84 70 3 75 121 90 58 80 83 94 124 25 30 98 72 68 51 111 71 126 20 15 50 15 17 46 55 27 81 77 55 111 36
103 15 84 64 59 60 10 125 74 65 125 31 117 18 55 4 2 27 89 86 93 71 99 28 76 58 24 21 109 96 100 116 70 22 69 78 78 39 97 13 28 15 92 86 9 46 118 3 11 41 97 3 83 91 91 5 13 118 34 46 57 64 18 56
64 12 7 17 117 34 86 113 115 25 104 37 83 65 25 125 56 126 99 24 29 81 6 26 10 100 7 10 125 87 29 93 115 124 115 14 55 34 38 23 7 42 41 83 40 46 25 51 87 21 4 14 35 100 62 92 78 90 48 54 71 59 56 28
18 94 72 9 100 9 117 96 88 56 53 55 67 116 68 86 102 54 68 115 71 80 0 117 113 11 34 115 77 111 81 73 118 78 105 32 82 97 108 24 15 7 34 84 82 45 10 60 43 10 123 10 21 84 90 81 61 105 47 103 101 93 62 50
44 110 108 32 84 59 122 1 12 65 56 42 44 30 9 22 85 110 28 96 30 77 73 17 10 102 46 2 1 53 71 30 7 42 47 1 21 123 4 6 19 91 76 1 31 89 2 40 41 119 76 120 84 44 100 86 70 16 91 127 46 93 68 23
70 122 33 125 119 49 41 32 122 26 77 58 18 111 114 101 75 2 70 127 119 98 24 112 14 82 59 127 82 22 10 58 84 115 33 102 114 6 105 43 127 118 90 63 113 22 101 57 19 26 116 59 7 100 66 1 21 69 102 103 35 107 23 11
80 21 117 82 72 75 123 95 116 94 80 22 73 62 29 18 25 89 127 10 19 117 55 44 67 46 75 88 119 57 9 21 70 23 65 95 84 60 6 71 116 114 126 37 20 7 120 88 27 91 53 30 115 99 88 115 119 40 36 124 37 50 75 36
100 30 61 127 17 89 5 8 10 94 118 109 119 1 122 28 109 120 50 105 68 125 22 99 6 127 55 126 76 105 61 73 99 79 14 52 42 82 84 119 34 78 111 13 92 68 121 48 17 50 0 124 26 63 59 90 88 40 20 13 115 116 19 91
84 86 10 119 65 83 23 118 88 36 85 126 122 23 14 11 109 94 106 63 30 52 93 104 83 71 43 29 34 20 110 103 62 121 91 102 16 11 115 113 17 124 110 118 91 59 66 114 14 15 21 117 112 94 62 30 0 74 5 86 8 51 79 61
57 101 107 18 108 12 122 31 99 8 109 109 48 36 30 30 58 54 18 62 1 44 95 42 97 0 84 60 2 90 43 6 32 8 29 17 55 89 83 101 104 118 30 71 62 86 49 88 110 0 109 81 18 114 125 105 63 115 52 5 16 45 108 71
117 105 72 100 54 90 99 5 69 108 67 85 39 90 100 65 8 10 19 115 42 102 57 77 25 37 93 35 101 98 54 5 2 64 123 63 57 116 57 17 22 95 28 22 127 35 69 80 81 94 5 33 43 43 26 99 111 51 41 24 126 73 38 109
38 11 10 112 106 116 2 127 114 21 3 7 13 83 87 13 91 15 31 63 110 75 15 51 18 68 11 92 4 41 121 16 110 71 103 103 93 9 83 108 125 15 104 15 41 2 22 85 120 27 109 44 99 67 101 23 18 74 39 45 39 61 109 118
102 116 17 11 13 110 81 60 107 105 11 103 26 5 87 114 32 108 117 79 49 11 94 56 100 52 12 121 71 101 2 120 63 121 83 57 3 107 44 65 114 35 22 108 18 39 71 15 57 106 17 35 23 0 0 63 61 109 35 74 17 15 16 23
97 67 98 78 1 119 114 94 72 9 52 88 50 123 68 13 105 111 101 120 103 65 81 92 52 116 116 83 63 71 122 100 48 111 89 61 36 48 67 32 21 69 32 27 87 125 3 65 76 109 48 127 10 34 38 9 106 73 71 68 22 33 123 123
110 31 15 67 53 123 27 111 107 59 77 75 59 84 111 79 117 43 1 22 119 92 45 106 72 53 70 92 107 124 80 8 69 43 83 73 72 11 96 31 33 82 32 63 47 15 49 113 22 25 108 53 43 104 125 36 8 93 12 111 59 105 125 79
