23 23 55 80 119 119 17 11 40 86 119 47 81 63 15 79 99 22 85 38 32 23 60 54 60 83 96 94 39 57 118 71 73 0 84 24 95 52 60 45 109 73 59 50 120 124 111 72 83 47 83 122 39 6 74 84 101 110 18 109 14 69 60 55
9 127 45 79 108 74 56 34 71 91 2 65 52 77 51 92 52 53 46 2 64 14 83 85 33 49 32 72 2 1 3 15 53 32 8 56 39 101 51 81 15 7 86 59 125 35 2 14 101 126 126 96 81 22 106 2 29 44 127 16 113 57 57 95
109 56 6 38 77 57 55 14 43 11 7 79 40 33 45 87 119 28 15 4 4 115 29 116 49 113 4 106 12 98 48 88 49 13 107 45 89 81 125 83 33 70 46 59 73 78 80 10 97 90 84 94 49 120 3 40 58 59 112 80 112 61 111 83
24 103 86 78 32 18 56 14 40 68 79 59 108 111 95 21 42 31 12 37 25 115 80 4 124 48 96 90 4 100 70 47 17 94 5 65 126 76 41 116 51 10 25 20 65 39 55 117 50 19 80 79 56 105 4 13 23 114 67 51 47 87 46 59
72 2 118 8 81 99 82 23 3 8 96 0 115 114 34 73 11 17 77 9 73 17 23 0 93 78 71 121 98 81 104 15 84 14 61 4 44 117 51 70 111 6 26 88 85 111 12 16 104 43 12 89 72 4 102 32 3 91 25 67 15 100 21 35
101 57 54 34 24 71 80 60 17 113 57 120 75 120 56 96 86 62 11 10 12 34 26 88 103 66 112 88 44 73 80 126 66 108 21 101 77 90 41 19 47 17 127 76 105 69 73 100 92 5 38 10 111 24 107 107 93 54 83 57 36 15 94 92
69 92 95 72 36 52 86 15 17 18 43 1 57 9 75 45 81 18 37 36 90 126 111 77 44 116 33 1 43 96 82 123 123 26 47 93 6 26 84 70 111 88 127 101 17 32 32 95 121 24 13 37 37 3 107 61 81 9 34 98 103 117 22 88
64 81 78 24 95 52 83 16 56 74 76 88 19 127 24 41 44 112 30 116 64 51 79 111 91 20 29 122 2 97 69 42 28 2 57 32 74 44 68 113 31 110 81 110 83 51 63 115 102 112 124 39 91 12 89 79 88 73 28 109 62 101 83 117
25 95 102 101 58 48 52 87 30 103 11 57 120 35 9 5 6 116 30 90 71 2 103 46 125 84 0 44 53 49 78 6 62 14 88 66 29 121 77 115 67 35 66 4 24 94 10 71 89 65 27 111 120 59 9 49 38 36 62 60 102 84 91 37
119 32 124 74 44 43 0 52 46 32 66 89 14 104 13 124 22 123 53 119 7 53 35 83 127 51 5 96 27 49 37 29 109 106 80 72 91 53 70 45 27 16 103 123 47 43 107 59 59 4 68 77 69 6 118 52 16 58 8 94 21 44 72 58
79 99 97 108 12 82 11 35 9 15 91 119 18 103 5 3 29 102 94 45 26 44 84 36 8 60 34 105 46 115 20 16 54 87 94 5 120 34 49 36 12 24 95 122 0 48 121 34 121 82 52 51 53 75 103 103 46 42 19 32 92 15 125 77
6 69 20 35 85 103 53 18 24 66 99 108 52 122 97 74 47 41 46 90 41 1 5 126 45 65 105 80 39 57 111 77 73 108 32 105 61 117 11 125 95 48 87 77 4 50 68 110 31 108 48 96 59 45 67 120 93 40 80 66 12 107 111 99
17 86 98 112 96 50 117 35 80 102 33 11 4 47 103 118 90 123 39 12 25 13 95 10 37 79 118 56 21 120 110 15 76 75 81 28 81 109 1 53 1 2 92 55 71 10 75 31 3 8 87 112 55 15 80 110 115 121 85 70 9 92 35 23
63 55 109 77 77 88 109 21 51 49 46 22 95 89 114 90 108 75 82 18 51 33 95 28 60 84 34 105 4 75 124 6 40 1 88 9 101 43 69 90 34 61 73 124 72 19 100 34 36 103 71 109 119 53 94 126 112 127 106 121 79 27 69 31
91 10 41 22 29 8 91 87 58 27 87 78 102 113 32 46 97 126 21 28 33 41 51 46 73 50 117 123 123 44 93 119 74 117 33 20 122 12 53 24 117 121 20 0 57 68 116 85 70 12 108 51 22 20 5 19 75 39 8 49 27 10 115 95
74 87 55 78 104 34 80 24 112 98 18 104 30 80 118 49 86 62 46 0 124 57 9 7 105 124 25 33 18 77 71 114 0 47 24 23 46 83 119 93 68 66 31 16 60 105 68 10 37 67 102 18 102 109 112 86 16 12 90 0 1 81 99 108
96 99 65 67 15 3 56 72 112 84 22 115 123 116 1 66 86 25 124 110 6 99 43 32 112 63 35 3 117 22 24 104 89 91 126 91 84 73 26 50 114 78 117 80 102 98 68 79 22 102 111 8 32 34 120 103 49 23 87 113 23 18 38 60
24 115 94 122 101 24 26 31 10 68 107 32 18 106 110 120 15 98 10 74 73 97 115 68 86 54 24 92 103 76 110 95 33 11 87 103 20 126 28 50 120 123 22 32 7 41 76 68 117 40 73 62 13 87 61 74 45 125 66 92 52 111 51 93
112 100 121 6 80 83 53 10 107 24 58 87 65 26 82 57 92 100 10 54 18 91 38 84 89 85 69 10 122 13 59 35 123 103 40 1 56 106 59 19 21 127 125 102 3 55 92 109 57 87 64 87 57 29 75 18 127 100 61 121 103 106 117 67
78 83 43 83 117 118 60 20 9 29 23 47 54 103 126 51 103 124 37 66 92 7 28 118 9 68 74 67 48 57 34 49 39 125 119 11 84 15 77 84 47 126 90 99 0 64 124 21 14 115 83 66 13 72 18 39 97 3 32 42 36 65 26 44
80 112 49 116 123 94 62 104 5 123 115 94 66 103 66 96 115 58 12 20 63 36 79 84 119 47 55 43 12 3 94 72 111 32 36 52 100 23 88 50 40 28 58 39 50 49 110 35 78 108 59 17 19 4 17 123 39 0 18 86 25 112 28 58
62 97 82 61 47 61 17 65 123 26 5 102 69 58 5 30 104 103 93 55 53 84 40 107 17 86 101 22 91 35 24 6 81 124 19 4 17 105 103 32 78 34 110 109 64 62 84 71 70 40 49 127 107 103 103 29 37 34 65 45 7 101 67 36
84 12 72 44 28 40 55 87 15 11 65 61 18 29 15 87 12 68 22 61 119 101 30 52 119 16 127 48 48 66 25 12 107 37 21 84 28 44 45 38 68 77 81 67 96 38 19 76 99 108 67 34 7 51 39 120 112 110 35 5 119 125 85 123
69 105 99 72 15 102 45 58 37 96 17 11 53 90 127 46 0 14 110 90 79 20 0 92 66 11 123 27 38 36 94 59 30 57 96 96 127 110 103 10 109 28 88 118 12 50 107 53 18 57 35 27 67 2 121 101 100 106 88 40 34 92 104 92
75 98 83 80 116 75 120 126 49 99 73 81 29 71 104 114 76 94 120 69 53 70 123 84 101 106 112 50 27 63 120 107 84 20 87 26 26 76 49 28 38 56 118 91 36 92 63 47 21 99 29 27 22 96 3 2 127 60 95 3 64 11 12 33
123 58 127 92 72 30 70 12 53 1 32 49 6 17 50 7 54 75 42 58 29 58 8 91 67 38 80 10 122 1 22 62 113 21 60 25 11 31 8 106 68 89 70 92 32 23 88 94 92 68 37 108 10 31 63 71 19 33 110 41 7 65 20 78
124 69 4 117 117 66 106 42 15 98 72 34 82 42 109 97 38 9 73 19 0 5 52 45 122 65 37 32 66 99 76 34 78 44 21 106 67 125 16 4 84 56 127 87 94 39 116 119 29 41 6 112 123 70 90 87 18 40 119 33 21 51 114 90
5 73 108 94 24 65 9 73 25 4 85 67 118 97 70 49 16 10 52 49 7 91 123 107 119 96 115 61 88 84 75 122 89 28 101 98 100 109 43 108 44 28 112 87 58 14 69 95 43 97 35 83 120 56 116 63 75 98 112 37 119 16 26 16
62 10 63 118 38 1 114 65 53 28 44 87 87 79 30 48 106 8 26 55 104 124 77 44 88 42 107 21 98 32 26 39 25 82 44 102 44 25 69 66 5 27 66 12 62 12 125 120 76 0 124 39 36 30 115 16 8 108 63 56 12 36 13 74
24 94 121 77 56 70 87 112 99 41 41 46 115 43 40 2 110 107 89 110 89 0 78 10 100 6 11 115 120 37 53 66 105 121 52 89 117 93 31 99 44 50 36 118 58 53 17 0 116 20 27 111 15 47 27 21 82 111 0 94 115 115 41 97
109 103 69 91 2 94 79 80 43 26 50 23 19 31 98 12 111 42 19 122 111 126 115 1 67 90 59 88 3 123 95 16 0 32 29 4 117 11 101 31 37 120 16 57 117 108 39 95 23 11 110 127 94 18 28 84 89 51 91 16 72 20 113 59
97 74 118 19 112 52 113 110 102 79 62 56 28 0 123 81 58 63 85 71 70 88 93 97 43 47 104 115 74 14 34 22 52 44 84 91 12 33 37 69 107 67 4 118 125 39 69 20 27 2 22 71 18 116 74 49 73 57 91 19 107 115 91 92
