55 108 40 66 47 85 103 57 38 120 118 112 24 59 111 116 85 113 111 46 97 60 83 99 100 102 124 26 123 110 112 95 41 51 92 104 47 31 23 2 117 26 72 39 22 6 80 126 36 6 93 76 81 94 21 77 81 98 16 18 94 38 116 35
14 62 28 59 55 39 15 32 88 15 29 120 97 65 103 43 106 37 50 59 17 4 110 39 5 75 114 11 11 72 119 105 21 48 49 79 3 49 2 15 13 63 119 40 101 67 58 1 118 9 74 102 89 120 100 25 3 89 101 27 1 65 15 123
56 22 22 76 20 102 24 57 36 120 48 76 14 27 66 86 3 46 49 59 61 66 102 71 42 88 117 57 104 51 75 68 96 45 24 24 120 34 60 14 105 89 127 73 87 34 28 37 68 23 18 45 48 43 72 25 24 34 113 35 13 127 55 5
31 25 14 126 48 94 55 36 124 101 52 57 100 82 77 35 100 10 26 1 21 65 83 107 111 16 3 13 6 78 93 15 103 65 18 0 30 127 118 3 90 57 55 52 88 85 42 73 113 96 48 111 107 59 93 93 15 72 80 98 59 113 46 14
62 111 27 19 96 62 32 35 124 12 61 67 22 71 12 87 39 109 29 123 93 24 96 72 25 23 96 38 88 115 108 78 60 104 111 48 40 69 19 43 15 123 20 14 38 41 60 3 23 2 113 0 93 12 53 81 39 126 127 10 41 92 3 24
99 35 63 124 43 39 91 44 7 84 34 43 17 46 24 109 40 4 63 61 124 110 71 86 2 107 36 94 92 40 19 66 86 39 84 76 7 4 24 38 36 124 104 4 7 107 3 40 59 53 21 77 18 76 98 67 32 21 64 10 15 67 126 92
102 43 101 87 115 8 121 71 77 78 116 61 85 100 14 5 0 19 104 35 1 69 1 2 6 83 112 63 40 53 40 114 4 88 101 81 62 0 24 80 45 14 68 16 20 52 54 86 106 9 80 56 64 36 111 6 75 39 49 125 0 19 107 30
67 89 11 21 0 125 0 2 116 75 117 20 12 60 12 116 104 81 123 123 32 5 24 22 87 100 25 3 101 34 112 74 99 24 19 0 93 67 22 98 105 21 94 61 0 58 67 18 29 0 47 18 126 51 84 21 49 65 5 63 20 96 18 90
36 62 28 59 91 33 0 47 88 126 20 33 25 35 98 22 80 46 105 75 43 19 102 26 105 60 36 83 51 74 91 61 65 23 79 11 15 35 1 88 125 61 63 28 91 73 108 86 95 30 82 14 54 32 123 80 51 99 19 72 37 2 53 65
17 86 125 82 6 34 123 123 113 83 126 83 82 104 79 101 84 92 107 59 101 108 122 23 100 92 94 108 115 38 11 93 52 63 3 93 4 15 26 3 71 47 7 80 127 45 43 66 90 51 127 33 61 108 20 106 23 43 113 125 40 28 102 5
55 13 49 77 100 51 87 76 0 11 114 105 23 36 83 69 75 84 2 124 26 109 52 99 16 112 109 14 38 3 16 101 10 11 110 31 26 43 42 90 48 103 107 92 72 42 2 102 28 126 84 34 116 47 73 86 38 88 23 19 14 84 116 105
75 17 59 86 118 104 92 40 99 68 102 89 126 102 74 105 10 119 55 17 11 120 15 26 99 16 112 84 118 100 30 108 34 26 86 31 16 10 0 91 81 48 40 19 70 36 125 15 38 108 44 63 46 22 31 48 80 122 18 105 97 77 118 66
38 88 59 10 48 14 127 82 60 42 14 78 101 78 124 72 4 82 87 28 61 59 68 126 21 12 49 115 112 46 109 28 79 99 16 19 77 113 5 21 103 8 31 87 32 76 98 69 48 103 29 101 15 64 105 81 85 89 13 55 36 48 77 89
49 35 51 22 65 102 70 102 44 114 85 27 101 19 48 56 81 120 87 96 58 118 108 25 18 111 105 12 73 61 125 13 72 116 10 66 103 11 34 102 109 38 31 102 13 107 64 26 100 59 42 64 54 108 92 87 118 80 34 94 105 31 18 94
38 19 27 2 31 85 107 57 53 41 116 107 14 101 82 61 30 60 25 68 56 19 122 65 20 114 59 62 50 99 91 83 100 38 99 10 118 56 2 36 83 95 110 24 20 121 113 79 111 41 0 22 106 112 23 46 88 6 120 121 37 110 46 102
34 77 61 72 2 101 19 104 96 104 43 31 99 25 47 4 58 60 48 29 16 69 57 62 60 62 14 0 12 47 127 33 124 29 18 118 63 65 116 56 43 11 121 39 107 23 10 65 0 120 57 27 67 104 122 93 123 58 70 123 21 89 28 88
73 83 77 96 68 44 69 85 123 16 78 38 39 27 116 1 81 26 20 86 6 60 51 122 47 125 18 72 11 109 93 70 1 16 74 113 124 75 127 2 20 77 78 50 105 104 9 115 54 35 50 73 16 125 107 88 60 90 96 74 12 64 94 96
125 84 79 102 86 73 47 96 85 104 69 46 99 110 9 56 79 12 114 60 57 83 67 83 85 28 15 106 62 46 42 22 29 56 29 106 66 55 23 112 100 76 105 95 100 75 7 87 43 79 95 33 34 95 49 16 1 89 53 43 80 101 48 1
71 109 69 8 0 68 102 8 13 26 8 35 92 83 78 99 2 119 116 22 121 117 109 72 29 18 101 66 49 47 2 97 65 121 26 86 105 95 110 98 39 124 127 17 26 10 38 18 88 6 94 56 1 37 4 77 81 35 67 87 76 118 124 84
56 96 19 4 23 98 29 27 52 50 108 6 41 34 118 93 33 102 72 123 116 75 53 28 9 26 82 12 41 36 60 95 78 20 2 7 69 92 82 16 9 96 12 90 105 11 65 73 127 84 22 64 96 127 51 60 25 14 21 88 64 122 25 20
104 23 102 15 31 15 76 41 31 49 40 107 124 127 23 12 74 78 9 41 40 120 120 2 54 15 43 80 88 29 110 120 98 36 59 76 23 101 25 57 8 125 60 18 27 6 44 85 127 93 62 36 15 99 4 28 51 114 22 5 35 56 32 48
40 79 54 97 106 25 36 76 115 16 95 31 27 92 24 46 21 90 60 125 43 101 19 108 49 87 46 46 71 50 54 77 38 13 68 46 20 14 119 99 96 80 120 83 0 79 108 81 9 22 17 112 57 125 72 109 116 93 76 51 115 94 45 106
12 95 16 66 60 64 52 4 31 88 44 55 4 100 86 75 33 60 86 79 112 61 68 62 43 110 27 69 12 42 29 25 80 62 72 56 63 79 48 51 62 119 81 12 92 106 108 87 121 44 107 45 76 88 40 45 0 72 67 91 11 87 124 109
72 34 101 98 32 57 117 127 116 34 125 45 83 65 43 25 41 76 29 115 31 35 18 21 64 56 10 25 47 18 82 11 66 118 55 17 112 4 111 23 77 114 37 66 126 69 75 51 125 74 126 38 58 25 64 79 47 112 110 52 8 4 115 71
60 20 96 102 106 62 19 57 116 44 21 76 102 74 81 62 29 62 96 43 66 57 123 64 35 5 36 92 74 115 54 76 74 58 37 114 24 78 116 76 105 32 12 37 116 57 87 19 107 16 122 113 23 25 39 31 92 77 36 85 97 90 91 120
126 85 59 56 106 57 66 21 57 111 84 79 72 76 73 126 48 120 84 48 41 39 70 45 21 81 20 50 113 13 73 96 8 17 12 122 16 125 86 24 53 15 23 94 74 22 40 102 124 85 32 104 41 47 116 124 17 62 77 91 10 23 60 63
35 125 82 76 96 52 82 46 51 95 78 56 74 125 22 58 68 55 85 41 17 70 32 2 27 0 125 62 112 46 36 85 47 107 18 13 66 82 96 84 64 25 9 98 76 69 42 69 98 79 104 71 58 2 4 84 94 77 100 82 36 116 83 51
65 120 62 6 96 52 113 105 5 6 43 17 106 53 126 28 82 24 62 67 114 12 31 26 50 33 27 72 71 84 109 29 92 8 12 81 63 37 118 21 30 98 41 61 105 63 73 8 125 94 43 119 62 39 87 40 112 71 49 19 80 91 69 41
32 91 116 62 56 64 104 51 98 87 5 6 8 100 60 79 33 34 98 19 57 86 59 105 53 34 46 45 86 3 9 106 74 39 126 54 118 72 39 75 80 95 22 14 114 91 115 101 4 39 17 116 20 78 2 45 89 78 126 108 52 19 58 20
89 104 86 112 50 24 67 115 9 85 66 82 94 8 28 36 109 70 116 37 87 126 71 97 58 56 89 59 27 27 45 117 70 66 115 85 54 37 116 109 107 17 75 94 62 102 4 43 104 28 106 99 13 57 43 17 6 86 96 122 61 44 15 63
36 114 24 8 54 27 8 11 17 90 89 55 89 73 57 124 80 50 31 87 106 47 7 29 25 23 26 78 91 74 38 65 50 72 49 44 127 86 32 18 12 77 95 112 21 19 96 4 125 83 127 77 90 89 31 29 90 25 81 108 86 107 110 87
3 104 66 124 117 42 29 110 15 125 70 38 85 40 30 48 12 104 124 40 115 92 27 126 107 63 116 18 86 110 113 71 24 37 120 101 98 89 2 1 4 60 125 19 75 37 79 100 127 101 35 45 92 98 112 36 53 20 20 91 69 83 125 59
