122 48 90 124 75 21 103 47 100 20 32 80 55 28 52 39 73 17 46 115 12 26 61 73 95 104 44 2 21 26 54 66 32 1 74 45 73 102 118 123 32 57 6 14 25 10 127 37 26 117 102 6 0 73 20 78 29 93 7 87 82 2 54 14
35 5 120 41 49 111 17 101 82 112 49 29 76 38 115 11 97 58 75 43 87 3 35 113 47 13 80 48 66 101 86 76 8 20 104 71 80 15 15 122 27 50 55 79 56 109 51 45 77 109 107 37 83 108 47 126 40 97 117 58 92 66 73 83
65 26 31 55 9 39 16 57 117 96 5 38 110 17 72 71 88 94 41 124 3 19 27 39 64 103 118 43 22 56 46 12 15 89 54 94 113 64 80 15 118 36 51 116 9 121 37 43 94 73 53 112 97 50 51 69 91 91 58 12 40 11 49 103
56 49 120 118 56 53 65 7 105 62 8 59 119 113 62 71 114 2 72 12 8 94 88 51 107 61 118 108 7 110 94 124 126 44 52 108 62 94 80 110 56 53 18 66 45 93 9 112 92 103 17 11 48 22 61 10 72 117 55 87 88 54 24 110
8 11 10 112 37 27 7 73 88 46 35 124 49 106 8 104 59 71 66 52 81 109 98 16 99 52 27 113 62 14 18 123 85 69 46 70 107 47 72 19 36 74 1 63 85 111 35 4 63 6 69 119 21 73 45 39 60 109 45 83 27 86 34 0
28 8 8 21 127 62 65 79 103 57 69 54 12 96 18 78 32 73 64 59 11 42 92 16 67 28 54 6 43 76 4 59 5 97 116 6 45 56 53 91 45 9 3 66 24 86 90 77 60 37 31 22 110 103 36 2 98 12 33 87 64 75 7 82
8 27 77 123 90 17 41 40 69 32 100 105 88 76 53 86 35 96 84 97 55 99 16 9 86 43 122 1 98 13 120 110 108 40 1 18 79 106 107 88 0 1 111 26 1 121 93 50 9 18 105 79 12 47 127 113 55 71 55 49 94 44 88 58
38 123 20 54 119 56 113 101 40 92 69 81 48 43 34 90 4 70 73 73 50 56 57 91 35 9 49 98 116 98 36 111 19 12 74 121 108 18 91 101 55 44 59 67 56 53 36 82 36 116 13 94 91 123 99 43 101 82 41 0 22 118 63 27
111 3 40 59 17 62 60 48 46 114 38 88 81 5 82 52 75 24 98 64 4 64 7 38 110 42 81 109 122 72 4 118 3 107 92 0 93 55 44 64 2 21 71 55 17 24 47 115 83 30 29 79 65 80 9 70 58 105 50 115 122 8 53 61
80 8 8 100 23 38 74 7 24 109 65 9 116 23 111 79 82 58 30 10 5 69 31 38 47 12 58 66 55 119 40 55 34 37 120 80 66 33 75 87 69 105 10 111 26 47 23 17 26 53 54 119 104 20 58 114 33 119 96 57 126 47 53 17
2 23 0 5 18 85 114 42 122 7 68 51 72 46 84 27 45 3 119 87 7 115 60 16 33 19 79 73 33 42 9 93 29 114 24 126 56 109 62 106 104 70 46 83 80 2 110 45 103 35 25 9 33 77 7 54 90 9 56 113 78 100 85 44
49 63 94 1 44 94 61 13 73 93 99 110 103 14 13 30 28 26 84 8 19 98 57 78 87 48 56 15 99 74 120 7 66 18 109 104 66 35 88 59 35 10 50 125 79 54 53 16 61 41 23 16 47 83 85 69 6 13 10 11 109 4 4 127
19 53 54 57 78 89 96 120 126 29 23 86 72 2 121 99 47 70 21 13 47 28 49 79 111 97 9 70 88 26 78 95 27 8 70 122 119 79 25 98 80 86 7 1 94 56 51 57 122 120 95 92 2 7 58 1 94 61 114 48 100 19 28 16
73 104 21 5 61 106 97 30 61 118 11 11 62 15 24 21 90 87 75 116 17 44 110 79 67 11 48 32 85 62 17 53 111 96 26 105 82 111 77 24 33 87 101 59 53 86 4 107 122 35 53 87 35 68 38 69 108 99 108 3 73 115 64 84
39 102 36 66 110 30 90 80 124 86 76 46 26 50 19 109 116 12 62 43 23 124 118 104 122 2 125 106 9 64 48 123 57 76 77 96 1 65 102 104 119 30 67 97 82 121 36 72 23 76 43 93 82 40 73 50 41 107 77 39 47 112 83 3
101 107 59 113 38 4 105 95 5 122 13 69 125 77 11 61 26 53 89 11 7 73 15 51 25 7 104 44 92 83 80 18 16 102 123 64 122 115 28 13 16 12 92 97 90 62 109 32 28 36 102 82 45 23 13 110 100 4 124 52 87 97 113 94
29 59 119 127 72 90 27 105 25 17 35 7 17 83 57 124 31 92 48 47 81 70 64 91 32 49 3 118 83 116 115 35 120 94 101 27 2 5 44 22 6 119 60 99 64 5 23 36 44 50 99 87 101 44 62 28 100 108 95 24 9 34 54 24
90 44 95 122 11 3 105 89 66 16 72 92 64 81 104 52 83 56 104 97 114 27 111 98 15 20 76 98 41 53 31 113 37 69 113 101 37 53 59 76 109 116 102 76 46 11 52 122 32 27 120 2 81 25 53 39 65 67 113 91 91 88 89 108
46 1 41 33 93 124 20 107 100 43 86 96 123 1 90 111 58 85 97 15 19 25 15 69 108 107 22 41 36 71 5 36 115 21 5 117 31 16 37 16 36 22 48 60 48 60 76 31 126 85 62 6 21 84 5 60 13 15 2 8 46 84 113 93
93 123 41 41 95 22 2 0 66 120 100 70 2 99 48 66 54 3 30 65 77 100 63 30 116 62 65 30 46 106 21 73 115 93 96 82 45 88 57 118 60 117 45 0 95 24 60 104 80 13 44 76 126 101 38 65 31 95 57 103 55 5 88 66
81 49 117 118 37 106 2 111 4 23 53 33 110 111 38 111 87 99 91 47 48 33 79 99 6 17 69 113 91 102 33 50 104 92 126 67 13 68 88 102 7 14 122 82 58 10 19 54 35 81 13 57 37 88 79 81 0 103 64 0 114 84 124 59
24 90 9 49 11 91 112 31 32 71 105 25 41 49 60 40 56 1 98 97 69 30 22 75 53 114 27 78 18 75 113 47 1 10 43 100 58 127 58 119 37 24 106 20 41 35 8 11 9 58 109 4 32 68 79 62 100 100 28 17 92 5 52 81
31 123 41 46 30 61 55 117 10 25 91 26 82 56 108 26 58 61 19 2 15 102 43 92 78 29 39 118 112 64 28 116 126 29 103 109 31 9 90 50 7 50 35 105 54 34 35 111 55 35 88 83 60 61 115 108 116 80 86 24 111 63 59 56
112 94 69 98 127 51 55 62 67 103 19 104 53 0 108 89 97 118 9 22 50 112 23 12 28 57 109 90 94 42 9 30 102 73 87 96 13 98 108 33 16 20 95 66 57 78 7 95 37 25 63 29 8 120 31 10 85 33 104 17 18 53 81 36
81 11 3 110 42 26 50 4 5 76 86 105 55 88 109 67 115 118 95 43 14 89 41 10 72 10 65 108 26 117 57 89 71 127 124 20 20 71 0 101 57 12 72 91 5 110 86 111 99 123 57 16 72 11 85 114 51 121 75 117 69 107 72 51
36 116 2 97 7 9 46 40 63 41 42 124 8 13 100 90 104 95 3 1 114 96 84 0 107 74 64 45 58 74 124 127 6 65 14 71 117 115 120 46 89 39 124 41 50 34 115 109 104 40 84 123 56 37 71 106 95 7 107 73 62 86 3 47
51 37 93 104 86 4 84 119 69 112 80 88 127 23 85 76 16 77 97 89 82 25 123 2 1 91 1 21 70 3 112 37 102 83 69 72 51 123 30 125 25 35 25 27 4 114 73 17 14 56 124 96 4 36 103 85 85 21 51 14 16 50 124 44
62 121 27 58 85 20 41 80 68 81 16 67 117 6 88 100 39 39 42 72 82 50 72 22 94 31 115 30 16 111 102 57 85 34 29 63 52 50 103 36 89 121 5 33 55 95 24 114 12 62 101 101 65 121 119 4 74 10 87 77 108 93 103 110
43 98 84 118 68 101 1 39 36 117 48 121 97 74 35 74 72 69 119 33 57 110 36 95 59 11 108 31 80 3 105 32 42 111 106 8 97 102 50 93 113 124 19 38 22 40 43 124 34 22 117 57 47 102 86 57 100 56 86 38 27 63 61 82
112 111 61 93 84 87 84 25 50 120 49 126 114 123 35 25 32 122 99 67 72 7 65 92 22 69 54 42 99 125 109 20 21 8 33 58 120 25 0 99 107 4 40 62 21 67 47 65 15 79 52 127 119 119 85 106 64 78 63 87 67 62 61 81
80 70 113 44 51 115 124 73 126 64 1 48 21 95 28 34 80 75 23 93 107 29 83 41 70 105 49 126 117 101 70 59 112 29 11 48 94 81 45 42 1 116 96 74 97 79 53 34 51 32 84 83 71 50 25 96 61 60 25 36 29 94 96 10
52 40 4 65 12 62 81 89 24 43 13 68 58 55 105 51 65 67 11 74 67 42 72 73 90 5 14 41 30 85 52 5 32 28 20 123 53 55 115 93 20 127 99 54 57 63 85 45 83 21 124 115 59 103 10 46 30 114 103 76 17 21 55 16
