72 0 0 0 0 0 0 0 0 0 0 0 0 0 0 0 0 0 0 0 0 0 0 0 0 0 0 0 0 0 0 0
-28 -45 0 0 0 0 0 0 0 0 0 0 0 0 0 0 0 0 0 0 0 0 0 0 0 0 0 0 0 0 0 0
-59 83 -75 0 0 0 0 0 0 0 0 0 0 0 0 0 0 0 0 0 0 0 0 0 0 0 0 0 0 0 0 0
-81 114 -121 112 0 0 0 0 0 0 0 0 0 0 0 0 0 0 0 0 0 0 0 0 0 0 0 0 0 0 0 0
-95 -66 40 -21 -5 0 0 0 0 0 0 0 0 0 0 0 0 0 0 0 0 0 0 0 0 0 0 0 0 0 0 0
-79 120 50 -114 -83 -43 0 0 0 0 0 0 0 0 0 0 0 0 0 0 0 0 0 0 0 0 0 0 0 0 0 0
76 98 -61 -85 124 -69 -46 0 0 0 0 0 0 0 0 0 0 0 0 0 0 0 0 0 0 0 0 0 0 0 0 0
25 13 60 14 -60 -30 -6 -119 0 0 0 0 0 0 0 0 0 0 0 0 0 0 0 0 0 0 0 0 0 0 0 0
79 -87 16 -15 79 -4 -100 -107 -124 0 0 0 0 0 0 0 0 0 0 0 0 0 0 0 0 0 0 0 0 0 0 0
23 16 -125 16 53 33 84 72 28 41 0 0 0 0 0 0 0 0 0 0 0 0 0 0 0 0 0 0 0 0 0 0
121 111 109 -7 -13 71 -86 75 80 -125 -103 0 0 0 0 0 0 0 0 0 0 0 0 0 0 0 0 0 0 0 0 0
-88 -52 -47 71 -51 -9 6 86 106 -33 14 -94 0 0 0 0 0 0 0 0 0 0 0 0 0 0 0 0 0 0 0 0
-124 -54 -125 12 -81 -33 -76 -58 65 86 -57 -126 -55 0 0 0 0 0 0 0 0 0 0 0 0 0 0 0 0 0 0 0
107 109 73 -47 11 -61 -115 117 -42 -33 -19 -61 -99 9 0 0 0 0 0 0 0 0 0 0 0 0 0 0 0 0 0 0
23 127 13 -82 -23 -13 -97 -23 84 8 -81 118 29 18 -46 0 0 0 0 0 0 0 0 0 0 0 0 0 0 0 0 0
35 95 -2 79 104 -96 -53 -52 -110 -87 101 -93 72 -28 -91 75 0 0 0 0 0 0 0 0 0 0 0 0 0 0 0 0
-24 63 0 81 51 -21 -120 -30 -120 -91 -80 15 -11 -100 -67 45 13 0 0 0 0 0 0 0 0 0 0 0 0 0 0 0
-10 62 -53 120 123 48 42 -41 -1 89 43 -37 26 84 45 -25 -83 102 0 0 0 0 0 0 0 0 0 0 0 0 0 0
54 80 -56 71 -77 6 39 18 102 -17 61 34 -89 -89 32 41 68 24 9 0 0 0 0 0 0 0 0 0 0 0 0 0
17 52 -74 -25 28 63 115 96 -28 -98 -27 -84 81 -115 3 55 -34 9 -8 80 0 0 0 0 0 0 0 0 0 0 0 0
-18 -69 -92 -9 -51 25 99 13 -61 36 15 -14 50 -73 4 57 54 97 -9 -82 -124 0 0 0 0 0 0 0 0 0 0 0
51 48 97 79 5 -18 61 116 103 -34 76 -54 -99 -93 -76 -32 -118 -52 97 -111 12 34 0 0 0 0 0 0 0 0 0 0
62 10 -101 39 105 9 -109 -23 111 -42 -70 50 55 -66 76 85 -19 -125 51 111 -79 -75 -121 0 0 0 0 0 0 0 0 0
93 86 75 0 -74 -90 34 75 -97 109 -53 84 -67 -5 -75 61 -92 -24 94 80 -10 63 -83 -113 0 0 0 0 0 0 0 0
-108 -103 -35 14 72 -2 44 -30 2 54 -106 64 2 40 -7 -11 119 54 -30 -82 59 36 84 -96 121 0 0 0 0 0 0 0
24 -97 -107 124 -102 33 48 -46 -92 113 67 -18 7 114 -125 -90 48 85 59 103 22 72 -37 -50 -110 -90 0 0 0 0 0 0
87 50 -120 12 73 -81 -52 37 87 95 6 -31 -57 -83 -103 -46 15 100 90 -14 -85 -61 120 -44 -82 -115 75 0 0 0 0 0
-93 87 95 -104 -74 90 -98 -93 -80 47 116 29 -77 -95 45 -117 -121 30 -37 55 120 81 65 14 -95 -35 4 96 0 0 0 0
110 60 -82 68 75 -127 12 -72 -30 -60 -99 20 41 -70 -1 85 -127 -97 46 119 66 -76 -40 -31 18 -103 -7 -105 -37 0 0 0
-87 102 103 61 -40 39 0 112 -9 16 -21 51 -47 51 -94 -19 -63 -80 -63 64 -22 -114 104 -35 -109 0 108 -115 -66 94 0 0
115 29 37 -66 -110 -85 -95 -127 1 42 -92 -50 -87 84 5 59 -28 -34 -15 -33 26 -42 -18 -109 46 100 -73 107 100 -74 -76 0
75 -87 37 115 -41 -57 -111 -86 45 72 4 -62 125 86 92 41 -107 -84 -109 48 -64 -13 0 -124 12 92 -66 94 -109 -83 74 -47
115 -24 -92 119 -38 46 106 104 15 46 33 103 76 -51 64 -43 -66 56 -121 115 10 118 -19 66 17 -36 -2 -30 97 47 53 55
98 -12 -65 -25 56 51 -20 -88 83 68 48 64 11 91 -101 -40 121 30 -91 0 -9 -47 -51 -50 111 111 11 -19 -71 -30 85 -111
48 48 62 -107 -92 109 91 83 -40 104 65 7 -12 24 -72 -40 109 -45 121 -64 -37 -81 -98 93 67 -28 -16 -80 -81 -33 56 -22
51 -37 -99 102 -24 -21 80 -70 -3 -50 -26 32 -118 -13 118 17 27 -80 -65 -25 113 2 -82 35 -125 -92 125 -59 -27 86 -21 -20
19 -3 -91 37 18 126 118 -112 77 82 50 55 11 15 68 86 20 -56 77 -61 62 19 -111 -99 -14 -35 -38 48 24 92 -36 -40
-125 115 -124 60 -105 -36 102 -2 -84 -121 -49 -123 34 -34 -88 14 67 85 117 97 30 -28 -4 -63 99 -109 -93 125 -34 -79 -29 53
-48 42 84 -108 -47 -90 28 -49 -41 -78 8 -3 110 -17 -91 11 -9 37 -34 63 -14 69 27 -27 58 123 -18 -113 78 59 -73 108
1 65 -57 32 85 74 93 75 79 -62 107 110 -67 54 97 19 56 -35 122 -22 52 -106 106 50 -9 -18 117 53 -107 31 71 71
-18 77 -69 27 -84 67 4 -1 12 -91 10 113 -77 65 121 -58 51 46 14 2 -44 -81 -29 70 82 -43 -98 84 121 -66 78 57
-114 -94 -21 -118 28 -73 89 -105 -84 64 -83 -58 71 115 89 -42 -68 100 -83 -119 12 8 114 -111 -125 -76 -50 86 -28 -94 -45 122
-70 114 13 67 -121 108 -48 -60 14 -123 119 14 72 79 23 -102 58 51 -94 -41 -55 -107 18 -25 -42 49 -79 74 -36 61 -96 28
-41 -103 29 110 -79 -16 54 5 62 -123 52 -126 -85 -49 102 -38 35 -106 100 71 13 -102 69 121 -107 5 -86 62 53 117 103 -52
97 43 -83 81 38 114 74 95 -15 -70 66 -88 59 -12 109 6 -20 -71 -54 -51 60 -101 49 71 -110 -13 -67 -104 -28 71 97 -63
91 46 -78 -26 50 12 -103 -52 -113 46 47 -18 11 37 -43 -35 -110 119 79 -38 111 109 105 111 64 18 -71 -39 -84 60 93 26
-11 98 -92 -68 -80 -78 103 106 81 119 76 75 24 -50 -4 108 63 19 91 63 -49 73 84 81 -22 -60 -3 -23 6 1 -2 63
-74 68 21 -118 127 -78 63 -92 -112 109 53 45 -48 -110 120 -124 -44 -36 116 -119 4 38 -93 -75 -78 17 -2 -126 75 53 114 123
-3 -48 -2 -113 119 112 -47 -27 -100 85 -116 112 -107 59 -101 113 41 33 -106 -77 46 79 105 34 12 -67 105 -85 -52 -33 -47 -13
-51 60 -23 47 5 -50 -69 -84 73 91 13 -49 -56 -50 100 -104 -22 45 -125 98 66 -90 -86 106 -112 62 115 -60 54 96 91 -33
-47 -55 23 -110 -122 -26 7 -113 -69 65 -89 52 -82 -58 101 6 -99 2 -19 -24 -108 -125 -17 102 -9 82 -32 -115 60 105 106 42
-101 54 -40 -25 77 -9 17 12 -99 33 -60 -51 -20 115 92 22 -33 11 35 -17 -41 -95 110 -115 45 49 18 66 12 125 -28 72
59 -121 100 -25 119 -85 28 72 -42 75 -25 122 43 36 -96 -124 -98 40 112 45 -94 44 15 118 -121 39 1 -90 86 29 -18 -5
-82 -118 -79 -38 -34 47 -39 -98 19 125 109 -50 -57 -24 72 32 -34 -105 77 18 -79 -41 -17 7 -39 11 122 -50 114 -23 -43 3
81 26 -7 -32 -109 65 -12 -54 27 -123 91 82 28 -117 -37 -84 -13 107 -123 23 -5 -5 -115 -41 88 100 74 126 -92 43 -80 -44
120 72 -37 -95 72 60 -68 108 29 -59 -105 48 -88 -110 -114 -13 -45 90 17 -65 52 0 -93 -121 -37 -38 -74 97 118 -33 -96 -88
71 98 73 24 78 -68 37 -118 -27 -118 -20 -45 37 -97 55 -22 31 -81 78 -94 93 -124 -16 -22 -96 -93 -78 -79 103 65 -100 -121
-15 -11 -72 -55 5 37 -95 -16 125 -82 6 39 -114 75 -55 33 83 -126 -4 -14 -4 -69 37 -11 92 -105 25 -118 -100 50 -106 -30
81 -19 -119 60 40 42 -2 121 3 -26 -48 80 -93 -118 36 86 -12 -24 -11 -48 -2 6 94 42 4 -56 49 -32 -49 -90 119 11
-3 76 38 114 -101 112 -26 -120 -81 -21 -70 -21 -39 -25 -97 -68 -117 -22 3 -46 -52 -38 -92 -46 101 -95 32 72 127 -91 -100 -61
17 -99 -18 120 4 -126 -12 92 33 116 -7 47 -84 108 -84 13 77 -47 127 0 -38 -108 -67 -29 110 -84 78 68 114 -42 -69 -96
98 -74 -82 -97 -42 -62 -54 -98 -22 7 44 -36 15 19 4 15 -1 -32 97 15 -120 117 18 69 103 114 97 108 -19 111 8 -40
-77 40 103 75 -116 -50 -8 -64 62 43 34 79 86 -119 -79 101 83 22 126 -66 61 93 -86 54 116 39 125 -3 120 -3 -81 120
69 -57 -100 106 46 -1 79 -4 -123 -57 0 -57 -9 111 -115 126 -94 94 -91 -120 75 -117 114 -97 -116 -67 -48 -76 120 -86 -57 37
0 101 26 110 -60 -51 -71 -73 91 -37 17 122 7 -101 19 23 -40 -45 102 39 7 103 36 101 -67 -16 -26 -62 -63 -86 32 -89
0 0 89 16 -92 106 -69 66 -18 33 125 -25 -96 -87 94 53 33 -70 33 32 10 -21 8 15 116 -26 25 -14 8 -89 -99 124
0 0 0 -120 -88 -72 -93 61 12 68 32 -60 102 88 -10 -106 120 9 -37 4 104 -97 43 -77 53 43 -72 -68 46 15 125 101
0 0 0 0 34 122 47 -40 68 -101 18 121 111 5 -122 100 -81 46 3 7 44 -99 43 -70 -71 -66 9 86 116 68 63 81
0 0 0 0 0 103 90 71 41 -62 -82 -63 -84 13 81 -54 -73 -35 -48 94 -34 -30 63 -29 -47 4 -80 -109 100 -53 -36 -37
0 0 0 0 0 0 -79 51 -12 13 34 7 -64 -19 -47 -24 110 -121 105 56 -55 41 76 -122 77 -42 36 -34 12 -45 86 55
0 0 0 0 0 0 0 -32 -89 40 33 -21 -67 12 110 -43 -6 116 -44 48 70 -12 -50 -97 90 94 46 19 122 27 0 116
0 0 0 0 0 0 0 0 58 55 -69 -113 -42 58 -10 -91 -105 1 67 18 30 101 127 -6 -48 -101 98 -94 -104 15 101 -114
0 0 0 0 0 0 0 0 0 -5 96 43 63 5 -70 41 91 -31 80 7 109 -126 -97 25 116 66 99 36 -44 -87 63 -16
0 0 0 0 0 0 0 0 0 0 75 36 92 -113 -119 -115 -86 92 50 81 -99 43 15 -75 -3 108 113 -100 -93 -11 -79 113
0 0 0 0 0 0 0 0 0 0 0 -81 106 -5 -97 -108 53 -11 -61 -4 94 -94 105 -81 -15 -17 15 58 5 -17 72 82
0 0 0 0 0 0 0 0 0 0 0 0 -103 -7 -62 -21 21 -28 60 -68 79 -97 -121 -50 -101 112 88 -52 -68 41 -60 -106
0 0 0 0 0 0 0 0 0 0 0 0 0 3 65 -119 28 -1 65 -78 59 78 35 -47 40 71 -94 96 -75 -126 -72 55
0 0 0 0 0 0 0 0 0 0 0 0 0 0 45 113 6 -118 -111 -79 81 -92 73 -19 -51 -75 -101 -97 -57 117 -92 -16
0 0 0 0 0 0 0 0 0 0 0 0 0 0 0 -14 -43 -9 -71 -116 -93 83 -79 108 -56 -70 -114 85 60 36 93 70
0 0 0 0 0 0 0 0 0 0 0 0 0 0 0 0 52 77 -6 71 92 -34 36 51 -91 112 -43 21 13 11 -39 -105
0 0 0 0 0 0 0 0 0 0 0 0 0 0 0 0 0 96 115 -63 33 -46 -33 -80 -21 -98 120 31 -15 55 100 -108
0 0 0 0 0 0 0 0 0 0 0 0 0 0 0 0 0 0 116 90 3 -121 -61 17 71 -120 93 30 -55 123 17 -122
0 0 0 0 0 0 0 0 0 0 0 0 0 0 0 0 0 0 0 -29 45 126 5 5 -56 -55 108 23 -1 -83 -71 -53
0 0 0 0 0 0 0 0 0 0 0 0 0 0 0 0 0 0 0 0 -32 9 74 90 60 67 8 50 34 103 -81 -37
0 0 0 0 0 0 0 0 0 0 0 0 0 0 0 0 0 0 0 0 0 -94 -91 37 -3 -75 -5 25 114 119 -43 -51
0 0 0 0 0 0 0 0 0 0 0 0 0 0 0 0 0 0 0 0 0 0 101 -41 -1 125 52 -118 7 -87 64 -113
0 0 0 0 0 0 0 0 0 0 0 0 0 0 0 0 0 0 0 0 0 0 0 116 1 108 -9 78 34 -22 -27 55
0 0 0 0 0 0 0 0 0 0 0 0 0 0 0 0 0 0 0 0 0 0 0 0 69 66 -41 -48 48 86 -120 117
0 0 0 0 0 0 0 0 0 0 0 0 0 0 0 0 0 0 0 0 0 0 0 0 0 -19 -65 -95 -4 90 -124 88
0 0 0 0 0 0 0 0 0 0 0 0 0 0 0 0 0 0 0 0 0 0 0 0 0 0 -36 -85 9 -71 19 96
0 0 0 0 0 0 0 0 0 0 0 0 0 0 0 0 0 0 0 0 0 0 0 0 0 0 0 92 28 -75 -56 105
0 0 0 0 0 0 0 0 0 0 0 0 0 0 0 0 0 0 0 0 0 0 0 0 0 0 0 0 -120 -28 77 86
0 0 0 0 0 0 0 0 0 0 0 0 0 0 0 0 0 0 0 0 0 0 0 0 0 0 0 0 0 27 31 -36
0 0 0 0 0 0 0 0 0 0 0 0 0 0 0 0 0 0 0 0 0 0 0 0 0 0 0 0 0 0 80 -23
0 0 0 0 0 0 0 0 0 0 0 0 0 0 0 0 0 0 0 0 0 0 0 0 0 0 0 0 0 0 0 -65
0 0 0 0 0 0 0 0 0 0 0 0 0 0 0 0 0 0 0 0 0 0 0 0 0 0 0 0 0 0 0 0
