-91 0 0 0 0 0 0 0 0 0 0 0 0 0 0 0 0 0 0 0 0 0 0 0 0 0 0 0 0 0 0 0
91 108 0 0 0 0 0 0 0 0 0 0 0 0 0 0 0 0 0 0 0 0 0 0 0 0 0 0 0 0 0 0
-117 117 4 0 0 0 0 0 0 0 0 0 0 0 0 0 0 0 0 0 0 0 0 0 0 0 0 0 0 0 0 0
-98 20 96 -50 0 0 0 0 0 0 0 0 0 0 0 0 0 0 0 0 0 0 0 0 0 0 0 0 0 0 0 0
127 27 -120 59 81 0 0 0 0 0 0 0 0 0 0 0 0 0 0 0 0 0 0 0 0 0 0 0 0 0 0 0
-94 0 -85 92 11 44 0 0 0 0 0 0 0 0 0 0 0 0 0 0 0 0 0 0 0 0 0 0 0 0 0 0
-107 -106 -109 5 85 117 -83 0 0 0 0 0 0 0 0 0 0 0 0 0 0 0 0 0 0 0 0 0 0 0 0 0
-106 -90 13 68 -108 -26 99 -47 0 0 0 0 0 0 0 0 0 0 0 0 0 0 0 0 0 0 0 0 0 0 0 0
63 35 -76 -65 4 -76 38 2 -44 0 0 0 0 0 0 0 0 0 0 0 0 0 0 0 0 0 0 0 0 0 0 0
-22 59 42 19 -113 -115 -107 -122 -82 -4 0 0 0 0 0 0 0 0 0 0 0 0 0 0 0 0 0 0 0 0 0 0
33 39 76 24 10 40 92 3 -126 -127 47 0 0 0 0 0 0 0 0 0 0 0 0 0 0 0 0 0 0 0 0 0
-37 100 87 -109 -102 46 -90 121 -87 74 127 -35 0 0 0 0 0 0 0 0 0 0 0 0 0 0 0 0 0 0 0 0
-10 -122 -102 124 -108 31 101 -23 -117 -4 106 -58 105 0 0 0 0 0 0 0 0 0 0 0 0 0 0 0 0 0 0 0
-83 -40 114 -92 -121 -9 -41 -52 118 117 114 -55 71 26 0 0 0 0 0 0 0 0 0 0 0 0 0 0 0 0 0 0
66 -127 -124 91 -117 68 -55 126 -45 107 -126 64 55 -62 -22 0 0 0 0 0 0 0 0 0 0 0 0 0 0 0 0 0
-109 -71 19 49 -9 -98 117 43 2 125 -73 70 -20 -125 -126 -26 0 0 0 0 0 0 0 0 0 0 0 0 0 0 0 0
-64 89 110 -89 124 118 -71 55 58 123 66 44 12 119 -62 111 81 0 0 0 0 0 0 0 0 0 0 0 0 0 0 0
23 -45 -72 124 -9 48 88 -31 -120 -46 39 -49 -11 -2 68 100 117 76 0 0 0 0 0 0 0 0 0 0 0 0 0 0
27 46 -23 62 -73 27 89 -49 10 -96 -23 -31 -90 -8 119 88 72 -59 120 0 0 0 0 0 0 0 0 0 0 0 0 0
-127 -123 86 17 -110 -75 -72 -77 -73 93 -109 111 88 -66 -62 104 71 73 -115 -36 0 0 0 0 0 0 0 0 0 0 0 0
85 -60 115 27 111 104 -39 16 -104 -80 -103 -10 -74 12 -56 -62 37 24 -102 19 9 0 0 0 0 0 0 0 0 0 0 0
40 -58 -24 -10 -39 -94 30 -109 78 -82 -70 -32 12 -46 101 46 43 -72 -76 98 -45 -32 0 0 0 0 0 0 0 0 0 0
-103 79 -50 127 121 -92 -60 56 -19 98 -12 97 68 -71 -88 -55 35 -56 -40 75 48 -81 98 0 0 0 0 0 0 0 0 0
96 2 54 -55 81 44 68 -89 -22 13 -121 -101 42 119 10 -28 44 -26 38 126 -126 -34 1 -48 0 0 0 0 0 0 0 0
109 25 -114 -2 35 90 15 -96 72 115 -99 -108 -33 74 -71 78 -101 -85 43 82 -76 119 -26 99 -80 0 0 0 0 0 0 0
88 91 39 17 -96 -84 -50 -61 -55 97 42 96 31 -17 21 -5 -37 13 108 0 118 119 -84 8 121 118 0 0 0 0 0 0
-112 -94 50 -95 -23 -2 36 46 -127 66 1 -75 6 86 51 -122 103 108 -81 67 30 29 124 -87 67 18 -97 0 0 0 0 0
-83 -124 -27 -66 -99 -24 98 -39 -77 24 42 5 98 -8 -44 -29 -98 -94 -107 72 108 -55 -53 -3 -58 -53 -15 55 0 0 0 0
94 44 -118 13 106 58 40 -29 -113 -96 76 -78 96 74 73 -49 -12 23 -42 20 -16 87 -65 56 73 -121 -39 121 91 0 0 0
42 -65 -10 51 -41 53 98 -89 117 -83 -28 -19 -71 -88 -42 116 25 -108 -92 77 -7 107 -40 30 6 90 -90 -12 -96 93 0 0
40 18 101 -90 -80 10 21 72 25 -15 -6 84 -66 103 -65 -78 1 -18 -48 -18 -74 4 23 -31 -15 -119 4 82 69 -32 -127 0
26 -82 59 68 -3 95 86 -90 120 91 50 -66 80 -50 -11 1 -1 24 -127 124 -7 -77 19 -9 94 -45 22 -23 45 126 117 -2
38 44 100 -115 35 -92 76 -83 -10 -117 -80 59 -36 115 -71 64 35 -124 -54 17 -33 113 100 -99 -69 38 29 46 108 -119 76 72
4 59 5 95 -9 71 -40 -108 0 99 13 -13 92 50 19 106 46 86 -65 -29 -48 71 -125 -122 -57 -51 126 66 115 4 -75 119
108 108 -42 -107 -49 84 90 105 -96 78 96 -59 88 81 78 109 -108 117 93 67 -122 101 18 -38 59 -64 -2 107 92 -39 49 -100
36 106 115 4 -93 42 -26 -96 -4 66 -39 -69 114 -79 62 -115 -89 58 89 17 -15 48 85 8 34 -74 117 -121 66 72 122 -76
116 -24 -70 92 103 -24 18 -107 107 39 -68 -46 100 83 33 110 -23 88 -114 125 -34 120 20 -101 27 -98 -111 97 -78 -88 89 -97
-19 65 80 43 -19 67 92 118 68 -31 39 -117 84 -31 -107 -101 -117 31 14 78 -17 -29 -72 102 120 -114 82 26 72 -24 22 74
120 15 32 -65 114 -37 118 -74 -113 -51 -10 -115 -108 -9 43 -125 -83 -105 -123 29 109 74 -68 49 -52 -9 18 81 -40 11 -62 75
-77 -25 34 89 -113 -123 -58 10 90 83 -46 -104 66 -105 -36 -111 26 -97 -9 -45 -86 53 101 1 92 -61 -5 -63 109 9 -95 3
52 79 -20 -24 48 -98 52 11 101 96 88 -51 -78 34 -1 8 -59 33 -65 -102 8 -114 -93 -39 4 22 55 99 120 -13 -126 -103
-2 91 -21 72 3 -48 110 13 47 -109 -4 -29 77 -10 -4 -51 -123 44 -34 -16 -65 13 -12 62 -24 9 12 -110 -104 31 42 -108
-65 -119 -74 -125 126 1 93 51 -47 85 -46 112 -62 103 59 -113 -93 85 84 -106 38 46 41 11 61 -74 -83 49 -107 62 -108 21
121 -122 49 -79 66 -9 125 106 -117 12 -47 28 50 13 101 65 -70 17 -108 63 -66 79 -59 -111 -53 120 -75 32 -115 99 -76 -58
53 -76 -54 26 91 107 87 -104 -104 57 81 -97 -33 -20 -19 61 93 -16 -118 -7 -105 -123 -20 -38 -96 -81 19 29 -59 -23 64 -77
-27 -3 110 122 -79 -98 106 27 43 -47 -115 -127 98 -111 -84 -71 -29 0 -69 104 44 -25 19 120 6 -123 -24 -44 37 -114 -95 37
75 34 103 74 113 -86 3 35 -41 -101 -3 87 -120 -115 -104 -43 9 38 -16 66 -90 80 68 -119 40 125 -2 -104 -86 -59 51 47
37 91 11 -73 70 -76 45 -116 91 -16 9 42 104 16 -105 1 -124 -7 40 109 -76 78 -70 26 -70 58 -77 9 22 44 -114 90
-3 16 -124 -8 -36 -22 105 -14 -17 -59 98 -40 -58 -73 15 121 -123 -5 -29 27 -90 89 -45 20 -34 -104 -63 -85 -21 49 87 97
-115 -50 -43 -99 -40 -125 -73 -107 -51 31 -49 35 17 -50 105 -109 -63 32 -86 -62 58 38 -59 -96 115 48 39 -117 98 34 55 -30
-66 67 -120 13 -111 45 -8 116 14 21 37 -92 81 -36 -38 98 25 68 -75 41 110 90 21 98 120 89 47 76 15 42 109 -73
-95 76 -108 -44 -6 49 -91 16 124 -12 29 27 -79 111 -89 -4 -65 -97 -98 -47 36 16 76 23 116 -74 71 -82 110 -31 13 -127
-108 -115 54 73 63 -8 83 23 45 105 123 -36 111 97 50 -73 -36 127 106 31 57 -104 -18 66 46 -25 97 -39 -99 -67 57 127
-8 92 -98 112 -75 -46 -46 109 40 -47 77 109 24 -12 -127 -54 68 -17 84 2 -81 85 97 100 -85 69 -123 -71 -28 -94 -1 -16
-31 -109 50 -102 62 126 87 66 -77 43 36 -114 -70 77 24 76 118 -3 36 2 -7 16 105 5 2 -6 127 -85 -21 -13 -118 -80
108 -92 -88 -3 -14 18 -42 93 -8 122 -124 -109 1 97 -8 -16 42 -126 93 31 72 -69 43 43 57 16 -4 30 -120 89 -54 -108
-77 121 -35 -75 -93 82 -118 52 71 33 49 -46 4 97 25 42 41 41 -111 -83 127 82 89 3 -42 -61 -56 -108 40 113 -103 40
-82 71 55 -106 119 50 -115 -92 109 -40 -23 -104 94 -69 83 -72 -44 -24 -55 -33 28 0 56 -97 -116 -25 -117 122 35 -46 -50 14
-57 -93 49 -50 126 77 79 -60 2 -31 46 -46 116 -113 -39 73 -45 -25 64 57 -48 56 27 118 68 76 39 45 -127 -73 -58 -35
68 -74 108 -4 -5 -46 36 33 -5 -68 -67 89 -36 -84 101 91 37 -119 -57 -117 127 -104 -27 66 -121 68 11 34 -32 82 -54 -59
-88 -8 -82 -79 29 73 -111 -61 -61 -95 89 87 78 101 -12 23 12 -79 113 41 -37 122 -71 29 83 43 116 -112 78 -106 118 -56
-54 93 114 36 -47 -33 -108 -84 -42 71 15 47 -3 102 35 110 127 -65 112 111 -80 -55 -12 -57 108 92 31 12 29 -48 11 -23
28 -93 -47 61 0 34 -98 80 52 -39 10 17 -55 87 -61 37 118 12 56 12 116 -49 -112 20 -45 116 45 61 17 -11 -123 122
-90 124 73 94 46 21 -99 -29 58 88 20 105 -122 111 -26 -11 76 41 -60 -101 5 101 89 -114 94 16 -99 -84 22 85 21 -110
0 -113 19 40 25 -96 49 6 25 81 -106 28 90 -123 32 -12 46 -88 -71 -60 68 -58 100 99 47 -114 -31 -59 -71 62 -99 -19
0 0 -58 120 112 78 -109 -94 -127 -17 -111 108 57 -87 33 69 -38 -50 8 108 52 -3 -12 36 -51 30 -6 -92 -117 -107 -100 86
0 0 0 -14 -114 125 -5 67 -6 55 68 -94 69 3 40 -74 51 -32 -61 -74 56 41 24 -9 57 127 -18 87 -83 2 -73 -103
0 0 0 0 75 87 -3 42 -124 -41 -101 -15 106 1 -42 6 16 -61 -67 -86 -39 -96 -23 81 11 79 -85 24 -35 -118 68 127
0 0 0 0 0 -84 -104 127 -42 -103 34 12 107 126 83 -20 33 46 -47 -72 -64 7 31 78 124 115 5 -120 106 115 -65 10
0 0 0 0 0 0 30 -108 118 -84 73 40 -124 62 75 -98 37 -112 24 -51 92 0 -126 113 -69 120 53 -47 85 13 106 -85
0 0 0 0 0 0 0 -24 32 96 -123 -107 7 119 -90 -29 39 -7 -104 -3 120 -34 -55 -31 16 -70 26 102 -34 -65 97 99
0 0 0 0 0 0 0 0 -104 104 -43 -24 87 -38 -48 -111 62 79 102 120 -123 67 -88 53 -72 32 -8 82 55 7 117 -9
0 0 0 0 0 0 0 0 0 -42 74 -70 -100 110 104 52 -54 34 110 18 94 67 92 -47 71 97 -20 59 -106 74 6 -8
0 0 0 0 0 0 0 0 0 0 -34 52 -94 76 -35 -76 0 1 100 122 -44 -68 99 -60 -65 -38 -24 -86 72 -58 -49 79
0 0 0 0 0 0 0 0 0 0 0 46 -63 -103 100 94 -79 -117 -110 72 35 -82 -7 -3 -46 57 -121 -4 -6 23 -109 -78
0 0 0 0 0 0 0 0 0 0 0 0 4 95 106 60 -39 -9 -76 63 19 -59 -123 -54 91 -72 120 -121 57 -94 1 125
0 0 0 0 0 0 0 0 0 0 0 0 0 114 -76 56 77 -15 -47 126 46 -12 127 -21 11 -52 -29 82 108 49 99 -72
0 0 0 0 0 0 0 0 0 0 0 0 0 0 -122 -27 -96 -7 93 -33 -44 19 -14 70 -5 44 -78 -114 89 -6 87 123
0 0 0 0 0 0 0 0 0 0 0 0 0 0 0 -90 58 -18 21 -30 103 26 -3 -31 -39 -55 86 41 16 4 36 69
0 0 0 0 0 0 0 0 0 0 0 0 0 0 0 0 -102 79 -27 -32 14 -39 28 -78 -2 -117 93 -125 89 -52 26 -12
0 0 0 0 0 0 0 0 0 0 0 0 0 0 0 0 0 19 -24 22 -79 22 -91 106 -8 -8 -77 -47 38 55 -53 -33
0 0 0 0 0 0 0 0 0 0 0 0 0 0 0 0 0 0 -126 -33 -1 56 -80 62 -56 -32 87 -65 76 40 -47 -62
0 0 0 0 0 0 0 0 0 0 0 0 0 0 0 0 0 0 0 -60 -36 -39 -71 -77 15 66 -74 122 -42 -71 87 -15
0 0 0 0 0 0 0 0 0 0 0 0 0 0 0 0 0 0 0 0 120 -118 65 -43 80 -126 -24 -97 -62 -5 26 109
0 0 0 0 0 0 0 0 0 0 0 0 0 0 0 0 0 0 0 0 0 -59 -58 -19 61 -117 11 -38 -31 -56 -94 -95
0 0 0 0 0 0 0 0 0 0 0 0 0 0 0 0 0 0 0 0 0 0 -81 -113 -28 -27 124 -32 27 86 -35 -7
0 0 0 0 0 0 0 0 0 0 0 0 0 0 0 0 0 0 0 0 0 0 0 -29 47 -107 -90 59 94 -31 65 42
0 0 0 0 0 0 0 0 0 0 0 0 0 0 0 0 0 0 0 0 0 0 0 0 29 91 105 73 -114 -111 -3 105
0 0 0 0 0 0 0 0 0 0 0 0 0 0 0 0 0 0 0 0 0 0 0 0 0 -64 -118 80 101 -121 88 55
0 0 0 0 0 0 0 0 0 0 0 0 0 0 0 0 0 0 0 0 0 0 0 0 0 0 -48 21 96 2 69 45
0 0 0 0 0 0 0 0 0 0 0 0 0 0 0 0 0 0 0 0 0 0 0 0 0 0 0 126 -109 124 3 58
0 0 0 0 0 0 0 0 0 0 0 0 0 0 0 0 0 0 0 0 0 0 0 0 0 0 0 0 109 -60 -107 43
0 0 0 0 0 0 0 0 0 0 0 0 0 0 0 0 0 0 0 0 0 0 0 0 0 0 0 0 0 12 -106 -11
0 0 0 0 0 0 0 0 0 0 0 0 0 0 0 0 0 0 0 0 0 0 0 0 0 0 0 0 0 0 85 -65
0 0 0 0 0 0 0 0 0 0 0 0 0 0 0 0 0 0 0 0 0 0 0 0 0 0 0 0 0 0 0 -55
0 0 0 0 0 0 0 0 0 0 0 0 0 0 0 0 0 0 0 0 0 0 0 0 0 0 0 0 0 0 0 0
