-6625 -6363 9813 5044 -29597 67708 25500 8050 -29417 45205 28075 43875 24365 14984 -10337 56670 4003 -20788 50898 -9202 30517 -81683 -69486 -15896 -18665 16371 43134 2414 -29310 -10474 -17267 -16930
-75109 -42069 42980 26979 -32364 40532 13852 14256 -88981 27153 638 27210 67256 48642 -19176 -16050 -39390 28506 18741 -64516 7438 -63090 -51969 22580 19086 32524 52194 19593 17030 -56848 -24442 -29912
-72580 7535 25112 -2546 -36825 76296 32880 18932 -71834 49096 18615 13429 44377 -10190 9327 12104 45261 13865 60209 -5361 -202 -76853 -67231 31316 25945 35123 51531 33070 -59382 -26406 -61126 -3407
-39185 4145 -15907 10400 -38777 56606 29163 41815 -70925 66482 -16567 28126 24745 15444 54299 42051 -3037 -3936 21281 9457 1983 -79834 -65698 18351 -13383 1131 71513 -9408 36694 -46876 -42688 35350
-29073 -20266 85670 23080 -8380 51166 29110 23762 -73005 27143 35066 -1416 63679 21768 -4060 -23619 6542 37545 27724 -5530 -45092 -18581 -31159 24844 9441 -2160 68462 9981 -7823 -58923 -7658 -16586
-38907 6031 13081 8980 -41223 34730 57649 5147 -63136 22278 -2499 26329 93066 55251 -38732 -42773 21037 -24026 44381 -41027 -12413 -112482 -36839 6022 -15405 3441 -2716 -10244 -40252 -25461 -60473 -6723
-15873 -36531 48305 -1402 -51130 65609 18425 8868 -28154 46585 46200 23388 84066 29628 -29822 -5024 3335 36667 -20124 -26227 -9909 -41456 -37066 -16288 -13505 11864 13077 5860 -53438 -40468 -29181 -49949
-40754 -22294 63634 46460 -38144 84380 -37694 34786 -43994 50552 25886 25028 40127 35127 31062 10983 -20095 486 1697 6836 11734 -10300 -57552 -22273 24808 -11457 84341 21569 -22431 -109920 -6188 -59755
-27253 -50626 51868 6395 -35926 56607 19929 5024 -57841 41949 50498 16242 78103 35582 14172 -13387 -17022 -3367 44888 27840 -18181 -41468 -45308 -11475 -19045 8015 55934 26043 11004 -31328 -23562 -31985
18884 -43740 36325 9287 -45455 36666 21791 3415 -89167 42011 17005 -78 72849 23642 19472 12713 43518 -20438 21664 5755 -25893 -71640 -39990 -11043 -5383 2977 40391 41163 3476 -29204 -40277 -15689
-28093 -9311 33327 7718 -43992 28031 18291 19830 -58988 38501 17128 33467 58067 75883 22097 543 -5060 29333 39167 -13804 -5338 -74325 -29190 -3471 -15634 9794 18533 1094 -17912 -24896 -50829 6601
-58379 -25458 30773 25728 -68864 66963 10001 12160 -75661 29726 -16301 41646 68649 8049 -5315 -1577 -31258 -29963 39426 7873 -1248 -60078 -50158 -1568 -3880 27524 77285 -9232 -33532 -44829 -26257 -34670
43127 14892 -11335 -7409 -28098 29263 61970 82619 -51888 43252 19804 4157 87912 65890 20172 -6490 20099 36680 -14754 -28912 -16618 -50658 -31954 -32868 6874 54823 83008 4666 43042 -83666 -27485 35976
-48397 -38694 57305 25364 -66755 65519 63135 15859 -40338 -23880 490 39804 54037 15991 43105 21334 30914 3528 8888 23949 -18084 -20426 -53858 22107 -3635 4915 -15048 21614 -62093 -70569 -45270 -25962
-46555 -21364 25645 16272 -15065 77526 -1417 23651 -73022 37461 14713 48745 14775 14894 -14132 10471 -19421 -38517 43094 -36814 24661 -54391 -60379 16025 14981 30444 33576 -993 -41191 -44289 -35657 -32046
14263 -38826 68627 37889 -41033 63044 11055 25597 -29938 52858 34693 11269 30328 27274 -8441 32462 12768 37879 12660 -22383 8358 -66723 -52207 21728 -6070 -14021 21335 -12723 -30054 -51562 -19016 -80583
-28354 -30934 34240 20655 -43082 55538 16788 18818 -51935 22340 16339 40991 68083 43284 -1594 -15956 -4365 -10185 737 -16771 15331 -49848 -45127 38646 14131 47782 32938 14817 -18947 -51608 -23557 -48239
-22571 -7706 11165 31607 -31388 36997 66039 53506 -67601 29212 51211 31534 35615 45905 10107 -757 11564 8847 13135 -6160 -9304 -31161 -80215 -17935 -11160 -2956 60476 765 -35653 -34250 -13024 10820
-35255 -40041 27232 47053 -39908 94514 -27594 -22196 -80135 71290 -9434 22031 119491 52993 55286 -39219 -34441 -9249 41041 -18932 -6139 -34955 -15473 -15128 -1999 12526 35988 54054 11091 -50600 2483 5979
-23315 -71703 37154 32224 -76883 52159 17693 -21399 -71263 53459 -3884 17332 68313 35202 -11107 7881 -13484 -8467 -13932 -15741 17226 -36507 -3764 -18113 32211 27904 52513 27517 -4088 -42019 -35203 -61065
10511 -21238 2499 -7206 -24936 91316 18959 52321 -63979 76959 11994 30203 62327 60649 55187 37036 -48460 39516 9646 -34932 -24614 -72423 -20921 3698 -40000 -7759 51659 -16012 31826 -67461 -37168 27822
-1473 2271 22331 34455 -18087 78866 35538 19708 -68653 17035 -26769 19505 15565 19020 20139 15099 -13951 -17657 65790 -7650 -14914 -61340 -43553 10155 -1288 5494 67838 -32545 9995 -91683 -23174 9850
-9424 3450 27650 20255 -3910 85822 37152 18457 -37464 64731 14515 15410 36987 18384 16779 4556 7648 725 48893 -4762 3050 -65313 -62090 19180 -5970 21158 38203 2187 896 -34130 -15873 -5350
40677 9285 -663 25354 -14301 34451 47505 9301 -53948 87418 1985 8509 52397 61060 33405 -18557 13317 41087 31090 -32380 14867 -70005 -20673 -25935 32268 -5596 29286 36657 -3095 -47397 -6867 28257
-70032 -34275 30102 25744 -46970 74704 28093 17296 -38589 11165 17496 27544 33495 31119 4321 -3927 -6800 15722 32023 -18609 3677 -64357 -74828 15097 20319 51567 27763 27778 25953 -43981 -29035 -8416
-15143 17412 16516 -1662 -16599 57154 20350 83803 -57174 76278 16753 36137 32108 51720 18739 1291 -36948 48412 32901 -25319 1145 -44481 -74790 130 14589 12643 63630 -3009 -2440 -70647 -5607 4496
471 -4804 15377 -22409 -28144 14440 45768 3304 -92014 -1614 -1595 11842 68894 47580 77259 -15371 42036 12798 32129 -21288 -62568 -40336 -18379 -15650 16899 2776 54429 41948 16132 -55573 -31326 14434
-23769 18018 21353 13633 -14534 58331 34346 44304 -72448 30893 17 30693 80315 49610 44708 -29380 -16751 48425 -9049 -37291 6858 -28214 -63002 -4459 5148 -6656 -1780 -17247 -1750 -69992 -58077 6069
-43072 -5985 21460 -15844 -55373 18748 46236 -3737 -46521 44167 11555 48007 39868 12030 16292 -3118 933 17717 7323 9755 35030 -55043 -27712 -28092 7453 13018 17026 -24398 -44999 -51011 17042 10913
-59697 -29450 385 48216 -49197 98211 -7205 -2184 -73133 301 1966 9679 37350 27875 -10665 -11056 31611 -6400 65432 -15800 -5744 -34287 -34199 -19190 55095 50578 89521 32658 17849 -38354 -27639 16341
2329 28532 22511 21694 -20365 23627 75286 36026 -34742 43004 -7451 -3738 60369 56308 46735 -13677 28473 -8324 22089 7160 -19708 -67129 -44735 -14374 -18321 -19038 38433 16587 -18515 -77091 -33270 21327
-1042 -32637 8181 19806 -69662 54711 45091 8189 -95299 55141 4410 26728 34320 46167 68208 15184 33021 14120 -2662 18026 -961 -27547 -32098 6885 11648 -67 49619 16117 9942 -43244 15759 -8137
