-17811 32783 9349 12709 -41876 -35908 -23166 -18531 36 -43146 -9173 -10288 53224 39418 23132 -60465 -4598 6823 -59804 56230 -55243 -28032 -18978 49650 43353 -49748 12227 -19350 23315 -14904 30234 -59354
-18179 8547 -3087 86265 -78607 -33148 -29648 -37703 3938 -19117 64007 10414 48013 -3023 21450 -51172 -56923 15970 -24878 70243 -46226 -59899 -4853 48682 19877 -37805 21171 -45538 29340 -81032 66557 -93711
-61370 59815 -19698 35758 -65394 -35266 -41166 -61655 -14362 -20505 -8923 5928 58889 28571 25696 -11244 -31474 5724 -45829 96631 -4695 5218 -5943 110970 74853 -24203 -27042 -52958 7872 -31209 24525 -85735
-29945 15805 -64085 51051 -71947 -24590 -9606 -25801 14506 -6325 52795 4133 6838 39339 6321 -52703 -32786 11827 -7115 78595 -45544 -15659 -31514 59819 40441 -62518 42136 -59727 28418 -69908 46141 -91465
-25325 40189 -58717 30972 -39206 -21740 -3803 -32346 -15682 -5180 32308 -36566 -15486 -713 36546 -39189 -58423 16750 -9182 105088 -5244 -47653 -11945 95319 39216 -27807 3027 -41975 34417 -33754 -756 -90387
-34430 12715 -7094 74683 -46645 -45622 -29301 -15404 31440 11868 32976 20650 43368 47252 46159 -56031 -44642 29691 -12106 50800 -64994 -85204 -33580 55153 16348 -87282 25734 -33282 29971 -57938 87880 -82381
-24583 33559 -56731 74421 -32900 -48609 -68993 -52258 9757 -40899 23230 4146 51663 31354 44880 -36514 -55731 18034 -52583 24413 -76617 -54742 -25954 29779 8406 -74857 -22117 -3918 -5229 -12315 78319 -70884
-13103 44452 -60377 58580 -118164 -52209 2428 -36053 -32860 -26174 95705 -15754 18997 -6200 31676 -22554 -62585 20795 -47684 66417 -69702 3822 -2841 68624 68487 -38382 -12297 -61218 18892 -67557 55510 -80622
-9644 20036 -40379 40546 -48501 -24280 -50319 -40499 -1325 -33334 11352 3958 9332 33501 15990 -15203 -40479 26150 -19610 38499 -58681 -47102 -11459 36359 33655 -69632 17044 16159 13172 -40178 31614 -74505
-15984 22278 -102844 46484 -55897 -46720 -31055 -8274 9129 -46125 51292 29406 46943 60889 42647 -57049 -46174 25515 -35440 57872 -44999 -12746 2738 57648 42071 -71276 19548 -24165 -8518 -1035 40198 -113357
-53385 23243 -22003 28317 -42869 -19520 -30074 -31759 61392 174 10625 12038 47966 48826 -4054 -72448 -19968 22222 -38560 2323 -51433 -15357 3744 37507 41461 -59617 3873 18454 4226 12070 38689 -61119
-22368 10526 -13943 31003 -45849 -35246 -6050 -13551 16766 -27667 37755 -22686 55465 17399 40799 -59242 -43342 18430 5433 58719 -62956 -16318 29087 67248 41600 -38723 32185 -18212 -4151 -28427 58365 -70004
-39161 23506 -46822 43586 -79906 3229 -7161 -49109 16378 -11701 56713 -10431 33848 40295 22525 -61620 -73298 4145 -32325 65292 -40642 -34361 -13301 73932 27066 -70821 43731 -47703 38956 -52748 54003 -115091
-22301 -5809 -36868 52305 -37889 -39733 17462 -75234 -2062 -4279 -7125 -20602 49236 -33109 8123 -51387 -18791 13283 -58790 7665 -81392 -75139 15242 67930 9066 -48442 11033 7780 9676 -14081 30353 -131979
-60305 -38974 -50393 78363 -49078 -23957 28154 -23702 -24405 -22209 32287 17951 54643 -16574 17322 -53864 -32978 8973 -13745 87283 -52206 -23984 128 94454 26901 -30312 -21617 -39428 44408 2972 57715 -148389
-28841 33808 -77393 62622 -61912 -16518 19299 -31091 -2820 -38453 -8022 -8571 49384 29563 34932 -36672 -15887 18759 -7165 71036 -33455 -52973 12123 55696 60147 -76319 30405 -30835 28368 -2654 3673 -101257
-40613 23313 -42147 78695 -72534 35564 23522 -53809 33483 2808 7362 7922 34518 35294 73114 -42890 -35538 13810 -56532 75918 -78492 -65381 -19546 55436 51610 -83312 46741 -64358 53223 -57166 17953 -72691
-21017 54906 -49676 24573 -59103 -22782 -21802 -61919 14386 -46258 51227 -34583 19033 58414 8904 -29723 -24588 20127 -45316 33522 -41411 -971 -11036 34313 34245 -77312 -10693 -25615 -23700 -13948 36069 -94985
-23308 68537 -32681 34861 -81089 -9266 -1376 2420 -21125 -40647 61742 9424 44081 8836 22240 -30462 -26225 -2496 37028 60432 -50388 -33115 14136 79029 31042 -20383 -1074 -9578 35273 -17053 9484 -66902
9178 46455 -54571 53264 -71901 -14493 -35347 -10649 23781 -32086 66118 8585 24107 34174 38802 -23578 -69200 9235 -43162 61562 -89074 -47829 -17713 63680 50986 -76401 -4746 -70487 3765 -33793 78550 -67082
-52798 61510 -48926 44955 -81319 -49298 -50023 -25472 -1242 -13995 78981 -44672 30986 25768 5969 -46363 -52201 -6977 -21291 61010 -71711 -17470 5988 69362 52109 -80318 10369 -31159 -21654 -22389 49837 -82093
-5187 29471 -28628 51991 -52681 -16892 -8548 -7497 -4045 -25636 46017 -11182 48311 3356 21421 -53067 -38945 22343 -38934 55636 -88529 -43352 -7955 69713 30318 -68376 -19631 -4698 3366 12697 21933 -94688
-44163 -8215 -73197 28592 -73213 11101 4566 -29902 13380 -19308 45622 36430 21146 54173 33847 -21766 -69399 43096 -29324 62177 -41586 -53706 -74926 22026 37516 -80699 4623 -9392 47606 -29306 22795 -96089
-59194 -12941 -95363 36188 -54641 -7665 -2574 -37349 27597 17003 29275 -12336 -2460 16849 31336 -23353 -53557 31509 13107 74485 -46723 -41470 -2365 57640 52269 -51932 2169 -70272 -7533 -22281 43609 -62903
-27547 13128 3999 11630 -70663 14092 -12096 -60862 10318 -18648 57894 1248 1094 29966 -4677 -57208 -52140 48080 -24826 60422 -39289 -10896 -13619 41630 27669 -84745 3015 -4801 -2360 -29422 34319 -86679
-24589 10820 -47927 58769 -58421 -25556 -29610 -33331 -34202 8379 31399 -31789 75111 -18402 205 -46429 -19799 -65102 -40176 58796 -50715 -2393 9922 39143 78410 -4060 4590 -2748 -9778 -11834 40400 -90434
-26050 -2424 -47048 62884 -41802 -5709 4448 6381 -3589 -38549 64351 29918 19181 6145 36429 -54795 -45222 18771 -45079 48164 -81459 -21401 15016 82988 34390 -43821 26247 -6216 3223 -23305 57262 -100197
-20653 -3324 -69018 24670 -65010 -32037 -6981 -49102 -28209 18599 27523 -40903 51214 -20290 15986 -62396 -50960 32972 -30335 93780 -42540 -86665 -26105 89686 7885 -20687 5949 -39059 39855 -16857 64704 -108688
-36931 -3506 -30451 18349 -66356 -64511 -28418 -33907 14340 39440 50862 -15636 60209 11384 16523 -65756 -71230 30834 -4544 54584 -38314 15762 -16856 17864 40544 -34196 -30310 -25472 37059 -44081 33463 -89107
-59308 -13762 -52889 -869 -68812 -12405 26205 -48487 4338 -22707 29922 -61266 27159 -7200 46151 -32627 -31634 -11486 -21757 83100 -50679 -29032 -5162 68211 64521 -69689 37234 -7201 -6348 -34551 1366 -84797
-22303 33224 -20730 29925 -96272 -4707 -37676 -47167 -29994 -28942 43713 -56965 1491 773 10179 -2854 -57946 7601 -128 70209 -90227 -20208 5122 100686 83133 -79693 22918 -28730 9075 -18274 50663 -114112
-62093 8729 -55390 84372 -78397 -19680 -28321 6817 -10409 -20368 47798 27494 41517 5227 30973 -55467 -37294 4647 -48377 87937 -56307 -28350 -24339 104629 62950 -41102 1948 -31533 17722 -46855 42299 -80004
