-54391 20158 -50420 36771 -37277 34850 -13682 -32966 20504 1581 -118334 7438 -15221 -33458 63200 25933 -81423 -52916 -33105 23321 -41197 5192 -85197 35168 16814 39445 -633 -12395 146669 -6660 -24784 -55311
-10344 -35208 -559 70190 -1324 -6153 -11561 -49073 -21866 36752 -53455 -70049 30134 -71180 16247 -37091 -88238 -87489 -35135 -52184 -24689 -53556 -124306 3731 6626 57057 19509 57254 139959 -16710 -25374 -61047
-61511 24814 -38467 87539 -79488 -14330 -14680 -52391 3470 -36066 -109110 -19880 39167 -26199 58958 3890 -61864 -59466 -44808 -35508 2251 -21035 -92353 8132 -34160 61661 19925 18418 151190 -64678 -41368 -109991
-71489 7296 -30833 58224 -43788 -32832 -26411 -74983 -19987 -6592 -58073 -3937 41341 -11863 54045 3370 -30690 -60286 -42999 -35730 -18907 -3196 -110358 -44876 16379 31997 7331 -10201 124447 -31514 -20825 -47003
-81712 2344 -19964 89243 -9582 -7453 -4407 -76750 -16741 -82 -81304 -21692 41119 -12690 67351 -60883 -39849 -100389 -44181 -29665 128 -27104 -80871 16360 -11828 80602 2076 49236 123339 -53193 -30685 -56831
-75987 2409 -33979 41840 -16119 -38281 29917 -54586 -28479 -14442 -60409 -71178 30125 -71686 45678 -26414 -30884 -115115 -32525 2447 -9711 -15908 -131872 17281 50659 90331 8098 37478 136515 -21666 -14369 -59640
-30841 -17826 -61861 49996 -10195 5399 11159 -82459 2813 9307 -78245 -57717 39111 -64858 59315 -40685 1492 -86218 -33810 -4413 -17643 -21306 -87026 -4146 54707 62758 -43737 14405 78976 5166 9504 -47055
-29462 13438 -22474 31693 -30618 27103 3176 -58689 -25605 3641 -57404 -34453 36721 -75172 51752 -45178 -35923 -80607 -21644 -42334 7378 -33424 -119699 -6042 6181 79974 8854 13895 123388 4120 -13828 -65772
-37658 -28798 -74087 55320 19332 11589 -17337 -32381 5159 -5034 -110487 7115 43797 -84523 66761 17167 -28586 -112977 -40106 36454 4791 -10874 -100677 16161 33495 61870 -7060 -5131 108843 -33726 -17677 -96825
-52266 35089 -74954 68728 -32693 385 768 -70161 -39997 -30917 -64952 -32945 26665 -48252 101880 12871 -16087 -105730 -31280 -39200 -17601 18407 -86114 34543 5707 89652 -17062 44402 91051 -27287 -17442 -43458
-39959 15173 -13996 50010 -29865 9518 6203 -33493 -19766 -20504 -108514 -27794 12679 -29052 61387 -44 -49845 -84238 -37014 7117 -7566 -12626 -93468 36508 -15825 76617 3619 31274 112288 -41958 -40739 -94697
-45848 489 6446 61170 -38806 11871 -39456 -63750 -41306 -43529 -74858 -48858 6365 -36454 -2702 -12074 -42957 -49339 -14038 -24089 -9335 -19177 -85043 -15816 29351 76845 -23071 13091 150609 -13790 -23273 -75471
-46594 -44948 -35482 39170 8759 34007 -16695 -70420 39211 20359 -108272 -68510 56690 -59947 62313 -597 -11339 -99344 -24496 10518 24800 -29778 -114577 5441 28826 66659 -2305 -2870 120768 -51413 7402 -63772
-63073 1895 -69703 58872 -36714 20831 26710 -75073 19671 -1562 -74565 -68887 55785 -84673 81183 20973 2628 -126088 -28645 -34970 -9942 8834 -109310 12154 19457 64719 3987 -1683 100076 9074 29844 -45045
-18263 25117 -13696 55299 -57053 -11238 16302 -35721 -3818 431 -61450 -40416 26087 -46159 68780 2142 -81116 -75993 -40814 -19005 -19355 -22862 -94540 8690 -20995 98980 -14180 -22218 158431 -6600 12921 -49678
-46055 45243 -9922 70650 -25821 7946 5389 -32384 -39924 -9936 -96911 -12832 17666 -3059 33608 -20241 -36307 -27488 -35077 -44871 3519 -30097 -90915 -8746 5800 57860 -20539 52619 107664 -41801 -18312 -102962
-69919 -10153 -17746 95058 -53344 -8626 -13958 -25464 7702 17849 -147143 -65405 6154 -73580 16628 -944 -59612 -64434 -26012 16165 -44755 -20393 -101405 13169 52043 106739 -16589 26342 107343 -10650 -34492 -100128
-37641 1210 -27723 49283 -13804 10801 -7054 -58919 12539 -32375 -117776 -57542 41861 -81862 20309 -14207 -45322 -95670 -47535 -5044 14630 -15537 -109017 20425 14357 59846 -7276 14769 101641 -50749 13029 -52110
-40708 30595 -9946 85698 -6864 -6869 -15087 -70371 -24408 48334 -114840 -57550 63158 -95561 43272 -10846 -48433 -108915 -56013 -41238 -13920 -28618 -91404 -15659 -18342 62531 14009 34610 141835 -44709 -8512 -65170
-73804 3899 -2571 77087 -21152 40 19022 -66826 -30318 -5451 -96853 -49301 70771 -76730 23564 864 -20752 -99593 -46560 -23996 -25372 4037 -117090 35035 8595 65271 4036 14553 148027 -43262 -30537 -79196
-54446 7224 -6285 3122 -40249 23346 6871 -91557 -5599 -16999 -82182 9865 34572 -58909 24238 -44239 -35704 -68248 -36640 -37812 10136 -43660 -89293 19279 -74 92684 15779 32373 154308 -31996 21022 -48924
-68097 21940 -43111 60537 -17939 5578 7367 -72138 -62705 -43798 -90847 -30934 41897 -13143 45258 -29838 -32532 -61838 -19181 -33598 -45599 -333 -123306 -13697 18230 55884 -20183 14218 118099 -38606 -13094 -82324
-67742 32127 -46837 50420 -57612 13058 -35497 -31663 5404 34219 -83420 -20392 23318 -66547 87662 -38489 -42811 -74478 -46339 2842 3572 -12738 -61515 23601 11976 96261 5809 40700 142373 -23958 5182 -43450
-44705 -5971 -43064 -250 3922 -11421 35368 433 16315 8171 -104392 -27246 4763 -38140 72595 -29206 -55633 -92969 -53227 15731 -2215 -55623 -134742 18688 49479 86614 -20843 18404 88960 -17608 -7676 -65584
-18991 1964 -21083 52146 -20469 -3277 6712 -35207 3811 -12028 -90230 -50850 9647 -76646 65570 7754 -47411 -81157 -44108 -15613 3765 -5658 -94550 -291 13727 74145 -2809 13297 112988 -42749 -15523 -98912
-69928 -14381 -32603 60002 -42040 45700 -1494 -77855 6853 -54456 -102060 -52857 36651 -33028 68269 13879 -27856 -78006 -74560 -1218 -29013 1051 -109548 3585 -22612 84334 -10740 15645 133747 -47840 -7249 -75403
-32288 -163 -47929 57877 -22697 52486 8526 -57598 -20237 -37005 -92400 -18330 12821 -52828 45003 -37367 -50829 -89024 -26620 -20860 -31292 11307 -110546 16586 -13395 77916 -22250 77891 178851 253 -4493 -75712
-39342 -18376 5868 75077 4443 -6068 -29970 -70950 -9116 -4142 -104929 -56690 56960 -58498 49508 -2603 -61622 -66915 -42129 -5962 -17720 -77458 -129727 16618 35508 83447 -32342 17113 98357 -34164 -28350 -76061
-7336 38311 -28744 99354 -82439 -1988 -15210 -45575 2509 -19307 -105097 -32216 -4576 -74205 41977 -17542 -48132 -69773 -3504 -60890 -12513 763 -71621 -4517 10730 69437 -18868 32538 131509 6233 -6697 -94425
-40079 44450 -3730 61099 -18522 25960 -4807 -67299 -47241 -2298 -86742 -75559 52231 -19690 50034 -5350 -43026 -66518 -76521 -7081 -30686 5662 -95890 -3467 29132 69790 -3381 13611 126484 -40236 -6619 -64118
-52216 3382 -6552 44443 -43134 13106 -5350 -72438 -10218 -14664 -66147 -29735 42831 -84865 48216 -23219 -43707 -89823 -44611 4759 42033 -5863 -109507 60865 7700 80875 19496 53634 157117 -36079 -3850 -39584
-80076 20583 -15232 62865 -10153 15329 -5106 -50909 -7908 6782 -98878 -66297 28282 -43214 70115 -6730 -20412 -83123 -63929 -34651 9605 -16553 -85916 29098 22834 70034 -17316 42176 116888 -62288 15630 -31150
