-9353 23335 -38764 -14081 10997 -5620 47392 -26367 -41664 47337 -35065 -45692 57671 46227 2017 -2900 4267 -37992 -62478 59957 15075 10062 66582 -20072 34560 -19207 -20944 5678 62988 -27482 -36697 -30929
-2300 -31652 17375 -2719 50207 -12486 9192 -48157 -54503 53781 -18905 -48487 34244 37068 5001 40789 28162 -13188 -37561 89808 12396 49514 8027 33085 14602 -38787 5245 26952 52641 -15752 -14705 -12598
-57363 -22002 10054 570 -17638 62101 15165 -85895 818 32713 -21840 -25394 50903 76549 -29974 1974 -19426 -12059 -86231 76447 17597 86125 -15561 17439 44094 -46023 -10300 -12586 52101 -8440 -41037 -24865
-24482 15134 23212 21618 -6545 -8325 30375 -16526 -56787 24049 35842 -56963 50404 52496 -17054 24130 20828 -18380 -52621 84346 -13201 43741 59500 -41573 56524 -42622 -8170 37773 15511 -3525 -42300 -15323
-54940 -37953 -22410 255 67545 6355 30991 -39178 -18451 27963 -42414 -53686 56055 79773 -14747 -2366 -2431 -19020 -45033 79425 12239 74379 -17221 2953 62932 -74759 -3336 9032 40333 6648 12940 6043
-9995 -35164 10676 30035 -11008 19753 29079 -32575 -55997 80764 -33304 -65346 52833 28836 -34530 49820 -16854 20002 -77006 77903 10365 37895 -25124 -8346 70146 -27956 7517 43987 29027 25444 -1220 9112
-7602 22776 56844 1186 -9358 30556 46124 -3585 4664 24569 -2614 -49619 94955 79328 -33260 42999 6442 -25153 -69859 47675 45274 36085 -3450 214 24327 -26791 1869 -9808 39651 -3180 5212 241
-22021 -2008 35798 48824 -12323 -9596 12249 -35957 -43087 28269 30264 -19010 74241 62632 -2983 14046 33148 -24810 -65923 58027 21025 65027 23997 3316 39953 -11039 -43713 5691 28740 -38646 -8761 -23521
-23095 -16503 -315 -9288 15023 27018 27141 4853 -30333 23032 -39455 -36568 65830 75437 14327 47610 22361 -52469 -67565 69622 -16339 36874 13516 14053 54403 -8666 -19147 -958 62701 5158 -14648 14835
-46295 -15600 34092 7878 -22487 -756 21162 -37210 -23116 80772 -15553 -67555 98306 72015 -13113 24746 35424 -6863 -80591 71806 24692 58588 23642 -8272 25342 -39752 -41462 3028 47499 17663 -14935 1823
-21671 35908 44633 17967 -17967 37720 4374 -18329 -40522 55013 -5380 -30924 90587 92353 -21704 44923 3578 -16282 -48534 67849 21635 33787 22475 7219 37792 -14422 -42185 6834 57850 -12375 -17959 13666
-24401 20338 1517 -16019 26922 23154 2678 -41952 3531 55627 -57468 -39724 70411 79329 8706 -21262 -13342 -36187 -43382 57510 -23867 54296 21322 -17633 54930 -12046 -12116 -28445 36283 -11988 -57263 -17409
-20883 -46034 -2350 5780 24292 21566 55942 -103348 -13758 61025 -28423 -35715 66842 14983 -28144 -26600 -940 -4159 -80072 63627 30903 48640 12282 27045 55465 -9515 -25301 -27255 35939 -4679 -5896 -28318
-20922 7360 -8861 23513 -18387 -12065 47218 -35262 -15887 108564 -2687 -29075 84114 32651 -5930 41921 -16930 -34144 -87382 92247 32163 70274 15114 -15239 68523 2736 777 -30993 28282 -38299 -32543 -5347
-35799 2684 19279 1213 -24429 30416 31362 -34494 -10068 87155 12764 -47175 81224 -14804 -40413 24475 -14293 -12097 -94667 71862 41621 28117 -22454 32584 47129 3064 -18293 -13958 38922 -16809 -17691 33874
-14562 5434 16850 33248 15519 29418 61102 -6824 -72382 57682 453 -57883 86840 51960 -14161 30091 10714 3487 -75741 60253 15625 12225 -23118 23377 39204 12779 3106 8379 11583 3669 -14901 -9022
-51134 21402 604 18104 1678 42015 66027 -57890 -50583 83181 -7783 -48488 69279 41142 -527 -11098 -11793 -52090 -64434 125789 48786 62435 27240 25980 88467 4497 -26582 -34177 30398 -13382 5662 77266
-34148 -56620 32602 41081 12551 52130 49833 -25843 -51003 40774 4281 -72910 44386 41456 -13671 43906 -4714 -26935 -72990 95034 -13382 35576 -25587 7280 57730 -22323 41087 12985 60061 20028 8994 48632
-22097 -5415 -15226 38164 -9115 13961 56323 -24918 -92269 70508 12295 -47410 102687 67259 -21293 45261 3996 19927 -84239 51301 13898 -23391 -26732 -13700 24685 -36443 -40654 26771 48752 -24406 5718 -23864
-37053 -21622 -14606 47518 -6464 81351 89044 -21568 -9802 50741 -12613 -47844 85961 74290 7518 23596 8312 -50170 -116277 73669 -7767 23323 -2320 -15157 39817 -21541 -2941 -5551 85667 -34611 -16258 -10180
8810 44103 -926 10488 21878 10059 47481 3870 -18062 71293 -6714 -65700 123016 71305 33132 17767 -4653 -45963 -42114 85986 -3561 -16054 23530 -2796 46140 -16617 11342 -33421 41003 -1544 -55377 9696
-10945 16657 105 19617 26416 32321 9466 22393 -21584 59023 -15542 -29452 79353 59486 13243 27501 4453 -42136 -63689 72804 18372 41763 29836 23824 23588 -32788 3421 -2924 17614 -19813 -19995 2844
-57759 10132 9282 1758 -17167 55913 46847 -88398 -27683 80641 -31829 -28994 81562 55675 -5222 -19445 -27644 8817 -80903 112087 -3092 59772 4074 -15322 48632 -47509 -6386 -24733 16394 -238 -20462 5076
-60916 -39022 -16004 8202 24354 19890 45093 -50525 -52147 45917 888 6509 63201 40932 -83 17387 -36195 -30734 -84563 107465 40959 71320 9200 29517 45369 -35947 -1712 -33804 51827 -26707 25168 847
-35842 3445 -35475 -464 56689 22492 -3485 638 -29624 37699 -6553 -80481 61191 105704 -42724 -32470 -4203 -20139 -57376 40503 20581 41501 -36064 -17770 57287 -36368 -29071 18889 15098 -4393 -787 -26377
-4482 -4396 19358 -19829 -12709 -383 70433 11787 -67869 42409 659 -17446 122273 39939 -31471 7649 -32198 -35050 -92015 75753 -5416 36200 14795 33487 55187 -22579 -12657 -23698 49463 2361 2055 11936
17637 3237 11200 19117 -13326 5632 55888 -47481 -5066 108383 -52820 -55628 54710 42365 10413 -2142 11384 -46281 -80516 86470 27184 69334 24566 44508 67457 6434 -18138 6052 -19640 -17030 -41688 -913
-67366 7812 -30659 -4355 19933 43805 44228 -41788 -61981 57599 -2925 -20350 83751 44302 -6409 4552 -22506 -34584 -65520 43641 61285 50551 -23947 23886 50833 10429 -24267 2492 78985 -32402 -30708 15634
-22620 8516 6629 2246 9611 46795 48316 -59856 8478 79543 -20150 -64787 56350 38776 -8568 24668 -7707 -40752 -76894 98321 4916 57457 13159 5737 91198 19667 -12259 1537 30766 -11940 -66632 30129
-31255 -12347 54426 1360 -49444 68258 68208 5528 -11786 35290 -32510 -46353 50754 41941 26251 38319 -6565 -34384 -79060 84590 24453 87413 7554 21455 37615 -28996 27713 -948 70802 -11733 -24431 6942
-14323 -4041 23334 -7307 -29201 50661 62785 -46522 -18829 78740 -13173 -30944 67946 43670 -17526 -54253 -22936 8590 -71733 66449 51651 38797 13205 12714 50186 1401 -15848 -13343 -1953 -6564 -10045 17206
-27516 -37796 -26390 -31272 -24634 34666 34141 -41265 -60825 93325 -6566 -38436 85161 5585 33841 -9391 -5105 13180 -60890 60201 50042 41422 -44538 42594 24258 -40296 4418 10804 51792 -22622 19739 -32000
