0
-13
7
0
5
9
-10
-2
8
-17
8
-6
-4
11
0
-2
5
-17
0
-2
8
-9
-3
-13
-3
8
1
-6
7
2
-4
0
-9
6
21
0
-6
6
4
-2
6
0
0
11
3
-14
5
3
7
0
0
4
-19
0
1
11
2
-3
6
-5
-16
-1
5
5
-9
-8
6
-14
6
-9
-2
-17
-4
-4
1
-1
4
1
7
-1
4
-11
0
-6
-1
-6
10
-3
0
5
5
-9
8
-4
-1
-23
3
-9
-5
-6
-1
3
6
-3
-5
-6
3
6
-1
2
1
-8
-10
12
-8
-7
3
-8
6
1
1
5
-2
12
-4
3
6
-6
-11
0
-7
-10
0
-12
2
-14
-8
6
-6
1
3
4
-8
-5
3
2
4
-18
9
-31
4
5
3
18
6
6
0
-3
0
-26
-1
4
-5
-1
-11
0
-7
3
-7
-3
5
-8
0
4
-3
6
-1
0
1
3
1
-6
-14
-3
13
0
0
-1
-9
-2
-6
8
2
-22
5
9
10
8
-1
-18
7
-14
3
-19
-8
15
-15
-9
-7
-4
-20
-6
-2
-16
4
-3
-8
0
6
-5
-9
0
-13
3
13
5
6
-5
-1
-12
-6
-6
7
0
3
1
0
0
-15
-12
0
-3
-2
-18
3
13
9
-4
2
7
-9
-14
-5
10
15
0
2
-23
-11
-1
0
-2
-16
1
0
6
2
-5
-9
7
-5
13
-12
-7
-4
9
-15
22
2
-4
12
4
1
2
1
0
7
17
0
2
8
18
0
7
8
6
3
4
6
8
9
-6
11
-5
3
5
8
2
-5
-2
-4
9
-4
-2
1
2
6
0
9
7
-10
7
-19
14
-2
-10
-5
-7
-1
7
-9
-13
-9
-1
-1
15
8
-9
-7
-1
8
-5
-7
-2
9
7
-5
-10
8
5
-5
-15
-9
7
0
1
3
11
15
0
2
-2
2
16
-1
-2
8
3
-2
0
11
7
-10
-14
5
16
-1
-13
-5
11
-1
7
11
-1
3
-4
9
6
2
3
-2
-3
6
-1
0
-3
1
-10
6
-12
-3
-15
-9
0
-4
14
8
-4
-5
-15
-4
-2
-9
0
8
-3
9
11
1
5
-1
5
13
15
9
-4
6
17
0
9
-2
10
10
9
18
12
5
24
1
-1
14
0
1
0
8
17
4
2
-9
12
6
2
-3
-5
9
-4
-7
-13
-1
6
7
-4
3
2
0
0
-3
1
0
-4
-18
10
3
-9
-4
1
1
0
-2
9
4
18
-1
-2
-8
-5
12
-9
14
-3
-13
-2
-14
9
-2
-7
-6
8
-5
-4
1
-8
-7
-3
-10
-20
5
0
-10
1
5
-11
-13
0
9
13
4
10
19
0
-2
4
6
2
-5
-29
-8
-2
-12
-9
0
4
1
2
0
-2
-3
-14
-1
-11
10
17
-7
-12
1
13
1
-23
0
6
-2
-2
-9
-7
-10
-21
-10
-3
-5
4
-5
-5
3
-7
-14
-2
6
3
2
-9
17
5
-6
-2
-7
-8
-10
-5
7
-5
4
7
10
-14
1
0
-7
-8
-6
-6
-4
-4
-7
-2
0
6
6
-4
-2
-5
4
-3
-10
-5
-7
-1
-3
-6
-12
-10
-13
-16
7
-20
13
7
-2
2
11
4
-6
-6
-12
-4
-12
20
6
9
-19
-7
0
0
-13
-4
1
1
15
-3
-8
-19
-10
-3
-6
0
-10
0
-6
-2
-3
-7
10
2
-5
12
2
1
-1
2
-11
4
-11
-3
-1
5
-2
-10
-1
0
1
0
6
-3
5
2
-1
-3
-6
-1
0
2
-1
5
-9
-2
7
0
19
6
1
-7
4
7
-3
-6
-12
0
-4
-6
6
5
0
-1
0
0
-1
3
0
4
-1
-2
-12
6
-11
2
5
-7
2
-5
10
-2
6
-18
-6
9
11
4
-9
-12
3
9
5
-1
0
13
-9
1
-4
6
8
9
1
-1
4
1
3
10
-2
5
-2
7
-6
0
-8
-12
-5
-1
0
4
1
-9
-4
-2
0
6
15
3
-5
-8
-1
5
1
1
-4
-13
5
8
1
4
3
-5
4
-4
-7
-2
4
9
-2
-9
6
3
-8
-2
5
-10
6
0
-3
0
-1
-9
2
-3
3
-10
-2
13
0
18
6
13
-5
-1
4
-2
9
30
-2
-11
17
-1
-4
19
16
0
4
1
-1
19
8
2
16
26
3
0
-5
-9
-1
-6
-2
-2
0
0
7
8
-8
3
-1
-2
7
12
-1
-2
-12
-1
-3
3
-4
-12
0
-3
-5
-8
-9
-3
-2
4
-3
1
3
5
-5
-3
0
-2
2
0
2
-6
7
-5
0
-15
4
-4
6
-10
2
7
-15
-7
-3
-10
4
-4
6
0
15
-3
11
-7
5
-7
2
0
6
-16
9
-1
-2
-1
10
-7
5
2
15
-12
-11
0
5
8
-4
5
0
6
-4
-5
5
0
0
-19
-1
-11
5
-4
-8
-8
-7
-3
18
2
3
6
9
2
9
-8
5
1
-10
-4
-2
0
16
3
0
-7
-7
-4
-3
10
-2
-20
3
-1
-3
-13
10
0
-1
-6
-1
-13
-3
6
-10
-10
-6
11
13
-16
1
-5
-9
5
-2
3
5
-6
5
-5
5
-6
5
-2
-17
-7
-7
-5
-3
-3
0
-11
-2
2
-4
3
-3
8
3
-1
0
-7
-9
-5
5
-8
8
8
-14
-4
1
3
2
-5
