48879
-1497701679
-742807266
1323555198
717471221
619764341
-130090777
-775606805
1611288790
-1668228281
-1996313420
-2080584115
216908197
-388358986
1674404829
-1767803808
-596773791
1519777354
1765742511
-384379984
1522637604
-423394581
-464111466
-88676783
-693149552
1898180330
-2025285079
-1322424670
1492186932
122965811
-1588408926
57005
-975277802
438078485
-944159389
119468011
-1034499758
1944404075
180252793
1955647541
-659899824
-663592508
-226032014
-1091111756
-328784159
1624380663
641024202
-1297394873
1954025595
-518548468
1839354710
-1395174136
1250301703
-103879035
1490592264
1852308656
25233476
-1570807779
-1369236361
1853031795
-792618705
2077043063
-1285897877
57005
441714988
-241834687
2127658135
477823862
-1430217157
650962048
-1031927810
-717404939
1024446911
820685588
1978616049
-579290154
1347436409
-645467535
1409385813
-259133794
1713034838
-1121294936
-407598705
1049728506
813988961
-485476169
621406665
273237061
860779327
-2023841449
-56782321
-127300341
1509317545
-1572181139
1779084332
57005
-1579031051
460708282
-215248029
-1821991983
1955285638
1175903064
-2064938000
-1882265573
-645540413
656497530
-1033427692
639991353
32457385
889544642
669067665
-1212579268
-1097599112
1806794429
1064195623
118479057
-1345646874
185463016
1762758811
-659041399
-1223614237
-2016225746
1257796471
1327280713
451808370
-1974746774
505268408
57005
1422564722
1481575035
-2024291950
-1544477279
1614384689
-852975463
-1807862819
1561722912
-1662013709
-815647793
2063096862
1304941341
-1808386886
2095325233
-1081843051
1130192465
1280791952
-2049573089
-856981481
-874265624
401958963
-577483771
-329268898
524729895
-1013309364
-1184640561
897426991
-804964167
-881695910
1162113356
1228209666
57005
1032150103
846225874
1207797057
704988211
946482175
-877664640
1518769080
-1468278907
-1532652583
683571170
1098743400
1638165599
-1155915482
878978575
1625495353
1776564355
-2012164832
922891955
719156264
-874132813
-1346516493
209815914
1035780199
-228981240
1786759778
-1555530928
-383892821
-735427987
-1243952669
906533516
1399819889
57005
1940087963
413738495
-1594376862
-912704000
-234193886
1074314273
-1989547155
-1837156597
264052883
-1263821300
-1248875923
420760005
-329008559
1804751785
123714875
-1718875113
747496318
-335515636
-1280611914
-803112421
-1504151813
-1688789111
-241319713
1163864596
1533725905
-793418427
-51154925
-51937716
534851654
-1389851527
-1219038414
57005
48830
690585726
1781155877
-243710466
609528326
-1303598006
-2044076462
-1267034526
-747155134
-610528098
-1832890599
-566879965
601935288
-1487549953
585409753
-997365908
1448865951
-1402437437
-536090451
694212789
1873522122
684900338
784046389
1129537426
-1195111685
96682704
1169440756
333384257
13678416
1641173477
778103961
4064
0
0
0
0
0
0
0
0
0
0
0
0
0
0
0
0
0
0
0
0
0
0
0
0
0
0
0
0
0
0
0
0
0
0
0
0
0
0
0
0
0
0
0
0
0
0
0
0
0
0
0
0
0
0
0
0
0
0
0
0
0
0
0
0
0
0
0
0
0
0
0
0
0
0
0
0
0
0
0
0
0
0
0
0
0
0
0
0
0
0
0
0
0
0
0
0
0
0
0
0
0
0
0
0
0
0
0
0
0
0
0
0
0
0
0
0
0
0
0
0
0
0
0
0
0
0
0
0
0
0
0
0
0
0
0
0
0
0
0
0
0
0
0
0
0
0
0
0
0
0
0
0
0
0
0
0
0
0
0
0
0
0
0
0
0
0
0
0
0
0
0
0
0
0
0
0
0
0
0
0
0
0
0
0
0
0
0
0
0
0
0
0
0
0
0
0
0
0
0
0
0
0
0
0
0
0
0
0
0
0
0
0
0
0
0
0
0
0
0
0
0
0
0
0
0
0
0
0
0
0
0
0
0
0
0
0
0
0
0
0
0
0
0
0
0
0
0
0
0
0
0
0
0
0
0
0
0
0
0
0
0
0
0
0
0
0
0
0
0
0
0
0
0
0
0
0
0
0
0
0
0
0
0
0
0
0
0
0
0
0
0
0
0
0
0
0
0
0
0
0
0
0
0
0
0
0
0
0
0
0
0
0
0
0
0
0
0
0
0
0
0
0
0
0
0
0
0
0
0
0
0
0
0
0
0
0
0
0
0
0
0
0
0
0
0
0
0
0
0
0
0
0
0
0
0
0
0
0
0
0
0
0
0
0
0
0
0
0
0
0
0
0
0
0
0
0
0
0
0
0
0
0
0
0
0
0
0
0
0
0
0
0
0
0
0
0
0
0
0
0
0
0
0
0
0
0
0
0
0
0
0
0
0
0
0
0
0
0
0
0
0
0
0
0
0
0
0
0
0
0
0
0
0
0
0
0
0
0
0
0
0
0
0
0
0
0
0
0
0
0
0
0
0
0
0
0
0
0
0
0
0
0
0
0
0
0
0
0
0
0
0
0
0
0
0
0
0
0
0
0
0
0
0
0
0
0
0
0
0
0
0
0
0
0
0
0
0
0
0
0
0
0
0
0
0
0
0
0
0
0
0
0
0
0
0
0
0
0
0
0
0
0
0
0
0
0
0
0
0
0
0
0
0
0
0
0
0
0
0
0
0
0
0
0
0
0
0
0
0
0
0
0
0
0
0
0
0
0
0
0
0
0
0
0
0
0
0
0
0
0
0
0
0
0
0
0
0
0
0
0
0
0
0
0
0
0
0
0
0
0
0
0
0
0
0
0
0
0
0
0
0
0
0
0
0
0
0
0
0
0
0
0
0
0
0
0
0
0
0
0
0
0
0
0
0
0
0
0
0
0
0
0
0
0
0
0
0
0
0
0
0
0
0
0
0
0
0
0
0
0
0
0
0
0
0
0
0
0
0
0
0
0
0
0
0
0
0
0
0
0
0
0
0
0
0
0
0
0
0
0
0
0
0
0
0
0
0
0
0
0
0
0
0
0
0
0
0
0
0
0
0
0
0
0
0
0
0
0
0
0
0
0
0
0
0
0
0
0
0
0
0
0
0
0
0
0
0
0
0
0
0
0
0
0
0
0
0
0
0
0
0
0
0
0
0
0
0
0
0
0
0
0
0
0
0
0
0
0
0
0
0
0
0
0
0
0
0
0
48879
680940859
-1182126187
785096423
-543463179
-167072110
-715836734
720320275
2098825626
-636747505
1056278954
-1344022422
810735799
404787202
1704106700
-556372032
-160570536
-2122000235
-1401687382
-1401290801
1763395615
-1882658690
880483098
-880999516
-2111418712
811871613
2022961996
-449983837
-25138256
-841120428
1188863894
57005
611700154
-873059939
421080462
813938139
2044344046
1066572039
184566282
2142676700
-542892118
1273340608
-661082410
1827266324
-859077096
-1616799074
-1441784962
763641367
-181408647
299522542
1283129428
239854869
2093710721
-643756291
-1700342431
-409482812
-548687228
702994118
-2119003144
-1337071726
-2072308172
1969333815
1876449837
57005
-114117685
-1515260826
-788918174
-1672564594
-1384648921
-455602981
-1856899424
-316995016
1733340004
2106046807
860923248
-737157386
137559249
-363728255
403325907
1435247414
-1288244535
1397877098
224638886
-687723018
-1779539716
1543887479
1589650194
-898077272
-24319709
-1109114831
-376864687
-1558259395
556693171
-325614801
-455018216
57005
557116354
1331251503
-487558691
-1066704580
702124861
282377414
-1675168422
273352850
1704485104
-1886343336
1522835362
1121407502
-881773465
739185122
369939566
-614352140
1320941134
1039823700
544820383
-838273298
1434124804
276490449
-1998224190
295129877
980304179
-132625497
-232349889
-1381024039
-482721885
1187013994
-2121455765
57005
1041303185
-94450165
-1016947379
964034104
-396332027
-1902053381
579093961
2084865377
1862840909
151849545
-1252208171
1428937880
481774370
1850150581
-1005668379
1314707161
-1935243193
-1021836483
-763580589
-328164446
-725908168
1422946685
-65883126
213624282
-1083742608
-1172047031
1678075058
1515729434
-3423758
-571612426
-2045861704
57005
1139054898
1419240746
-215214693
-2005858583
1092046992
1062997164
832899057
-518625834
-294040742
1978611855
-464431324
1270381100
258367633
1817754572
-1454873787
234956517
-913942547
-1996575599
1020586451
-787530340
-1733924560
-413340814
-657620534
1655420423
-1292889403
1905742943
-701821166
1014993023
-1310308935
1712835267
-153998769
57005
150506204
685866093
-1615222675
-1507351544
-226711749
-1426112099
-2084184366
-1780061679
112803791
1060235889
239744610
-810082054
193334830
1697009908
301210095
-159164661
-273487652
-1960875539
1110285251
1833072635
206060495
-1896450075
1653955883
-2060543869
-342317377
-521221478
-1737214612
1478051932
457469010
974364108
-1517975284
57005
48830
252349408
-1704014808
1042543748
-698106100
564249547
-1469813725
-1986148942
-274416200
-222497776
-1833801461
-1283738333
-1163329489
-1269491922
-1679605827
2104893858
-1477373189
1375038784
413608584
-1744148790
1409415629
-1855710560
2084452867
2136085320
887347939
-1211443853
-1672082972
-1002093574
823445486
2037985638
-1353581399
4064
0
0
0
0
0
0
0
0
0
0
0
0
0
0
0
0
0
0
0
0
0
0
0
0
0
0
0
0
0
0
0
0
0
0
0
0
0
0
0
0
0
0
0
0
0
0
0
0
0
0
0
0
0
0
0
0
0
0
0
0
0
0
0
0
0
0
0
0
0
0
0
0
0
0
0
0
0
0
0
0
0
0
0
0
0
0
0
0
0
0
0
0
0
0
0
0
0
0
0
0
0
0
0
0
0
0
0
0
0
0
0
0
0
0
0
0
0
0
0
0
0
0
0
0
0
0
0
0
0
0
0
0
0
0
0
0
0
0
0
0
0
0
0
0
0
0
0
0
0
0
0
0
0
0
0
0
0
0
0
0
0
0
0
0
0
0
0
0
0
0
0
0
0
0
0
0
0
0
0
0
0
0
0
0
0
0
0
0
0
0
0
0
0
0
0
0
0
0
0
0
0
0
0
0
0
0
0
0
0
0
0
0
0
0
0
0
0
0
0
0
0
0
0
0
0
0
0
0
0
0
0
0
0
0
0
0
0
0
0
0
0
0
0
0
0
0
0
0
0
0
0
0
0
0
0
0
0
0
0
0
0
0
0
0
0
0
0
0
0
0
0
0
0
0
0
0
0
0
0
0
0
0
0
0
0
0
0
0
0
0
0
0
0
0
0
0
0
0
0
0
0
0
0
0
0
0
0
0
0
0
0
0
0
0
0
0
0
0
0
0
0
0
0
0
0
0
0
0
0
0
0
0
0
0
0
0
0
0
0
0
0
0
0
0
0
0
0
0
0
0
0
0
0
0
0
0
0
0
0
0
0
0
0
0
0
0
0
0
0
0
0
0
0
0
0
0
0
0
0
0
0
0
0
0
0
0
0
0
0
0
0
0
0
0
0
0
0
0
0
0
0
0
0
0
0
0
0
0
0
0
0
0
0
0
0
0
0
0
0
0
0
0
0
0
0
0
0
0
0
0
0
0
0
0
0
0
0
0
0
0
0
0
0
0
0
0
0
0
0
0
0
0
0
0
0
0
0
0
0
0
0
0
0
0
0
0
0
0
0
0
0
0
0
0
0
0
0
0
0
0
0
0
0
0
0
0
0
0
0
0
0
0
0
0
0
0
0
0
0
0
0
0
0
0
0
0
0
0
0
0
0
0
0
0
0
0
0
0
0
0
0
0
0
0
0
0
0
0
0
0
0
0
0
0
0
0
0
0
0
0
0
0
0
0
0
0
0
0
0
0
0
0
0
0
0
0
0
0
0
0
0
0
0
0
0
0
0
0
0
0
0
0
0
0
0
0
0
0
0
0
0
0
0
0
0
0
0
0
0
0
0
0
0
0
0
0
0
0
0
0
0
0
0
0
0
0
0
0
0
0
0
0
0
0
0
0
0
0
0
0
0
0
0
0
0
0
0
0
0
0
0
0
0
0
0
0
0
0
0
0
0
0
0
0
0
0
0
0
0
0
0
0
0
0
0
0
0
0
0
0
0
0
0
0
0
0
0
0
0
0
0
0
0
0
0
0
0
0
0
0
0
0
0
0
0
0
0
0
0
0
0
0
0
0
0
0
0
0
0
0
0
0
0
0
0
0
0
0
0
0
0
0
0
0
0
0
0
0
0
0
0
0
0
0
0
0
0
0
0
0
0
0
0
0
0
0
0
0
0
0
0
0
0
0
0
0
0
0
0
0
0
0
0
0
0
0
0
0
0
0
0
0
0
0
0
0
0
0
48879
1824105649
-2119492830
-1585260205
-464587815
-799541832
1942392495
-1248531126
1302839774
-1441929891
1183740404
-425655850
112870482
-1152707066
-103784966
57632983
-1174640896
1749664086
-1974195995
1046837605
-1335378266
-2093521407
117283043
-1001099953
999117261
-550120459
-453163262
-1881039868
-476352654
1559936682
-1302911177
57005
-890777954
702158479
-1920401865
1426968124
926704051
362325397
-108801288
-1144050309
-607381384
1970613339
34268942
396841926
937041004
2026900308
1856068957
-1820361214
-692015881
204772194
573412981
508484446
345712051
-69737279
984969006
-2137008835
1355049
-1224248279
110114889
1521832651
-2133796861
1686900293
-1636081401
57005
708500166
-1194275174
649884388
-2091171175
259466644
196974383
1390469593
1392210107
839849552
968913803
-1108248785
-1972621599
1609858677
-134097397
-2131808402
-105178574
1158742317
-155576269
-215337372
-964385677
434608213
1861853717
-295881216
-1464794772
622396764
2089159376
795814146
-2121551112
1321608619
665188319
362220131
57005
1226546221
986411336
461188525
-1324333193
-1557568002
25633225
-216830499
1867681627
-601727903
-1147012434
1016360353
571298614
-488237604
-686873584
1811665119
-276644268
1481781627
-199359758
-630433490
-2076934034
-447654061
-650529884
-1169745264
161491684
-226801396
1155681307
-2051287344
-644703278
-495131870
-827037047
-439072687
57005
-1251388747
-405379901
-1856044197
1690173248
-444159416
-1233155489
1641517
-1594588511
-453278167
-1796230493
1560360359
-729135536
1013287684
1165057937
847881849
687748472
2048301251
-1635375047
658018095
-1572312741
-1263387066
2043637092
340412269
1400183730
-390626551
1158134825
-862138894
897780565
81746470
505045192
1306044605
57005
-1657351450
-109515706
-2008582338
7130248
-1998863555
-1671899650
860647692
1762872255
-1542893298
516433518
1057972547
1893159719
290506504
147546070
-435961879
1765167698
154599344
1120137231
126715218
-377304754
-1985339913
-678242873
-1056841997
296555968
-310136248
-59421190
1409928248
2082658345
-1825152641
1277600495
-816540623
57005
-1547197836
-210295412
-1967775944
463971842
-153807183
-374685665
-860435324
-1799064884
-1855019679
311660987
1398166280
-1230884020
1344058823
-1716206323
-257512007
645242193
391945789
-356588156
166484863
1130164451
-332873114
2111883461
-1638390998
-505613457
-739414870
-683889515
581752287
-1489695112
1502876429
1624418989
-1912306378
57005
48830
-1618003303
1101941718
805213133
692511182
-1760155853
-810189364
444709858
-1891226749
1998434476
-1536183961
712466010
-2116356504
348149075
2031926410
-1190734666
643855469
-69480351
509608774
287481513
1998936239
1324317858
-96457052
-1414057129
-2081439054
-22632961
1224855068
-783348820
684700263
1271246200
1289201826
4064
0
0
0
0
0
0
0
0
0
0
0
0
0
0
0
0
0
0
0
0
0
0
0
0
0
0
0
0
0
0
0
0
0
0
0
0
0
0
0
0
0
0
0
0
0
0
0
0
0
0
0
0
0
0
0
0
0
0
0
0
0
0
0
0
0
0
0
0
0
0
0
0
0
0
0
0
0
0
0
0
0
0
0
0
0
0
0
0
0
0
0
0
0
0
0
0
0
0
0
0
0
0
0
0
0
0
0
0
0
0
0
0
0
0
0
0
0
0
0
0
0
0
0
0
0
0
0
0
0
0
0
0
0
0
0
0
0
0
0
0
0
0
0
0
0
0
0
0
0
0
0
0
0
0
0
0
0
0
0
0
0
0
0
0
0
0
0
0
0
0
0
0
0
0
0
0
0
0
0
0
0
0
0
0
0
0
0
0
0
0
0
0
0
0
0
0
0
0
0
0
0
0
0
0
0
0
0
0
0
0
0
0
0
0
0
0
0
0
0
0
0
0
0
0
0
0
0
0
0
0
0
0
0
0
0
0
0
0
0
0
0
0
0
0
0
0
0
0
0
0
0
0
0
0
0
0
0
0
0
0
0
0
0
0
0
0
0
0
0
0
0
0
0
0
0
0
0
0
0
0
0
0
0
0
0
0
0
0
0
0
0
0
0
0
0
0
0
0
0
0
0
0
0
0
0
0
0
0
0
0
0
0
0
0
0
0
0
0
0
0
0
0
0
0
0
0
0
0
0
0
0
0
0
0
0
0
0
0
0
0
0
0
0
0
0
0
0
0
0
0
0
0
0
0
0
0
0
0
0
0
0
0
0
0
0
0
0
0
0
0
0
0
0
0
0
0
0
0
0
0
0
0
0
0
0
0
0
0
0
0
0
0
0
0
0
0
0
0
0
0
0
0
0
0
0
0
0
0
0
0
0
0
0
0
0
0
0
0
0
0
0
0
0
0
0
0
0
0
0
0
0
0
0
0
0
0
0
0
0
0
0
0
0
0
0
0
0
0
0
0
0
0
0
0
0
0
0
0
0
0
0
0
0
0
0
0
0
0
0
0
0
0
0
0
0
0
0
0
0
0
0
0
0
0
0
0
0
0
0
0
0
0
0
0
0
0
0
0
0
0
0
0
0
0
0
0
0
0
0
0
0
0
0
0
0
0
0
0
0
0
0
0
0
0
0
0
0
0
0
0
0
0
0
0
0
0
0
0
0
0
0
0
0
0
0
0
0
0
0
0
0
0
0
0
0
0
0
0
0
0
0
0
0
0
0
0
0
0
0
0
0
0
0
0
0
0
0
0
0
0
0
0
0
0
0
0
0
0
0
0
0
0
0
0
0
0
0
0
0
0
0
0
0
0
0
0
0
0
0
0
0
0
0
0
0
0
0
0
0
0
0
0
0
0
0
0
0
0
0
0
0
0
0
0
0
0
0
0
0
0
0
0
0
0
0
0
0
0
0
0
0
0
0
0
0
0
0
0
0
0
0
0
0
0
0
0
0
0
0
0
0
0
0
0
0
0
0
0
0
0
0
0
0
0
0
0
0
0
0
0
0
0
0
0
0
0
0
0
0
0
0
0
0
0
0
0
0
0
0
0
0
0
0
0
0
0
0
0
0
0
0
0
0
0
0
0
0
0
0
0
0
0
0
0
0
0
0
0
0
0
0
0
0
0
0
0
0
0
0
0
0
0
0
0
0
0
0
0
0
0
0
0
0
0
0
0
0
0
48879
-437605642
739729220
-1203419467
-701116971
1730543553
148978469
368744005
692528132
625468052
148059803
1234288226
-1060395225
-2064687121
-1864938007
1246002493
1438772683
2001365846
-412826460
902183305
-713687636
2054472670
-487450540
461810775
49286803
388748517
-2060963903
1973106570
1216501050
-1484691997
1108877512
57005
-1677339531
-1121641126
499753371
-1917310020
1531533802
1243621951
1629447389
-852358788
139987485
1500886425
246206317
-1628352955
-1905212399
281011678
-548584949
1603618581
-1142775205
1116984591
1600189873
-460821694
-1629327363
-1004311256
1516249139
1571971823
-1325517719
-545107363
238468645
-1572606063
473195642
1271102368
-1131653418
57005
996797149
1082016293
1338921321
403122386
205724304
1884765315
-165814802
-1389670169
-1229760547
-332965548
1767343461
-1375898437
-504249297
-918403217
-36157482
1917480519
762413914
-650855684
-1243857985
-1669949808
-543885948
1862443611
-240025052
-863570494
-581261544
-209858344
-720526169
-1104516902
-942295870
-199637397
167608941
57005
1946456434
-1485732552
1881204427
-382102262
107342554
648271613
214219267
-874497277
-1634448334
-2029612701
-110481643
-619820826
1392897443
-1182389641
419257080
1987548741
1568922651
-31155130
-2038709146
1562792933
1225556847
1641646143
-78397804
483160656
-835490468
258991308
144971202
-487961626
-1025119423
-594248931
-428805730
57005
-1658440643
-1706457613
2110630762
540738223
-107546228
1476253886
-984234898
-1352455600
1175325212
1981595192
-1620519260
-952761121
613902122
-2070145426
396178030
102303791
643129785
-2085623052
-77209291
-1975652770
656245989
-744275106
554210564
-1070006667
1445747402
2060662056
-1025612692
-944786087
1571017466
674608359
1790456722
57005
1359239289
-282835503
-1357015701
-894393806
1248265651
-450799035
-400158413
-463836652
1604153443
-763113456
-380796014
38582489
518664635
-1069608673
924791586
-184051754
2027969321
1607779931
1856773609
-611388168
-507277899
462609210
-1302759893
-165930940
-411063517
101774985
-1866001223
771511403
-346296033
1485322314
-1716753085
57005
1640830657
-1644077497
-526182894
1708175092
1298020521
-1781355532
-1703286969
-953583052
-1228103847
-643450009
-350023816
938184826
-1762671392
181956072
1275127702
626163140
1447743895
633273066
2015365589
-1528486145
341688170
-899873534
1657039391
-1502307269
-335742690
-1525805354
-3498043
-234332951
1470660246
-1251889475
1236453319
57005
48830
-892312600
250742249
-1028036520
1191964019
-1127576916
-344975508
-274842650
1233732832
-469043955
-219114193
-1102445029
-835044036
-1754765525
-1128573277
-1872987335
-1807839482
1961921191
-762166070
-1781833074
-2123566610
-147747399
526350394
-1871972056
705787506
-807796574
994061918
-51800480
832051436
437536583
1403996395
4064
0
0
0
0
0
0
0
0
0
0
0
0
0
0
0
0
0
0
0
0
0
0
0
0
0
0
0
0
0
0
0
0
0
0
0
0
0
0
0
0
0
0
0
0
0
0
0
0
0
0
0
0
0
0
0
0
0
0
0
0
0
0
0
0
0
0
0
0
0
0
0
0
0
0
0
0
0
0
0
0
0
0
0
0
0
0
0
0
0
0
0
0
0
0
0
0
0
0
0
0
0
0
0
0
0
0
0
0
0
0
0
0
0
0
0
0
0
0
0
0
0
0
0
0
0
0
0
0
0
0
0
0
0
0
0
0
0
0
0
0
0
0
0
0
0
0
0
0
0
0
0
0
0
0
0
0
0
0
0
0
0
0
0
0
0
0
0
0
0
0
0
0
0
0
0
0
0
0
0
0
0
0
0
0
0
0
0
0
0
0
0
0
0
0
0
0
0
0
0
0
0
0
0
0
0
0
0
0
0
0
0
0
0
0
0
0
0
0
0
0
0
0
0
0
0
0
0
0
0
0
0
0
0
0
0
0
0
0
0
0
0
0
0
0
0
0
0
0
0
0
0
0
0
0
0
0
0
0
0
0
0
0
0
0
0
0
0
0
0
0
0
0
0
0
0
0
0
0
0
0
0
0
0
0
0
0
0
0
0
0
0
0
0
0
0
0
0
0
0
0
0
0
0
0
0
0
0
0
0
0
0
0
0
0
0
0
0
0
0
0
0
0
0
0
0
0
0
0
0
0
0
0
0
0
0
0
0
0
0
0
0
0
0
0
0
0
0
0
0
0
0
0
0
0
0
0
0
0
0
0
0
0
0
0
0
0
0
0
0
0
0
0
0
0
0
0
0
0
0
0
0
0
0
0
0
0
0
0
0
0
0
0
0
0
0
0
0
0
0
0
0
0
0
0
0
0
0
0
0
0
0
0
0
0
0
0
0
0
0
0
0
0
0
0
0
0
0
0
0
0
0
0
0
0
0
0
0
0
0
0
0
0
0
0
0
0
0
0
0
0
0
0
0
0
0
0
0
0
0
0
0
0
0
0
0
0
0
0
0
0
0
0
0
0
0
0
0
0
0
0
0
0
0
0
0
0
0
0
0
0
0
0
0
0
0
0
0
0
0
0
0
0
0
0
0
0
0
0
0
0
0
0
0
0
0
0
0
0
0
0
0
0
0
0
0
0
0
0
0
0
0
0
0
0
0
0
0
0
0
0
0
0
0
0
0
0
0
0
0
0
0
0
0
0
0
0
0
0
0
0
0
0
0
0
0
0
0
0
0
0
0
0
0
0
0
0
0
0
0
0
0
0
0
0
0
0
0
0
0
0
0
0
0
0
0
0
0
0
0
0
0
0
0
0
0
0
0
0
0
0
0
0
0
0
0
0
0
0
0
0
0
0
0
0
0
0
0
0
0
0
0
0
0
0
0
0
0
0
0
0
0
0
0
0
0
0
0
0
0
0
0
0
0
0
0
0
0
0
0
0
0
0
0
0
0
0
0
0
0
0
0
0
0
0
0
0
0
0
0
0
0
0
0
0
0
0
0
0
0
0
0
0
0
0
0
0
0
0
0
0
0
0
0
0
0
0
0
0
0
0
0
0
0
0
0
0
0
0
0
0
0
0
0
0
0
0
0
0
0
0
0
0
0
0
0
0
0
0
0
0
0
0
0
0
0
0
0
0
0
0
0
0
0
0
0
0
0
0
0
0
0
0
0
0
0
0
0
0
