63598
25270
-111260
81571
-148947
8142
65158
-57626
-8511
50470
-94091
68982
7909
-82782
42176
57926
49742
-18781
70518
39352
-93767
40139
-36447
-38008
-47685
122773
-91883
-78786
31309
-54115
8621
618
98144
-101184
-171582
9392
-52756
6625
-64622
-136582
18231
35015
897
-44975
13771
92502
62858
-106299
-51351
-130508
43496
25205
14914
-17423
-103318
-72624
8248
-27638
-6533
66115
27721
-12445
-11157
-11649
2307
44251
12699
32619
-55061
-100242
24499
31317
-46540
-65382
-43044
-59992
-28394
-22311
43284
-58370
-103388
6089
-16812
62437
-2917
-35681
36373
72853
-1765
49097
51473
-78635
-93677
-25725
32562
79117
-81222
-18462
24831
-65904
1890
28504
-38618
-4835
-71489
-41639
25497
27344
43643
-35396
35111
-33188
-37174
6753
4826
-58773
146197
-54409
-92915
20482
59049
-18289
-11715
-187373
-31178
33059
56020
-22845
65404
13432
39770
-51811
-74872
38049
-72637
29592
24751
26906
-12424
105497
-111583
-59090
-129321
75724
-68850
6870
-23511
84983
-33609
83154
167585
-94629
-222579
31681
-18316
9693
9912
14613
-83810
-82526
92481
-55433
-22996
-42519
68635
-5288
-24050
35015
42072
-22619
113352
-13390
-42302
13320
113905
-14214
130090
35335
2421
-38677
49736
3782
92341
-94
-46485
59667
-31923
91946
-67487
61381
-59279
2392
3802
27086
-13517
94660
53075
28413
54650
34572
-178608
78879
-51157
-47652
-32829
37909
-51509
53294
-48
-23474
58170
-91239
-15459
54224
35681
-99888
14474
101998
75836
156696
-27094
48802
-65971
-38610
65394
-46806
12546
-58036
155554
7010
100865
130363
-43920
26293
7555
20751
-47486
72765
77066
2259
19830
-61361
84254
22270
50797
-20856
15013
96480
67546
-74819
92052
30819
31698
19213
19518
120583
0
0
0
0
0
0
0
0
0
0
0
0
0
0
0
0
0
0
0
0
0
0
0
0
0
0
0
0
0
0
0
0
0
0
0
0
0
0
0
0
0
0
0
0
0
0
0
0
0
0
0
0
0
0
0
0
0
0
0
0
0
0
0
0
0
0
0
0
0
0
0
0
0
0
0
0
0
0
0
0
0
0
0
0
0
0
0
0
0
0
0
0
0
0
0
0
0
0
0
0
0
0
0
0
0
0
0
0
0
0
0
0
0
0
0
0
0
0
0
0
0
0
0
0
0
0
0
0
0
0
0
0
0
0
0
0
0
0
0
0
0
0
0
0
0
0
0
0
0
0
0
0
0
0
0
0
0
0
0
0
0
0
0
0
0
0
0
0
0
0
0
0
0
0
0
0
0
0
0
0
0
0
0
0
0
0
0
0
0
0
0
0
0
0
0
0
0
0
0
0
0
0
0
0
0
0
0
0
0
0
0
0
0
0
0
0
0
0
0
0
0
0
0
0
0
0
0
0
0
0
0
0
0
0
0
0
0
0
0
0
0
0
0
0
0
0
0
0
0
0
0
0
0
0
0
0
0
0
0
0
0
0
0
0
0
0
0
0
0
0
0
0
0
0
0
0
0
0
0
0
0
0
0
0
0
0
0
0
0
0
0
0
0
0
0
0
0
0
0
0
0
0
0
0
0
0
0
0
0
0
0
0
0
0
0
0
0
0
0
0
0
0
0
0
0
0
0
0
0
0
0
0
0
0
0
0
0
0
0
0
0
0
0
0
0
0
0
0
0
0
0
0
0
0
0
0
0
0
0
0
0
0
0
0
0
0
0
0
0
0
0
0
0
0
0
0
0
0
0
0
0
0
0
0
0
0
0
0
0
0
0
0
0
0
0
0
0
0
0
0
0
0
0
0
0
0
0
0
0
0
0
0
0
0
0
0
0
0
0
0
0
0
0
0
0
0
0
0
0
0
0
0
0
0
0
0
0
0
0
0
0
0
0
0
0
0
0
0
0
0
0
0
0
0
0
0
0
0
0
0
0
0
0
0
0
0
0
0
0
0
0
0
0
0
0
0
0
0
0
0
0
0
0
0
0
0
0
0
0
0
0
0
0
0
0
0
0
0
0
0
0
0
0
0
0
0
0
0
0
0
0
0
0
0
0
0
0
0
0
0
0
0
0
0
0
0
0
0
0
0
0
0
0
0
0
0
0
0
0
0
0
0
0
0
0
0
0
0
0
0
0
0
0
0
0
0
0
0
0
0
0
0
0
0
0
0
0
0
0
0
0
0
0
0
0
0
0
0
0
0
0
0
0
0
0
0
0
0
0
0
0
0
0
0
0
0
0
0
0
0
0
0
0
0
0
0
0
0
0
0
0
0
0
0
0
0
0
0
0
0
0
0
0
0
0
0
0
0
0
0
0
0
0
0
0
0
0
0
0
0
0
0
0
0
0
0
0
0
0
0
0
0
0
0
0
0
0
0
0
0
0
0
0
0
0
0
0
0
0
0
0
0
0
0
0
0
0
0
0
0
0
0
0
0
0
0
0
0
0
0
0
0
0
0
0
0
0
0
0
0
0
0
0
0
0
0
0
0
0
0
0
0
0
0
0
0
0
0
0
0
0
0
0
0
0
0
0
0
0
0
0
0
0
0
0
0
0
0
0
0
0
0
0
0
0
0
0
0
0
0
0
0
0
0
0
0
0
0
0
0
0
0
0
0
0
0
0
0
-196034
89328
11304
-14777
113004
-80502
119
-32064
-54078
-1073
-10476
-119215
37769
94612
47009
103027
-75001
119984
-22010
69724
-973
-8106
-29357
49517
109319
-63139
154473
27281
-128753
86729
-69108
-5668
25031
-31359
9853
-66072
129001
-58525
10492
34077
34581
-28552
72523
-25771
-74995
24054
56484
-95838
1607
119121
-2603
39426
-44013
-107865
-21647
43576
80349
-73093
41734
69379
110924
-60818
-17126
81174
-122998
55218
9414
83770
43239
7460
4315
-141721
10227
79023
72913
-65452
60367
82985
66603
-24916
-122227
93775
-9329
-68353
47467
-43719
101896
83137
-18442
-18186
-18376
138054
60693
63754
4198
-34365
4284
27997
-65149
48562
-37628
16630
-74335
16274
44013
18691
44370
13933
129420
-17438
89048
-105661
60861
-51525
49787
55272
-39820
4765
-44421
-23642
-54434
61461
-58704
46593
-64674
-104675
-52248
-36691
46249
-15096
-81974
47878
13126
-48057
-6145
-1518
56718
121839
-119621
-85004
18184
-18411
-77634
-29720
7719
-84260
-101179
-108361
-18773
34022
9856
32414
-88120
60624
-40634
76731
51784
-58784
-3304
-23048
-93996
160145
7482
20202
-56189
62489
3953
-34516
27580
22784
7375
-16574
48780
27593
-99536
-6276
13696
-33455
-67032
-59887
-63293
-24510
-97375
-109627
-123732
61377
25296
168455
86774
19751
43800
47577
29973
5752
83181
-25623
30310
-14622
-42242
33147
-51041
-46146
33381
-56716
-82136
11238
-128243
-69925
33727
19935
-25163
-95419
-22901
-32302
-20129
-4061
-91719
28949
-93416
-125756
2178
38741
-82727
26832
-1531
-72724
99906
2819
79404
-7128
44419
-4259
-122976
-49070
-17808
-14489
3877
60753
58473
2224
-164201
73056
-51146
-74988
-60724
86062
-5642
-68750
48167
49424
-56366
55127
-91439
31933
-27681
68283
0
0
0
0
0
0
0
0
0
0
0
0
0
0
0
0
0
0
0
0
0
0
0
0
0
0
0
0
0
0
0
0
0
0
0
0
0
0
0
0
0
0
0
0
0
0
0
0
0
0
0
0
0
0
0
0
0
0
0
0
0
0
0
0
0
0
0
0
0
0
0
0
0
0
0
0
0
0
0
0
0
0
0
0
0
0
0
0
0
0
0
0
0
0
0
0
0
0
0
0
0
0
0
0
0
0
0
0
0
0
0
0
0
0
0
0
0
0
0
0
0
0
0
0
0
0
0
0
0
0
0
0
0
0
0
0
0
0
0
0
0
0
0
0
0
0
0
0
0
0
0
0
0
0
0
0
0
0
0
0
0
0
0
0
0
0
0
0
0
0
0
0
0
0
0
0
0
0
0
0
0
0
0
0
0
0
0
0
0
0
0
0
0
0
0
0
0
0
0
0
0
0
0
0
0
0
0
0
0
0
0
0
0
0
0
0
0
0
0
0
0
0
0
0
0
0
0
0
0
0
0
0
0
0
0
0
0
0
0
0
0
0
0
0
0
0
0
0
0
0
0
0
0
0
0
0
0
0
0
0
0
0
0
0
0
0
0
0
0
0
0
0
0
0
0
0
0
0
0
0
0
0
0
0
0
0
0
0
0
0
0
0
0
0
0
0
0
0
0
0
0
0
0
0
0
0
0
0
0
0
0
0
0
0
0
0
0
0
0
0
0
0
0
0
0
0
0
0
0
0
0
0
0
0
0
0
0
0
0
0
0
0
0
0
0
0
0
0
0
0
0
0
0
0
0
0
0
0
0
0
0
0
0
0
0
0
0
0
0
0
0
0
0
0
0
0
0
0
0
0
0
0
0
0
0
0
0
0
0
0
0
0
0
0
0
0
0
0
0
0
0
0
0
0
0
0
0
0
0
0
0
0
0
0
0
0
0
0
0
0
0
0
0
0
0
0
0
0
0
0
0
0
0
0
0
0
0
0
0
0
0
0
0
0
0
0
0
0
0
0
0
0
0
0
0
0
0
0
0
0
0
0
0
0
0
0
0
0
0
0
0
0
0
0
0
0
0
0
0
0
0
0
0
0
0
0
0
0
0
0
0
0
0
0
0
0
0
0
0
0
0
0
0
0
0
0
0
0
0
0
0
0
0
0
0
0
0
0
0
0
0
0
0
0
0
0
0
0
0
0
0
0
0
0
0
0
0
0
0
0
0
0
0
0
0
0
0
0
0
0
0
0
0
0
0
0
0
0
0
0
0
0
0
0
0
0
0
0
0
0
0
0
0
0
0
0
0
0
0
0
0
0
0
0
0
0
0
0
0
0
0
0
0
0
0
0
0
0
0
0
0
0
0
0
0
0
0
0
0
0
0
0
0
0
0
0
0
0
0
0
0
0
0
0
0
0
0
0
0
0
0
0
0
0
0
0
0
0
0
0
0
0
0
0
0
0
0
0
0
0
0
0
0
0
0
0
0
0
0
0
0
0
0
0
0
0
0
0
0
0
0
0
0
0
0
0
0
0
0
0
0
0
0
0
0
0
0
0
0
0
0
0
0
0
0
0
0
0
0
0
0
0
0
0
0
0
0
0
0
0
0
0
0
0
0
0
0
0
0
0
0
0
0
0
0
0
0
0
0
0
0
0
0
0
0
0
0
0
0
0
0
0
0
0
0
0
0
0
0
0
0
0
0
0
0
0
0
0
0
0
0
0
0
0
0
0
0
0
39029
53054
-19659
-160246
65033
-6482
73245
5198
-1805
-126019
-27516
17642
16406
-20109
9635
94784
-38746
16586
103806
-28828
52680
-38299
22241
128550
-47227
37825
-53116
-45442
27190
-18744
-17103
22013
49123
-36547
-26365
-74130
81252
-62569
-658
-79788
-56612
-91666
-76336
92735
-29222
62631
42661
-23682
-7312
-103700
-53
199449
-55285
7366
87953
57328
21994
126619
-7872
-23134
-14815
-17631
-158455
-41986
-28071
-75974
22393
-2054
65338
-88204
31885
23506
-119722
53623
-18238
-51452
33385
16736
21820
67799
-46571
10557
-19843
86581
26365
56446
-7768
126453
-78939
-4084
96003
56133
3507
43288
34076
-10602
-53351
34841
129232
-11283
-65390
23686
16809
84092
10867
-2466
44254
77664
125775
147818
55766
-6939
22341
40480
-45453
90448
73832
338
24946
18996
44128
-54526
39881
25782
-34687
71140
58712
-13575
33429
8021
-1871
112882
121145
49184
-16969
121899
33740
-39786
2188
60796
11706
-107716
76549
100
9133
-4776
83544
11914
-10945
35908
-53525
-1679
21784
19497
-29152
97508
20606
-59277
-38029
81924
81667
-15327
105366
-24198
112188
29970
-52152
16226
82769
7521
59412
97440
-66024
53390
46714
-46203
16066
-84343
51862
-49582
51449
-6463
40391
85517
59348
106226
-55260
28893
5344
21063
-23751
15842
9241
152277
19872
46513
-95059
-73396
80003
13960
35859
2943
-16678
39805
-38937
7320
-32304
-16010
48509
-59173
-10407
-39383
-18153
21735
-21202
65979
-150283
-16545
-49958
-276
8282
-57818
-71865
-27554
-85801
-113196
151161
85248
-34616
38255
-38067
8452
-44252
-592
32000
6768
8526
41375
-19823
59278
863
77935
82317
-57213
64972
33217
25543
52038
168080
33230
-21419
-71211
43176
79587
-27634
-102149
0
0
0
0
0
0
0
0
0
0
0
0
0
0
0
0
0
0
0
0
0
0
0
0
0
0
0
0
0
0
0
0
0
0
0
0
0
0
0
0
0
0
0
0
0
0
0
0
0
0
0
0
0
0
0
0
0
0
0
0
0
0
0
0
0
0
0
0
0
0
0
0
0
0
0
0
0
0
0
0
0
0
0
0
0
0
0
0
0
0
0
0
0
0
0
0
0
0
0
0
0
0
0
0
0
0
0
0
0
0
0
0
0
0
0
0
0
0
0
0
0
0
0
0
0
0
0
0
0
0
0
0
0
0
0
0
0
0
0
0
0
0
0
0
0
0
0
0
0
0
0
0
0
0
0
0
0
0
0
0
0
0
0
0
0
0
0
0
0
0
0
0
0
0
0
0
0
0
0
0
0
0
0
0
0
0
0
0
0
0
0
0
0
0
0
0
0
0
0
0
0
0
0
0
0
0
0
0
0
0
0
0
0
0
0
0
0
0
0
0
0
0
0
0
0
0
0
0
0
0
0
0
0
0
0
0
0
0
0
0
0
0
0
0
0
0
0
0
0
0
0
0
0
0
0
0
0
0
0
0
0
0
0
0
0
0
0
0
0
0
0
0
0
0
0
0
0
0
0
0
0
0
0
0
0
0
0
0
0
0
0
0
0
0
0
0
0
0
0
0
0
0
0
0
0
0
0
0
0
0
0
0
0
0
0
0
0
0
0
0
0
0
0
0
0
0
0
0
0
0
0
0
0
0
0
0
0
0
0
0
0
0
0
0
0
0
0
0
0
0
0
0
0
0
0
0
0
0
0
0
0
0
0
0
0
0
0
0
0
0
0
0
0
0
0
0
0
0
0
0
0
0
0
0
0
0
0
0
0
0
0
0
0
0
0
0
0
0
0
0
0
0
0
0
0
0
0
0
0
0
0
0
0
0
0
0
0
0
0
0
0
0
0
0
0
0
0
0
0
0
0
0
0
0
0
0
0
0
0
0
0
0
0
0
0
0
0
0
0
0
0
0
0
0
0
0
0
0
0
0
0
0
0
0
0
0
0
0
0
0
0
0
0
0
0
0
0
0
0
0
0
0
0
0
0
0
0
0
0
0
0
0
0
0
0
0
0
0
0
0
0
0
0
0
0
0
0
0
0
0
0
0
0
0
0
0
0
0
0
0
0
0
0
0
0
0
0
0
0
0
0
0
0
0
0
0
0
0
0
0
0
0
0
0
0
0
0
0
0
0
0
0
0
0
0
0
0
0
0
0
0
0
0
0
0
0
0
0
0
0
0
0
0
0
0
0
0
0
0
0
0
0
0
0
0
0
0
0
0
0
0
0
0
0
0
0
0
0
0
0
0
0
0
0
0
0
0
0
0
0
0
0
0
0
0
0
0
0
0
0
0
0
0
0
0
0
0
0
0
0
0
0
0
0
0
0
0
0
0
0
0
0
0
0
0
0
0
0
0
0
0
0
0
0
0
0
0
0
0
0
0
0
0
0
0
0
0
0
0
0
0
0
0
0
0
0
0
0
0
0
0
0
0
0
0
0
0
0
0
0
0
0
0
0
0
0
0
0
0
0
0
0
0
0
0
0
0
0
0
0
0
0
0
0
0
0
0
0
0
0
0
0
0
0
0
0
0
0
0
0
0
0
0
0
0
0
0
0
0
0
0
0
0
0
0
0
0
0
0
0
0
0
0
0
0
0
0
0
0
0
0
0
0
0
0
0
0
0
37398
-129344
-47891
33354
-17179
66679
-28590
-155829
96913
104912
78599
10628
-60905
44509
101970
16489
34692
-13813
36080
72623
-19058
-100726
-130384
53873
-64559
-137444
-56994
-190112
-129690
-21523
-57088
-68531
-37108
-10894
-124971
-101465
-21993
-27337
120990
-76824
-119270
57407
-127884
-27297
28003
-36031
-23261
50488
-27379
11385
21337
10119
-81005
87695
22678
-14437
-27667
17800
77313
45701
-47648
126035
116964
16695
-57286
9062
107074
67999
-50889
-109144
-39603
94229
-33542
3892
-127262
-25560
70142
-67399
-67077
-23955
5296
82944
8042
-47679
-10471
109289
-33206
-6600
-28813
33123
44944
77257
31330
-26538
-35229
31868
-61436
56198
-81067
-66801
-26012
-11490
74116
95540
115102
-44248
-32106
-42486
53064
-120042
11375
26873
-1535
-14313
65191
-28776
103679
-108462
-79969
35977
46009
3414
44511
-113420
-76069
-93677
3432
18322
-125009
-53414
-82963
-65655
16654
-29290
-24549
-84958
-57614
61667
-21556
12760
-40114
-30677
30309
12696
-67027
47239
-66107
43591
-28277
455
62784
-87348
63701
-72080
63708
7557
-37000
30162
22402
69279
-13662
8714
-47154
36038
-46086
115837
-137681
-113301
170294
125584
-3197
-6026
54429
-68631
16214
-107442
-46667
66985
75724
-19885
43366
-75115
102154
-121649
29822
-66577
962
11324
-175881
-189361
67904
13087
-73861
82248
213456
53494
-33475
19989
52224
-45776
-26441
-43894
81195
-1922
22308
57211
-123641
34116
9991
-95565
-100065
21102
-39588
-60102
-25523
92218
4649
-36066
149987
9651
-17915
88622
-19205
-107348
77593
-70019
115429
-79008
-41185
-53216
17851
28324
-50220
-40963
10922
64933
-9870
121617
16804
41672
-12133
-45869
8777
36842
61570
-13249
24484
41249
-51556
-42647
-99426
-59291
-85337
70636
-8835
-37997
0
0
0
0
0
0
0
0
0
0
0
0
0
0
0
0
0
0
0
0
0
0
0
0
0
0
0
0
0
0
0
0
0
0
0
0
0
0
0
0
0
0
0
0
0
0
0
0
0
0
0
0
0
0
0
0
0
0
0
0
0
0
0
0
0
0
0
0
0
0
0
0
0
0
0
0
0
0
0
0
0
0
0
0
0
0
0
0
0
0
0
0
0
0
0
0
0
0
0
0
0
0
0
0
0
0
0
0
0
0
0
0
0
0
0
0
0
0
0
0
0
0
0
0
0
0
0
0
0
0
0
0
0
0
0
0
0
0
0
0
0
0
0
0
0
0
0
0
0
0
0
0
0
0
0
0
0
0
0
0
0
0
0
0
0
0
0
0
0
0
0
0
0
0
0
0
0
0
0
0
0
0
0
0
0
0
0
0
0
0
0
0
0
0
0
0
0
0
0
0
0
0
0
0
0
0
0
0
0
0
0
0
0
0
0
0
0
0
0
0
0
0
0
0
0
0
0
0
0
0
0
0
0
0
0
0
0
0
0
0
0
0
0
0
0
0
0
0
0
0
0
0
0
0
0
0
0
0
0
0
0
0
0
0
0
0
0
0
0
0
0
0
0
0
0
0
0
0
0
0
0
0
0
0
0
0
0
0
0
0
0
0
0
0
0
0
0
0
0
0
0
0
0
0
0
0
0
0
0
0
0
0
0
0
0
0
0
0
0
0
0
0
0
0
0
0
0
0
0
0
0
0
0
0
0
0
0
0
0
0
0
0
0
0
0
0
0
0
0
0
0
0
0
0
0
0
0
0
0
0
0
0
0
0
0
0
0
0
0
0
0
0
0
0
0
0
0
0
0
0
0
0
0
0
0
0
0
0
0
0
0
0
0
0
0
0
0
0
0
0
0
0
0
0
0
0
0
0
0
0
0
0
0
0
0
0
0
0
0
0
0
0
0
0
0
0
0
0
0
0
0
0
0
0
0
0
0
0
0
0
0
0
0
0
0
0
0
0
0
0
0
0
0
0
0
0
0
0
0
0
0
0
0
0
0
0
0
0
0
0
0
0
0
0
0
0
0
0
0
0
0
0
0
0
0
0
0
0
0
0
0
0
0
0
0
0
0
0
0
0
0
0
0
0
0
0
0
0
0
0
0
0
0
0
0
0
0
0
0
0
0
0
0
0
0
0
0
0
0
0
0
0
0
0
0
0
0
0
0
0
0
0
0
0
0
0
0
0
0
0
0
0
0
0
0
0
0
0
0
0
0
0
0
0
0
0
0
0
0
0
0
0
0
0
0
0
0
0
0
0
0
0
0
0
0
0
0
0
0
0
0
0
0
0
0
0
0
0
0
0
0
0
0
0
0
0
0
0
0
0
0
0
0
0
0
0
0
0
0
0
0
0
0
0
0
0
0
0
0
0
0
0
0
0
0
0
0
0
0
0
0
0
0
0
0
0
0
0
0
0
0
0
0
0
0
0
0
0
0
0
0
0
0
0
0
0
0
0
0
0
0
0
0
0
0
0
0
0
0
0
0
0
0
0
0
0
0
0
0
0
0
0
0
0
0
0
0
0
0
0
0
0
0
0
0
0
0
0
0
0
0
0
0
0
0
0
0
0
0
0
0
0
0
0
0
0
0
0
0
0
0
0
0
0
0
0
0
0
0
0
0
0
0
0
0
0
0
0
0
0
0
0
0
0
0
0
0
0
0
0
0
0
0
0
0
0
0
0
