-91
-20
96
18
20
60
7
93
120
22
115
-119
77
-99
-21
97
115
41
127
114
34
-22
42
108
-13
33
7
36
93
107
-38
-105
-89
-114
115
58
-21
-91
1
101
106
-94
-63
-19
11
-75
-39
116
111
77
64
62
46
106
19
-63
22
-24
-93
-53
-55
-22
-69
39
45
-55
-44
-32
-86
105
73
-32
120
-60
123
-27
-51
96
-9
-103
-61
111
98
96
60
-26
1
43
-13
13
106
-77
-14
52
-111
107
-112
-61
72
57
59
1
-6
57
29
97
-49
-99
5
-51
116
-101
-17
-115
75
121
35
59
-112
-1
-15
44
-113
28
-106
-49
45
-80
-65
-110
-108
113
125
-74
-36
77
-39
56
-5
23
-104
80
-8
7
81
-80
51
64
-127
-24
121
39
-117
109
-37
-99
73
-13
117
-38
53
65
-73
29
-71
81
-61
-100
-46
-3
-118
107
68
-68
-77
120
-66
23
50
108
60
-17
-64
8
73
4
52
-20
67
88
29
79
106
-12
-115
16
60
114
-80
1
10
127
-46
9
50
16
-103
-103
-2
89
31
-84
-101
45
-51
31
-31
47
39
-120
114
-105
34
76
97
29
63
-2
94
69
30
-78
-13
10
-6
19
82
35
70
-11
105
-45
81
-92
100
19
-122
35
-104
109
-102
78
-20
85
-91
52
-29
-12
32
36
65
-11
65
76
123
-110
-61
-46
102
-41
-61
28
98
41
-11
105
-46
126
70
80
-110
49
81
27
-44
100
-64
120
12
-92
-96
-11
-89
-85
-60
5
-67
91
-77
-30
51
-95
-19
98
-18
-122
-53
35
0
-120
-57
-77
-2
-89
40
32
-39
19
-68
-100
21
97
-98
-94
3
78
3
43
-101
-47
33
84
95
103
-106
62
-74
-41
-122
-15
18
-2
123
80
20
127
116
-96
-87
-107
-56
-116
-28
41
48
-81
-112
79
-40
49
-118
-37
-16
-37
-97
24
-122
4
-52
-96
-79
-21
-44
46
2
29
8
-84
73
-6
-51
120
79
108
38
-82
-68
51
88
121
-119
-96
17
24
-93
-70
-68
-64
35
79
17
-114
51
51
-94
-89
98
18
-71
48
61
58
-119
18
-34
58
-103
48
52
-122
18
53
-93
-44
64
35
-109
-87
-81
-86
83
93
-11
74
-76
-52
-91
44
77
-29
-64
-107
-81
-18
-113
-60
-55
34
-8
107
-110
20
85
-63
-123
13
-87
66
84
6
-48
-52
62
-37
-53
86
14
88
-93
-47
-76
18
41
-60
108
120
-73
-111
-106
37
8
-107
-121
-53
-54
8
-90
-4
29
-71
18
24
-6
-121
-16
89
80
-41
-104
-14
-61
-80
69
50
-79
-67
-113
-110
-32
39
-87
-42
