48879
-2000426999
792238890
2035533775
-578484021
-890621320
642279978
1130388456
2142466852
760993080
-1327200311
1193358767
1100483944
-1164433078
874154955
-1488745087
-907511180
-816098757
-1622462632
-1852309117
992091098
-706651080
150973788
-1641483896
-657178524
1340225360
1329206170
179529559
-2113341400
-257982836
-2132067498
747177905
-278032516
-319224865
1016998713
-1650790491
-783555848
1746189885
-21697651
813641465
1137228660
1647726289
-1774279438
-1287590347
691488679
-1845880640
1790093498
168125171
-931331133
1305821058
428559941
-293484143
527613477
191470779
-1358696751
1651567
84100519
1314034282
1940160360
-625223699
-400683554
-1785262577
1772022157
57005
961064707
-999667755
676396367
-193174983
327496271
1121972378
-1263167321
-1587536844
-1800942001
-1343149158
-1713553348
-2137333918
450633227
1427458065
2009371300
1281274421
1562726132
-1001659886
1674683631
910918727
178905062
2099581040
1543744292
-82939961
-664010209
-740091040
2035092461
420511132
-1338974483
-1914052580
217559322
-961017027
-2045313413
220981486
-1361020498
1250666546
-510082893
-404446484
1146194948
187530358
1114277580
753443307
-1222510621
-1530896880
-232154878
-1209047541
-871815702
-1005983603
-1874906769
1774730924
475326949
-1352705655
-845392482
-419551462
212604648
885204101
-1312261933
1669042798
493313122
2012932940
1201426532
-1660974956
56229331
57005
1127455155
357012838
1556424931
-369426293
2049314041
-1888165564
342412152
41945658
-25277136
-1189072339
334734627
901123123
187461063
-394699208
-671038856
921103531
-1819334903
-1995962374
-1264986089
81255734
-885593104
-1708183446
2007150792
-351530537
1794021170
-420164214
-39215129
355907115
2032440937
48859967
-541287152
1611990883
4460782
452668736
-2092557808
-279833842
-1080680947
-1651841471
565944849
1078007618
1237217354
-1927300903
-1511281167
468094185
-2087208626
184965239
-443836401
-629801083
985193524
-1903694404
-1798554665
-1174612462
262325561
1610928134
1134992842
2010987592
-524496279
-1285110702
1520050677
-1165870033
-1398053802
-576579822
1917890952
57005
1236556566
641485615
503670304
1420825428
899745623
385655276
-1891738362
-50133473
-1402856698
951821076
-655847266
-1272554620
1426683137
-1102698105
1718669776
-1596644537
1943590091
1998870261
448929167
-20256914
314731706
169280623
2064398491
-477133496
-1569264777
-900536098
1034600678
-1729832034
445962998
-2033094538
-1342115967
-1975245691
-1057227794
-605800428
1096921025
-2047185200
461699351
227718723
-1372481012
10759653
2042834794
837546398
909006190
-1436522248
-674124811
-1803697897
-2102676630
-93116279
-195872492
1720202876
2098309548
-177724742
-332076968
-1496112847
-1838886135
1414567553
-1490682553
-1492661774
-1968100247
-1542123584
176522937
-224625603
-579477983
57005
-119053284
328299293
-1807863084
8904291
1088557883
-779538735
2100385428
1310213364
-1843132251
-1287678372
137115458
-8577288
1168194831
2062567880
-1790339990
1824223226
-910063682
-1152140411
601193760
1932458169
-2119489870
-578682339
-1009438110
-1049546759
-1938856794
543101942
1235397480
230597805
-1970470216
158899155
1404261022
1833370740
-2144759129
-846357720
396251004
-1070146588
602480956
-1505285456
-2027930976
1297653660
2092203349
-547905654
-1070070822
1817015932
-1179398046
409575972
-803112720
666903601
518547248
-826287978
2090858708
-397320520
1493531109
631843883
-2135184266
892358262
551657463
1600578136
-1684805291
-976491708
384109225
1681512713
290800713
57005
1688008481
-6802831
1276575257
51903191
1007928048
1895659395
-1249570112
-1115593279
2050895806
1955790883
-1348186432
1626153165
1924451743
62320087
-1679633005
911753068
-128145987
-2048930150
37217671
1500002575
1387722571
-403095067
1170955602
2002167745
-1151830460
-1998268487
907353390
460951818
-1309930656
1624603389
337820545
759822009
-282431195
-2122437598
-528323999
-917445880
1678911380
329100715
1548813782
-432723231
-553212857
2105032040
237206769
525392391
944912725
-1643776019
840712073
-536054358
-1112131512
1505910028
-1994523654
241006062
-235973182
-664876418
461879299
856793138
1537837291
1835938134
1617466005
530890098
-915962496
1527978688
1116516933
57005
-597677194
190203690
-880210324
542236584
-1926730708
-752396249
1435315466
-1240931815
-1863512231
176850376
757014158
1692745933
-1483569064
870465532
1484170342
921310425
2084299023
1036258817
-505278902
1122089712
-1388281193
1556277130
-807296530
-399654449
-567310144
1755569421
-1759363716
-1537184499
-1859671303
379722595
-460134195
1605914954
885644420
1741054829
932733783
-1050794003
1200815458
1640188799
1838571739
-376360795
-2115181066
525342620
-797871300
-975141548
-1661776179
141351713
1779261459
1610936898
1044262323
2090765855
1912891450
1199900927
1965032145
-1090909231
-1900070229
-1692084445
-1201466360
-1755762911
829204270
748590022
-1991695032
919730891
-412390090
57005
251226397
-1236437234
-1611090784
-1801813942
-43335390
-1001627055
327406756
-1987214281
1298709809
2146286795
-1490635340
2088622723
958725110
-1660789405
1615585970
-758068327
756573159
-1544421619
1965010248
-1554689893
-931379950
685443852
275790814
-1143778545
1332059828
1218335388
-1045199654
613945146
-1178409268
504615928
-1413617909
-455314800
187946552
1237600184
-144089681
1740716215
1755420417
-1049250054
437134408
-330536961
-1723881787
331270383
-661273974
-736410411
-833578675
-1012004191
-1348667441
1634497949
-1471786355
512017644
-1237018371
-186367953
1463611745
-2005060092
336734110
-1969603844
-70571161
-853722278
-686303865
-373195202
-1988807787
1146719124
-795700363
57005
-1412224460
-1784501923
1469734716
-1006106433
1498253030
1962117
2059541633
-915902363
632233660
-442431903
-1812348406
253114374
-1113221263
-2003142618
303068196
799728372
82445725
-228713411
-1264144293
-1398988811
775593674
-260803514
-1610002087
-491960680
1638560522
506721632
876874651
1083359216
-1164679969
1632386970
101029766
-1888924205
-1736500168
-387901527
-910560697
1015111496
1208512106
167608475
-1381397591
-2031625497
96197872
1094524652
-1340838303
672218005
-1373010822
1369042962
-809877885
-910847297
385243309
-982498405
-660425043
1537211583
395364683
-1750477337
1461960488
1019236611
945776122
1962471676
1047716851
-1738906731
-1526433383
1492104461
1179638541
57005
1524310143
1512440822
382022143
-986619946
-1021610214
402054971
343400210
-393100477
-17477123
187301644
-727759741
296608432
385337562
-752430577
1084936945
-364351720
1426492097
625416030
1115318537
-190803019
538988318
-212804291
-1545430331
-1661153954
815163569
145365874
-1952886690
1235104354
890207070
-947622715
-849218395
-971045146
444219369
-1455177305
-1967344458
128101828
955479782
-1218679327
1208724280
-233250091
-705987958
1342941143
-596495915
1604664649
-1598343100
158741324
-301723253
-695699178
650734245
-1838631703
-723687070
-79077535
1161780066
-2120710545
-1705378300
1411050659
1726910711
225939712
-1802289246
1125121870
612374464
942887117
1547784711
57005
-664157365
742015898
24321213
-634207475
985992075
-2009159106
519889464
-55610305
-1295519746
-602166436
1217287788
-1538100893
731641444
260583539
683315218
-435796455
-1084834149
-893860130
-309843829
-1963983462
-1329227837
556934309
-1166641415
1144195862
1045402152
-2007404697
1844528030
1539965834
-661781630
-1339542439
1300065163
-741337985
2059604413
1445491825
2077707410
861705821
242361012
1991925287
-1513805510
-1126911462
1519453509
-1411781460
-2129564587
-31468503
-2106627055
1212310989
952858135
691539804
1690780578
1845586621
-947647517
1858559206
-444531115
-813924006
-874099450
549752899
1048083956
931806954
1074624462
904832556
-168548956
1488906245
1670534533
57005
-625703616
1220174461
-2054084499
993026251
-187648027
892270287
459297857
1582602140
-1617463015
1270765019
691875149
1632479284
-297209257
326143522
1714819297
104386103
-1691161516
564904746
1254325636
1937700278
-1429648863
1766095871
388979969
1814421302
1572706320
-1975131725
-737371100
150469098
1056352718
-696827938
-1939792806
-146873450
1480908005
880666178
-169101200
2085665284
588410032
900777213
-1459917534
1165656672
-481754345
1169328091
-975776240
-1753287266
-1799353014
1608987790
1651056148
1770146450
-578587032
-42275774
-1648947885
1101182661
-481620023
-982118020
-2005627067
797021444
419760003
-1640353140
106206985
-1564259838
781424960
-1646573896
1361373376
57005
-993564534
964131200
289625845
-236854116
1065728417
785923586
669905385
1232945014
1612593002
1570034563
-2095850348
447927813
729223476
-31856055
1170422825
-959314296
1984299561
1908706587
1258781551
-937256451
1545227218
-822367075
-225011026
-1679204240
266531739
-334448171
1643618875
333559702
-474831654
1905983101
1747848612
1079932570
1494368571
-145618058
1779670718
1361490833
1370262653
-2101268715
-1947727249
-2132004413
1899399957
105478545
1820544733
2114794870
-614339685
-38062251
1904239137
-420251215
-276844411
-1115958734
-509427445
86201272
59660155
1580495532
915171719
-601033087
-174133279
-167295435
1711147804
1998091685
28265836
-1231629634
-2131233340
57005
-1331841304
-1105170954
258032665
-1132201096
-1055758003
2066459462
575681518
1079477831
1896901217
-1786024149
-70291626
2035757407
1314572941
966348747
-1483931565
-1519364510
5657074
1778212453
122003030
-460886061
-1053837408
-1082164932
1790547206
1219441971
-1775146270
398940880
393025922
1039275847
-2120621784
-786340894
110059021
-1018960318
-56964626
-1616662365
-98998198
769426901
677072130
403735692
864708142
-1528063876
1311227779
1672045365
-1372815569
1442077279
1224739267
-280101568
1939764100
68950030
506743445
-329318237
1717917296
-341027385
-1848174915
2062683331
-1749279678
1465452522
1005595433
-1668863662
412240381
-567614127
1988377988
-2073591489
1493193117
57005
1633198389
-1665588345
1277689068
1091028404
-2120560754
-494911322
2292003
-1388261066
-47463822
-236093335
1458909030
-767346576
-527858671
-9647689
215409998
686912401
1440376304
-965986484
1310851444
615548061
-112754312
-1354481029
432960946
2090197924
-1902179136
-1982663884
-279199552
665793548
-1815444739
-1930494799
375595478
596035207
2137642332
393807857
-1154118847
1331963041
-1669095866
1229147028
512121624
-375426169
-295606410
-1890750985
655772132
-806703745
1832061619
772623735
1521460474
279694866
-626041788
1329915579
-409783911
-197779614
426708694
2137472266
-1456596281
-57468055
-1735558467
-1805422704
-1616632484
1243148776
-865816298
1576960326
1094476526
57005
-775522418
-1263600044
647216413
-490019273
-1184430436
-343536799
-2032648317
46887416
-1770623504
1338008572
1272295467
-593976345
1952720071
-1296686656
525725312
136113140
-1541490639
-1242741295
1622045914
1394301935
-1457295928
682051674
-1952465853
781714864
1412001530
1172685728
-2111507040
-995142750
1267910039
1066859426
1181334587
-83941416
421557641
1337416891
-232473066
606243031
-2001906211
-70103246
-1575180343
-1294973469
413555698
-470051896
-1506297706
-1520111667
2066719378
-879643482
1794934852
-1085681374
1477599309
186964346
966461995
1470524822
1660303908
388636599
-1117944506
1399680030
-1044751996
-253775374
-50648891
827535883
-1109152576
-1049679521
-1059462053
57005
-620426460
-1221296639
933746287
-1859568133
1355780819
-1490723265
1293591409
709948444
-321890902
-906105452
1573317763
-1247866161
-134989038
455296088
-1934642359
-588008117
-1991452070
1830781467
-588395030
-1453171452
-468764798
236322877
-1418741577
-170085739
-420566366
981220
-822278345
-1471565536
1969997254
-1192636993
848612110
-1444970795
1981852025
-1391197384
-96146790
-456494132
-545468027
-1401600042
-866382043
1578406915
-1926929339
2080701559
1764248360
-907661260
-1562588304
1052728245
-1816247271
-1191837993
958731848
-1672254349
-1365846672
-484505288
-50899408
-171692412
841800070
2026300852
-709088260
-64710359
494205822
-202554698
-1714922025
347103260
608035404
57005
748919867
1543298227
1250640482
1100226136
-1202353066
1572068180
888498601
-344563863
-1808364522
1970264178
-932976546
-937507552
603350676
1749523165
359390090
235063845
-1109366491
-1621034348
-1476244530
1987992931
510001795
-158843956
41192742
1234532012
837380794
1817650550
1659300014
-898845905
1773034555
485381795
-214798896
118707536
-61006898
1464224368
1210899773
-2137696383
179386979
357884558
-1597297455
36568444
-1271131729
911205628
1215044226
-1374985028
-189724803
-1430788006
-688264572
-824997623
-1696957762
1269066463
1248364304
541134423
1090697036
-1253477072
-823653489
1929638733
-1653693081
2011009945
354203144
1952810185
615020015
13451747
2018344159
57005
1793183492
-1298537999
-1827115387
1047169182
-1460590261
1492238099
-978735203
1340922850
-1522688175
-1941203519
475903702
-638382183
740430503
1358273684
404244239
454922421
-716662033
-1458379655
1543637797
1685830819
-735677079
-950355641
333082926
-1639747759
1821321930
-368360348
85363183
1614969002
-589305128
1303687930
467044400
-476382927
-605210662
-820642938
1255314115
-927107598
1526077471
-501732589
-2096364877
1361757972
-2142794298
-1035200805
1012387550
390587477
-165153173
-425250877
-1138485184
-795033318
-783305722
379028596
955597981
1938551676
1889811486
-73644882
-2051220308
-1554698692
1585209296
1220948963
-75685232
1430515812
599401229
801114715
-1345162457
57005
-2031425353
546644698
232578689
-111733806
-1382702072
1467468654
-682916913
-1003106838
660138332
691637803
170943387
-697813848
331012023
1797634699
-109048277
756235650
-1290041052
279579977
-2092406583
-492339264
321750298
272905703
1539984640
981827827
-832699590
-487200172
-31045148
-1506600108
-1373154710
-2132616237
-822505916
-1934607297
668247562
-1970231283
-499123332
-1217876228
-723244112
474901702
-1918032891
1387687268
-533709118
-160380297
-534703170
-1101348391
408312152
335286045
987807537
-724410153
1185612725
66263055
-1025376833
781552302
-2096489789
-1836264514
112890468
2101809931
-259545088
-637594684
-2025446582
1007100527
1008412632
-365730067
1250565656
57005
1510721116
-959428879
-1099243893
-1459578894
-1800512752
-1009534935
917118108
-1894183059
-1720846033
470058634
-506343362
1968347148
-26081497
-2105934167
2036806334
-1044166566
-1196764966
160654368
-958224240
1643443699
167907449
-1073002343
1979464778
141949823
-806945727
-1741607675
2089736263
-1993458819
-492510618
-1510701658
-1050163915
-1419088828
1507558
-677584658
-633767040
1239915766
-1684803317
1814458908
395941305
546293007
-1715405429
1069748176
-7779188
1079771721
62255472
-1613327704
-1782792588
1690027629
517290674
-294919478
603214034
-167543547
392448561
1110191397
-333869751
-164893894
-1692345743
395487797
-1212047744
-2070412428
-119274898
1590250117
-635170740
57005
-882782867
-1778747883
-1312923847
-1369162277
959399719
-968621337
298990038
1417368293
-1221063414
932680701
-356064117
-1756157569
-1845555367
-510597872
1155737558
-395907013
-559877722
-471928966
564946201
-1430677042
1554044882
-116202768
-368498502
1855300841
-1678335014
1977214039
-468977429
-403809873
-1649266972
-1856332279
-1055487867
-952611566
-824782881
-410120048
1670808071
1481934499
-1259794974
-808830405
-1917401826
1320905331
560149538
-1801272817
1818169597
-1620444235
405909378
1857220242
-1564014919
1212409185
1909310844
-1937678218
-1323488727
938813827
-946539127
1931903705
-806917977
-1280686157
-1047281761
-1575383877
1282614015
-1501091232
-848154432
1231615941
1082676719
57005
-472532187
-1051965084
1531011334
-720935505
1655541570
-1145687552
104434808
-1267209689
1722674741
-2033258932
-916248352
1272161259
-2044445944
-1379033658
-727952770
-612856621
1199663994
716249677
299002722
-1739162407
-1679555525
2082066080
1545943700
257361129
1982216966
698420165
-966809229
-1283775841
-564987171
438257321
-1461136465
1673405006
521492522
2058354993
2015390082
-784073045
631615660
1322246081
-1191590480
-788947821
1633075637
-1743811829
256831618
-2082302788
1112842081
1878797739
716165314
874737955
529804960
1280671618
1092962046
1967214982
1131229881
-120016081
2023689839
-889978009
-785591368
-1334912181
-734463966
1404806383
1764808571
93509233
1938545611
57005
697350619
1040863700
1415819303
-694870728
-474094473
-1141648883
165078146
-1049231817
-960056708
2066742163
964008110
1113462446
1329213958
997420173
1100272153
1913371535
526203131
-1017022884
645904240
-1959095263
391812433
967801178
-1072263849
1937250512
373138166
382971037
-479138704
-742619973
978570629
-1719185287
935510055
-798747094
-1969527773
-2126682607
-96832615
-765492126
1776634694
337376199
467950682
-88463537
163596639
-1291577398
-1207442559
-643980167
-1642104670
-726836660
-1936540321
664152620
97111385
2015654474
-1329500669
1215154118
235462075
1402334242
1418148097
-1524897703
1229332438
1411602626
1753919955
75909698
1989232994
363792602
-2138821741
57005
688290907
-1470865433
-906756504
-383985910
628439378
-251733202
-975352291
-2101801274
1209668437
807525847
1715163092
-1485690002
-2101543077
572121055
146336828
463820768
1836869326
1667754334
-960711933
-1392756582
-1391505334
1287566028
762946488
-825294364
-10620366
1628030709
-1788948343
-794814752
792202712
-253471856
-342248035
1801915031
-1181434998
-1758462116
482610560
331581550
-832381565
644874702
736852972
1658130485
-783647246
2025985982
1050889241
-1221000299
-722778697
-1634761925
-1391005612
-477182248
1628584833
-1291642918
907122760
-871361874
-1541870517
1536148020
-1476445011
-53314058
1795419524
1613441781
738893760
67030414
-81504124
-692543841
1769108823
57005
-855139306
541657107
-338809502
2142788602
-1256802845
176742460
-837088049
1416580225
1771638978
-1357095715
1210285056
525265342
69453555
1135097716
1957538943
1746602379
-1862286325
-1087276406
629260268
-255364158
364901321
84238006
-853118539
-148467452
1354631414
-172558479
1753660718
1613298737
-1101725317
-307598489
-517061970
1903357440
-384259667
618776041
1255214331
1199809786
385909143
-1667180617
235975176
81921328
784794318
588081413
-1126550313
-901571356
1139287246
1635107566
-114517742
-28316964
1972559104
2012539483
2026298740
1113499103
-1346977095
1455469529
-1521223401
-198436900
-1784978913
1862171157
236090197
780570921
385172887
1267526377
1938573267
57005
1354393578
-709637109
-1671179966
1781118423
28713352
1488138376
-535028309
11842205
1093821848
380396245
-1744168930
1075206576
2077942854
1284634931
-1475152221
385826525
-323580848
-40444509
586740421
-332067270
-1499747941
-1377210456
1207769478
46715704
1071587436
-1739635752
550386559
-740990568
340098096
1066869248
1152266725
457968725
1588849832
-1764318223
-1975400301
1966442080
-1591965506
858272834
-1565598609
1237634297
22282340
-633666745
494135543
219280372
1614363246
714746483
1947642561
318197301
574572953
1335285989
1211378396
-1494498682
-1327112913
2043437182
622127869
-449377234
-712396522
-1919992693
-1264244870
-1241876742
-858959719
-281796664
341683543
57005
661564662
-32498313
508177429
2133009438
1673620504
261071654
1857032291
1225224847
1173814608
-109346740
57905260
-1879398458
1478272071
2115874419
-1928559291
-1734294392
-1162178126
-189545646
-720131848
-314825988
98879978
1469323475
-467548662
1077585532
-776518838
1883961837
-1814700940
-580199723
-2122405180
94696802
442866250
-2064451904
1677821720
900137468
1147203295
1917284557
-297417441
859649828
202412325
-1391793812
-437102914
1793820443
-586717134
-297538043
1898678724
-621038890
-773136678
872151027
-1499351766
2115724613
-1683231642
1243478750
-889536902
-1627485591
-138585836
1585164767
753982351
281289857
2129652778
1001823285
-2011638617
-807690805
-305021138
57005
-1491636982
-828879491
342495079
1718846209
1784074293
773198381
-549614178
-362462021
-1628899916
-883069495
-275979484
1922202420
-1528504048
-1547153505
44839991
1928513473
1676496438
-927387147
1014695580
83035999
-1988278811
-1971457052
714643824
-1200438173
1031076300
1483040361
-1057340598
-573659958
209188940
1313370808
-1544872380
1417188246
-402869197
852676803
285181840
-822371289
-1291486580
1125584190
491232781
-992370793
288185651
320922763
-1279332
2014038414
-920718035
-1186655829
-136934580
1670946612
-715771160
-132448952
363139005
-983871659
88334792
-2078591320
-1552897718
1923521779
-395627461
-983835091
1462883465
155197909
508566526
1350909571
626564237
57005
-521419735
-99160662
-51950904
-204402184
-303107980
-1994425641
-1434440056
-1088507852
-235179524
406031180
1589142668
-144033423
-152755052
-578123158
129137730
-991071134
1269757419
515380389
538927286
1411756797
1401393314
1061521236
-499897101
-1594939315
-1423936384
1441088359
1050255036
-618660288
-326277419
-468907988
-992476017
924257288
-506150095
1534220695
1865324780
678077147
318497847
2012928822
-1950827923
-759140260
-517372984
-533307513
-698023509
1397917904
183168784
1041449540
2065584857
-1855215178
1377874217
896256965
-452527890
532333447
-365870929
621345661
-822176282
641804967
-1059045664
359589506
-1486279005
-1158340906
132517380
-367464805
-631871625
57005
-1234804092
1374602627
1917293451
1891981744
1131640170
-1826286865
2006228502
439976627
-1016906420
921680133
1920571450
27394066
89140365
-1166932848
-429148846
619505241
-1895185868
-677697066
1890007339
-1302593067
1768713695
1206749994
-315732183
563775762
-655582037
-1844945327
-2104982242
1625035377
-527273299
1243855871
-126078306
-2109571021
-11948501
-1603062667
1173533237
1647609457
-1030845075
1972060541
1758890598
-569330431
1811238020
1853821794
-1450611511
1108925722
-833754376
-1723488613
949813896
762819629
-1077844165
-1571185249
46342417
-1132099569
-1858723224
558952060
890535502
-1400228645
2077918701
-103866079
1348616006
-920072746
-1986626680
-1954296710
-1755771309
57005
410152395
800968565
-164281245
-2144039306
-1115956672
-2124859508
1326076820
602458890
-1709001004
-8071671
86122205
1433014791
-1627504392
428464753
-1961678910
115974389
2121354287
-932290045
-73538672
-569363944
-1530371925
-425405485
-1069203897
1360508033
772724538
-1537331436
1771344970
-1321323197
788121036
1906083458
-1760913372
-301057876
-1065644612
1638222494
-1376616401
-274916059
-1752893487
771442123
561641806
1989557760
1243489716
291758410
-1592877962
1299681616
-1135151294
178394705
-108495027
-1662310876
1345062760
1856991147
-517265878
-1340390025
1678269113
-1078489791
99431996
1837679868
1540044169
1084620992
703196763
-595806602
-1681069818
1051785006
-1858045173
57005
-48059872
1463859883
19085820
1672031955
-1825617500
-1203619387
-1922288007
1433346913
273713403
-1120596952
1301141958
-1760426318
2132302258
-509509651
-282488406
893009105
-451141561
1190308217
1713381659
943361589
-1037402638
2110964836
17706280
-1764309984
1938075642
1306506232
1582635416
-399557019
841860158
-1827027782
1665402436
1783026009
249024971
95088251
557206003
-904921267
1702331880
1535683182
404575988
-309518954
-98410461
-1198904011
551578298
-1874986075
1991323257
-1098882355
-879150127
-2013727696
-2002081216
1015974669
-1280892744
1394354019
-1438939981
305155865
-2098662405
-1923404150
-2040303669
-1028953294
-704359822
-865504274
-897429935
639764068
-1022265148
57005
-1604013297
1125163618
-1081373274
1180227578
-78498115
-1182458731
93670500
1374481061
1903423918
-2045545277
711670291
-2050240425
-789280453
1480278884
1599304783
-1548700297
678132955
552788750
-918230333
-1905082036
-1916634706
573157419
-1586321591
-1021365444
1187586778
1969201433
-1409264538
-843641923
1004874514
1535086396
-191100527
-1202625024
1231606923
969806072
-826760314
1762878554
-1838210595
-32418399
1647432410
-264056809
-1797381426
-597639406
-1756273508
-1415669203
-1579848395
1276786708
2095513538
-1572099146
1347023229
1534596935
-1935487732
101170026
736889341
1600668640
-1087742150
115852111
-421909632
-1748042492
1648058514
-685329449
982805014
-780855730
-319699800
57005
104180261
1919308780
-1655807286
2142761816
-658597388
-791062460
-1679901157
1305608145
901057190
-1585817626
1073252763
-1589444076
-1407398759
581437300
-1033274723
749264807
-3849024
-1362578217
-229905848
1673826309
-1394728091
1590085674
-1708541363
1871010292
1058825187
-985868350
-404644832
-408750395
-1055890930
-2043236027
1856161506
880181847
-1669023690
-814480057
507345237
-495342813
-2145001975
-1154526561
-934880224
-1261213344
1169253564
-24965747
1505318479
-523478826
1687371457
-1856448415
-1914285603
756390979
-999546431
836917038
-1831551210
-1407217968
-773188154
10921419
1532875427
-1893232505
1886399869
-1188401389
-2144627168
1062773250
-898365759
5145408
93050474
57005
1159492428
1674745000
-1891014848
861517851
452796714
1559064414
-1108474195
819053817
1681855827
-2031516215
-1866973907
-994784748
654626863
1406842831
2147145339
-2084606801
1881643622
1038252276
-112199082
758528748
-1218692017
1434904910
-1420333188
1312801465
-1805723268
716566753
-1444603089
176883590
1020343405
-1859121624
1802312247
1598978282
-1393188793
1287107432
1918241155
-2052312153
106951381
-492244327
-867797644
1566355388
-1953691860
349252708
2040504901
-1067140709
1917171055
697226787
-1185086922
-2137378485
-916061469
-179930328
-440257763
-195638443
-102010081
-257658917
-650910679
-1931156102
-2019003702
544856773
-1430907478
1085929590
-1368856998
1290058261
1504927073
57005
-1674411306
-1619112096
1093190517
1012044663
-778246100
-1868253230
214355976
-1167166465
-1614649894
1073714156
-133427430
1243138328
1761456134
-1791741682
1266837038
-1128372829
-1240218612
-2035125532
787106714
-718017358
1891347571
-1782532340
393095349
-1008563173
-971306888
1757517307
-288412369
-391149044
-313631772
123409075
-790666597
104668286
260062140
1473644177
1302228075
885719837
-293435772
2115619327
1284246215
-1398675884
-1894085114
-1118194795
-1532977575
640724823
1963720489
293834287
-1470658384
1849717761
1257562948
-573819774
1435968215
1060354843
1775861379
-894756020
1890074538
-1798970209
274265112
755959891
-1582931399
-1851973376
-1053333566
-616846486
205234320
57005
1594756269
-1171202805
1083398666
-263763398
-650009132
776423284
452988232
1356671303
1478290551
1620558326
-1694648654
1708999138
1088442484
1758196638
-1964154576
-262797625
1646351338
1349613699
-1838716025
-998227361
-2012599256
-2120609591
2075832989
2083681870
-2133157489
1195145620
1458272439
1389952403
-943354979
-1939868040
111924603
-602664098
-2092187794
449657562
-1093101124
1945499199
1973491281
-2108866217
1159790065
-1167578228
1491116561
706863090
-452450
642407492
-2135615498
-2087383975
-1044140061
341600592
-519688849
906389580
-2052603073
-1299442220
1733462071
-51365695
-1507970508
1296578163
2102092583
-1118945459
1151041409
-1389549860
372166128
-207961489
-1018177728
57005
-1682476388
-1994866790
2105909984
-976022901
-449030316
-1000379623
-1802398710
1397737323
1235825514
164191894
-1270734061
-1500250964
-852657714
-361741794
-1221292400
-178191841
1568227751
-2106438332
-557682674
382030576
530303517
1671251565
588471456
49923179
1761842770
894435949
1657122447
-665363894
363230738
1178519579
1481512335
-781957101
1550805548
-160155755
-1954015027
-1310049279
1655069388
1240818877
960030382
1328062275
1053027410
928287209
-492667334
1822825788
-1190889515
1709796442
-1579783603
-375188714
-994457150
1015301370
632951418
-541829118
-1417440705
-541114560
277074860
-1122570906
-44440438
1918052288
-846096176
1258367468
-543562327
-2100408557
600844476
57005
1023504170
-1958832458
876209680
-2067375302
-399869176
1173110649
-908701823
-1409630314
-1728767638
-1769716340
-1635146696
-234851240
1440684168
-1422884810
-328364381
-708142207
2094449787
1815070222
1680683428
775004828
1924754971
1484128169
-1259122380
-2071493644
1202950891
1367235515
757025668
460219049
-1132881554
714457692
1832852966
-1852865770
1944870275
1106606454
-2003575128
-1657106840
1912991218
1020392599
1844820949
-1957969314
-1824514162
1024848222
-1942127894
1089914263
1428863896
1809483284
1018019640
1071507814
1125075712
-189631797
-1078821546
-422617691
1847417696
-1159021529
1106936147
1002579023
-605645432
-494706179
1943315038
-806597840
1347764767
1191983089
-137937219
57005
1965177878
-870033580
-1722208005
377878703
342673027
-36316018
1435516222
-1930115864
1548550662
1137386198
1804759748
-933911395
-1599305325
682514528
546865507
-7696229
-2027443419
-564706060
-395635365
2012044916
96553495
1299428466
-2093425979
805322240
1506490331
1408401986
-36992251
-1096052863
150535641
1707711085
-1391492802
-1018193360
-110307571
-678081725
-619033713
-288442138
1590275018
2091005041
-796709547
-253376339
-1133331764
22845118
282332031
-965462579
-1391701172
-359509275
-679015373
352979499
1852143975
1826605145
-1031638676
1431080310
-972714700
-43564927
-1539984283
1691864778
-687182691
1486663160
533797906
829316538
-1932679364
321648703
-1685282334
57005
1339109143
484769145
930423150
2002026201
972721892
1120515088
1451613684
117077263
795249353
930696199
-35035281
1354295679
-926909091
-1910224573
-298295512
315672755
-1286917730
1294536980
48835581
-1036270556
531003303
889687868
1024067934
-919217229
-80135091
-1761629200
405469615
987535870
573573164
1129000528
-1406179257
1737288965
1826977699
-837066788
669446546
211915923
-421711031
1905290302
1889759885
318518663
-1630091649
-1205759134
-1826475163
-585543952
-1031497775
1556048057
-1899269210
1190774853
541415226
337825330
1513589881
769214532
-681168402
1305711808
1489184286
-1902662994
-291355789
-307910605
-2092550707
2020771227
1894700885
1841736853
-1028863453
57005
-2061006841
-914061612
2030632711
-2113077015
-1963048267
-293840280
814484169
-1562299044
443018397
992199501
-2121344607
-1592241163
1482176616
422687386
-972839359
-1768062686
-1309044985
1902858034
475236606
689468426
-560967229
60157464
-957920775
-1515394777
65197232
1731335658
-1227314568
1752739478
66714344
-1159766481
163329334
-1048041107
-830940839
460065984
-1956100103
390253864
-862578506
916460889
-175465371
1221952578
1660779293
-148449265
-1072239037
935517835
-1896965542
-619155275
-1027841291
-917225169
-661402842
-636286006
1215206905
-529104872
-1364555940
-638384637
1118871463
-490159470
-150976957
-1531582881
-2065778636
1870210090
-337325030
-448898650
-720145322
57005
2026229243
180434167
1785620483
-1506301414
-721784326
1537605121
1740024363
-1235248256
-586217131
-1409014524
-1841989345
-9009022
487127431
1701933095
1546217699
-1039919968
-1535354416
-1020243318
-1368669142
1693062914
2146460540
-180168769
-1123360779
-1124299532
-1154680908
-2137704973
-1533978206
-451409392
-418039614
-50061971
-1821185750
1822342455
-608308636
-849778323
-2075176858
609788110
41001414
1091292266
901264072
-1337007993
1671390545
-1782532513
1144688720
-739217149
107006560
422865194
500123203
-1207262015
-1041654534
1833584499
-100944906
-578860965
1644993880
2143077850
1526880702
-981966874
292377131
-2095432625
2078090184
653182566
-395190495
77153955
-619423442
57005
-1352585337
1613377733
-1937736528
707094157
250345099
-1803213183
-280053052
79998186
226229987
604654607
1328591164
-1824734520
544817666
217757677
141709489
263706323
1774381519
-1631427049
386990310
1622809535
522307164
863633588
383322525
769596077
-1580143001
2022331435
-1016619825
-453506868
747632790
1670228294
-453178581
-199008522
-362477186
-446817979
1823619608
33282605
-1073878274
1647298288
-874111148
-294528344
-375578779
277395979
-13693260
-1040438857
-879192524
-743638629
-237161762
491122493
8676937
489956055
336652111
-1034559555
1423455673
-1182774370
-95337912
-74321047
-554522604
878779985
650326773
-333759020
-848024132
-130732224
2143825285
57005
652342859
-1459532013
-1971232644
1942231735
-994593926
-1207507221
502305350
535430161
-1676011336
-1308764842
-1026857391
180493720
1324184031
113402357
648986681
1618454345
-1345996139
-221294158
-530852116
-1334188956
-960403314
1275777480
-540180341
978495319
-155041297
1833537958
-2145623053
2104241627
1350423272
-2045869523
-1664976804
1645817786
87763767
1701557182
-1177609034
-1910550696
1327256542
2142922944
-248250145
747819171
696355116
-1567298790
-345926820
-1620547561
150761235
-967516759
142110688
-1212958565
-118351857
287124095
-199659142
-1556429593
1370223941
2088308939
444358016
-209302590
-1679725343
-1765955414
479521030
-1583295326
-362028969
-1608332966
1787659179
57005
490884177
-1864574138
2100297089
914327765
1564054156
357572699
1723015950
-137322836
776088006
478031418
-2100800756
-559930978
2112335854
1979622501
1424927358
163188609
-991817187
218368320
126499982
-147808393
-1306124450
-1962166158
-1362109895
40778158
541913575
-1164738448
2084473231
-453915733
1181047674
-2045725722
1006241470
181143196
-106681530
-955368783
-1405681676
-123931627
1064996113
-772081697
1624764865
-2143984616
969466518
810646476
-662582528
-18053255
-296124091
1486237427
-184981696
341610641
-459186951
-1717457107
1477553406
-771687850
-888560063
-1515322043
-994519409
-260670703
764778469
8206919
-1818963694
188936372
-1019627823
-301243870
-1475203147
57005
-1982622551
-1169129454
-1827825480
-1325042191
-2081891057
-694623861
181477601
801347591
293193794
-1316743509
1117881357
-1256081668
-1046803763
-49979608
-414927092
-840697860
-1384942845
-1624598988
-392299256
-875606895
-627742133
-2083155094
862714294
1410381338
-505638106
1136245430
1579237749
1465776616
115989233
-447751677
-879308345
1521267344
-1038962919
-8344924
-1019931014
1472519371
-1689953803
1832464327
-1759542460
494029141
707199110
-460425849
-911759985
-684889069
-1326499517
-1294759563
1935707383
1562239059
934943907
-1351501115
1200423666
-1276755846
-1625131173
-1903915471
-1382470703
-1005531759
2106665034
739966468
595090945
-1480886113
1992023300
-1055570328
1751146235
57005
1851180723
1064223004
-559270065
122230334
1827344822
-1675193756
954014003
333879249
-658485264
1003707254
-734974663
1878068597
166003125
1712869293
1544757114
-49734964
954405239
1927776236
-174061453
55924442
564555743
144170024
2113903458
1062104400
-496609336
-1153766842
776085221
-631926161
-996454116
-1149517455
-376920534
1205759042
-614111770
-2031864153
-325705235
-857275122
-1138647001
-333365100
-220181765
-1694528615
1815611517
-2081463657
283562432
1726850717
1126619636
596409654
1370306203
-1377169115
540596815
554737371
1868036480
-1548369267
844870811
-220247082
-1557756185
-274479448
408085641
2049113385
2090620644
-238623313
-1724203883
1254038180
344644215
57005
-177272561
-1864871096
1047877421
-1850573296
-919574575
435855779
594881634
1365894364
1128922443
-1837011405
-351968507
-186723708
49998954
-1454225469
1192191128
65702617
591146199
1439753890
1183858429
-645273071
1389368511
2038865252
263475438
1638981334
1613122906
-1267608575
-2029893924
-1313245646
-1488468835
-619517088
2003443757
466223238
1743724111
-651249076
239711560
-1750968265
-1360838176
-1372605829
628660324
-1523371377
-1037435520
-2049742941
912789740
778211553
-313188294
1486423581
1571353506
-37371742
1714753372
1633643990
1490151729
923064017
1577404144
-488730567
-531003307
-1788766643
-1499600131
-1297420505
-2077757056
-1924749172
1254521713
-1864557034
-1015909806
57005
120770732
1066630070
1877382563
-1872613579
-991241786
-302035620
1510987189
1689513378
-1760662892
303497688
540850701
934478239
-939289790
-1285994568
-1445145855
-112097037
-1715868389
106002615
-895079043
-1233511139
797063509
361298333
782014840
-1435003366
1341636753
-427930772
-1575426113
-467166854
-1706259852
461249297
1772040812
-1265207082
439228342
-1401952626
906539944
-1849498916
103460559
1209891579
1572226909
689833577
891792626
-1579661522
295271539
844298758
1704260176
971106949
-723167254
-983237103
-59181893
1650039645
2019203114
-939895783
1226295686
-477114321
909019228
-1144691804
1024167390
-354379631
599585241
1538921754
-661213199
516209363
-1868538390
57005
-14653914
-857452130
936727784
1489408713
-1845257787
-1100812568
1674219887
-974411270
1223489884
-1959881304
1707239918
-1767144211
-1997438878
620012013
653309749
146508523
-516642431
-918340920
-1367159182
-1260629
-869305606
2020435196
-1562192815
-685043025
717610759
208105437
287506178
385257280
394134180
1384329326
-1516887427
-154896810
-510633050
1048659874
1998112419
1887852153
879713657
-141049928
-1078747886
-1502904043
-243594480
-1801192309
1921509961
1943880536
1193057169
-441732210
-1561938084
1387838110
-562869351
1536894095
-1871753927
-926647872
-1639891546
663962270
1139823976
2057189579
-1716884455
1690312221
-655508411
-1801120839
-1682743451
-1765191498
-1061584198
57005
-472825889
-1405614676
-717855576
-49189511
-586220223
-1905382046
-713066463
1428144760
-179911312
1900338736
-1515089412
-1167672472
1022751520
937638303
913713218
-1737424127
-976765357
1671337510
829229706
1771881463
1838533794
650351670
565852671
-2056137812
-653626225
-2236540
-1609927797
1384372733
-1507568587
139565830
1828392586
977854280
-1538780792
90217243
1798239925
-557185857
1284945703
-1302104566
-800111021
1236851008
1684915211
675414549
-1306030557
941501998
1908443105
-507200568
-35188680
-1612096360
1050875587
673227305
631056168
-1443727032
184911794
1638647424
-1470505262
-607433489
1360907930
-1480489531
1470344243
-243793893
-1704542908
-1284613735
-2014963602
57005
-242286272
-1713729292
-1771374153
2125318517
-886810840
1376407125
-1714636117
924610493
743478783
-2128517394
1040293104
778828197
1205911566
902278111
465477824
1456587944
-1853680076
-1971948270
1845050647
-2139284685
1888998553
281062923
-1048327429
-1193618905
-1484313298
-1076791734
1494767339
-1468391596
1467601760
248705408
164731513
-1139734518
2067861861
-1377975987
-1289535093
139329692
1315003172
-1407234993
1270470155
-1731457262
1893521842
-1086002672
1666255449
855126223
1526212685
1110024553
499578525
1134449971
-657676418
684612817
-603714549
2134712249
-1242473024
501112723
-48974241
1119190779
166086423
-1403433079
-1412349090
-890408977
2045620443
1065967451
1061823824
57005
-1810956072
718073102
2147035242
390418756
-1985190252
1373072142
-739201588
530848217
-1704883970
-1658874744
135979894
-2076368398
-99253632
393578253
-550112313
-1471919419
911344580
-918505768
-280660182
795909082
-387741641
2049029529
-636016203
-1592521893
-13442264
604804217
-1701127783
1102972379
-1624036162
673817600
-1019099026
36877088
1459139976
-1963269301
2140245692
1015973851
-358469672
-1820226984
-416342738
1094594168
-587495248
-832207253
-2139601474
1251758600
1039857014
-1866864516
-1206800330
-211142185
-1931579873
483232483
-2010195814
1060465608
690800098
-2105076255
-1253759635
-718198981
-1534033670
-697834219
-1895721903
1358784104
-217038664
-1449583622
280716669
57005
-1549746444
-1825790333
1728495646
801856400
-220106422
-960679848
-1290832410
-557270101
11826410
-1262935706
1437287851
374538565
1433621181
2084820465
-1358740655
64284345
1119241071
-1126199541
1548087310
-2072495586
1341170693
210151423
-1872833484
1620713169
-2064341932
-24755221
-158065370
-744466911
1776391536
-833432017
-1530698618
1683413295
-914978523
1189066935
1774386725
1445385048
1175466022
-660230936
-2124056607
-259568948
-1555016875
2139853033
1055801799
-674069937
-2065488672
-1993924903
-1589687965
-10608444
958169693
1858977751
524865574
1421011301
1511330385
1593751851
2063115186
-1718506125
1625985239
-479573747
532582591
-1709163075
-124914666
-61460886
1600572434
57005
-191032572
1430231229
399165071
-159369521
-433643855
1602422631
6439239
-1100551528
-862844469
-274133122
-1444499618
730674386
-1465489534
-997083192
-713112469
-1808384964
-304543314
-1630630838
2087499530
-533679980
-791559051
-29740937
-964351073
-1046689250
-141122073
151351821
880159387
2111229207
-1585305291
-60070110
1564772198
430420886
131811234
1752688005
-2059594755
-369779695
-2101145087
1424821761
-317344372
1712085606
1208327707
-1260251173
443537630
1680462371
1872136868
195907990
-33670873
788219220
-2137066885
-1472755569
-705627107
91130656
56574260
-1263621693
-1975418475
-1653196198
1601701932
-1255331480
777705263
-778358066
1996553941
998243406
-566607691
57005
-353528607
269728259
-1427912139
-642714418
-23809457
-743001954
-159085959
2005286240
32311185
-2085089488
1805110122
2063494054
-610855292
-355308709
-1617216301
1988193674
-1826092148
-1162156990
-1162337456
1006123311
692706403
240340468
231999795
681512982
-426282888
-1029292343
-1060270719
-1584276740
-840957556
-521907362
1885770617
2057704491
-1934152008
1110180953
-1536008284
-383486931
-1638860568
108524380
-954408615
-284114110
-1766048603
301017791
1647702004
-525998405
1033624244
-1236154778
-903706026
-1212142795
-1585846758
-1227474419
1313004188
48866468
430014926
8736662
-161388891
-278602775
998376760
-1346145938
-459553160
-818160627
-1645935529
1139110229
134781739
57005
2111779895
-242215589
1341148834
-33958506
421779371
185637028
-2069114080
-1474641232
1266986775
-1076463469
1602918607
1082229328
-1388738317
-1200726042
2099028495
-1769203875
212884764
-1564476933
408251802
-662446204
954950168
126783763
-1200426631
-1194283751
229343525
-487509283
-1368273233
-859175014
2079511234
115757949
-2105305390
697391830
-1758778932
378190403
-2134526108
997370677
732739310
-1590507402
-326280551
-379077655
-989270686
-2091283353
1552312279
-1826123324
-405292734
1289182191
1854436317
-1146737872
-289807364
-1538018909
-1482790859
-287439249
485081364
-1984257470
-307747893
318867863
-196689134
-2036213799
1849291313
-1205847830
-1759443443
1918926621
437702355
57005
781401741
381779645
1786336894
1411053816
-1783028789
-714972284
1473277478
104838178
888964548
-1954476984
1988165608
223610228
863270234
374208717
268652364
481671572
717266857
-1125216443
639606930
627052386
-363285496
-21417275
-2033073713
724198596
-1826455346
-2146154968
-1353058588
1264113676
1099784356
-220708074
1490065458
778592905
-1031070101
-2136728973
-716455418
-779037858
189988260
-1661315315
-745339545
329296298
1949811951
-1805754737
-1670139407
-1723523523
-520630173
776890122
159708074
-574764187
-1598419619
-1458859753
-171254823
-934002431
-1063301033
859547862
-540620484
1209997626
-2025063565
223425351
470184327
-1494879659
-1468194896
-2053805466
1737885391
57005
-1983024112
-1061972310
2033343044
-639415352
-171099261
763518790
-301887980
-811463369
-812054043
-738563173
2145459963
1172868263
-26986465
-1895640664
234508696
-311692060
-1458151047
-284801587
-40519847
904511404
-2114001987
-599982131
237289828
-1851520407
-229347998
1685538845
-1924441292
-715628671
-794319967
-1358892473
1749328022
-453056411
1696259540
-1979886297
-59831731
2115473380
1882440729
-946874249
798712626
537747250
1111281707
-1537940839
2001253386
-67360485
-254100737
318163760
313973396
682271267
901968054
-1616185256
-352438000
-217324985
1398797881
1398670258
850351646
189560288
519338492
-1968570928
491713166
-655035833
278621864
594129714
-242539316
57005
-698672014
971854386
-1992784858
986929156
1197388081
-1287429774
-498369644
942023502
-1940948999
1934443775
-118618215
1609028310
-339762482
1486903110
-743588564
-1590906400
-1635616451
1452948836
423267695
190327540
855861395
-993451521
-1268784354
1250359526
-504597724
-1577324551
937611027
-1640937215
785597979
156189078
-1460491244
-164886126
1247859565
1053916119
-1038859164
-1873402273
-760760695
-2028949329
-1668673700
1924557088
-1155025627
-1300665013
664241413
-976383978
708523055
1788285536
-267467616
-2125051831
540878827
-1946482128
39012311
841810654
-496695211
-1943087717
-548925123
958190679
-1556193036
1848111169
1510987668
2124613928
681492744
672931607
-738067854
57005
-1144710636
-1238097645
-484125047
1795468981
-1408751666
759187408
1393855815
-2040802832
1673613158
2146504393
1421969470
-1020511238
-2114521055
-849649177
2112626202
653080164
1284717364
-2028609843
-1239672550
-806310066
-1844043601
118298044
-49553144
321415241
1577284110
772315871
1107475305
1440983210
396746789
-1046361874
1185572789
-1461318388
645266360
742526651
1429405442
-1056323126
-1650581325
2057195815
1633111453
-1001292912
581265105
-1284708317
1024265282
69846102
1780231272
402230875
1844827408
-1048673625
-1740183053
-543417366
1784321309
-692366798
1029734837
-255274354
29956075
-699279890
-1065406056
2112453196
1432901424
-1886751284
1316254546
-804387027
-610389927
57005
48830
-180916442
-1253733672
-212257358
336558642
-1340927767
601130914
-941406197
-1368551081
1857679568
110032154
-1900948064
-761168121
-79409495
-471199130
1091560622
-508533742
808773009
-1475666958
1640489898
-889014274
738827367
-1886880253
877447986
-1453777393
1870475417
986154035
1780237129
817921250
1367403707
1579915444
-1518735318
1096844130
-1502465061
1835592188
665977359
-1878386763
2098963433
1973370894
-1598792578
-437275338
-121955413
-397388409
-684502881
-1522967523
740682635
-1265831068
-1348911928
458088319
-555100845
-1109834817
-625004980
202999165
253917669
427376543
-1164130837
1984455248
771185696
1353259236
163422759
1175189925
-35849409
708569215
4064
