-2378
-7075
-10148
111420
-57355
23634
-54737
-27094
-153192
14602
186462
-7519
-3743
89644
-100941
-100826
141070
41396
-70121
53240
-39362
22823
-29032
68817
-14085
100140
-81499
23793
51654
20472
-84414
110743
-75589
32773
-39025
105712
26052
32417
-30311
-24919
168937
-64934
-180394
-157980
-100536
16939
-116395
-9491
89646
65528
-12822
-42011
-165633
-111487
-32357
-38650
-29720
84726
139425
-160474
28663
54585
-6941
-135268
-24449
-75347
-43538
-96385
-98112
-60618
77785
49484
-7385
39271
-77013
-23262
-42010
128412
-156571
148598
97983
91145
-154126
-142588
98709
-72705
57516
-48721
90917
-14265
12759
-48013
127692
-37285
-113085
58632
-64240
27458
-16971
2517
-111667
-31332
14397
-83672
14649
-83976
21952
-38979
119308
137491
82028
115299
52010
-4229
39648
39457
-265473
39887
-77455
100754
-2241
-160688
-140203
-41807
39138
58414
113526
-109818
-96053
52554
-87344
67333
-103339
41987
-97124
105906
34754
-17203
139094
-104370
-122374
130235
4787
-52213
44084
-11696
264425
44940
90253
-855
-34616
14960
-109334
-90892
-178134
-104524
55864
33901
14901
44004
-50909
22951
54774
74188
218588
-84682
78228
-24339
70904
-15085
27402
79990
-65367
-29808
-71447
-50112
-73713
33076
-72914
103735
-34140
-42570
-103917
103129
79884
-13931
76809
-60103
-130277
-28512
44174
78474
-98483
1673
-45464
-23135
-107666
-35345
55476
73558
-47094
-22213
155715
172450
-77327
104759
128736
-48293
-38071
31596
-94082
-58971
153211
-35420
9776
130119
-46619
-97367
-7529
68186
116919
11682
194
19475
180541
-55175
87012
31850
-100273
-34916
88126
-34890
-81083
-20535
-2401
-42034
-23149
99452
-118
-25397
-32306
-79849
-99313
-18507
175510
80911
29798
152948
-26093
-48602
60387
-14478
-24386
-2085
92207
-59814
-127880
-74846
37058
-61092
-101795
-30710
-62595
-21970
-41238
-68056
38496
-12062
40631
55221
-118334
73677
13055
-57378
-44965
-20565
19154
94539
92716
66217
-92105
-131038
74226
-15976
-33381
73781
174083
193058
97585
30882
26455
-86471
-25096
77449
-140844
-35954
84275
140357
118721
40749
-8515
-120627
-83828
15126
-123714
-68200
119113
7276
167726
-118996
-98714
2098
169385
27164
-56974
43525
-40922
-78648
-28887
-86991
51920
-4337
39111
26801
149749
99881
13738
-45425
-85963
1200
23176
35523
77824
-136640
-3425
133529
-216237
270542
35446
3117
128576
-43504
-123393
-105940
-1415
51669
-73133
-30310
70534
-15755
107201
35081
-31892
-15407
93448
-92198
-44566
-30812
-142099
-104892
-69497
-142196
-67300
73608
-91048
-73487
123363
-9550
-30126
66554
-14067
-53060
-19127
41979
15759
92325
66076
96508
19011
32532
-2127
-23705
-55261
166261
28094
6429
-17171
98286
84061
36061
1475
25567
-78263
-65069
157953
-11343
40089
2922
128152
118986
-162206
76581
77405
81052
-3689
-21571
100346
-82258
-25645
-31950
-68391
-106304
250
8209
19674
-51851
173983
5577
97184
-20208
108384
141121
34435
2259
-13803
-81438
-58591
158631
-48017
-85814
84093
85759
24567
75932
110255
44508
104296
96387
65961
-100614
-38732
48096
33544
-27851
-10037
94225
-57582
135931
68247
73824
-781
-160527
13766
26296
-90968
-31517
28343
5125
-45289
92466
-71052
-20920
-74730
-29747
-98850
-29019
13945
72845
-228774
95713
-18367
67795
46707
13732
-9988
65446
75953
95583
90282
-127171
128803
-160404
-97494
-94906
-129884
-23388
-165765
74912
32565
-25359
39006
-28205
43890
4136
-50847
1955
92903
-58889
111796
-35731
-65471
-96553
-43297
21390
211013
102642
-58566
41387
75865
71395
25155
-4520
32363
96383
103471
-106660
-7669
63411
-12857
-57113
61697
-5922
-120794
57420
84278
-74883
-67157
-22999
-138112
-18717
42782
-92913
-128138
12264
-35859
62871
-123578
-48548
132510
160146
24642
93425
-221648
89536
27473
52315
77370
-114928
-14720
60703
-35963
86432
12252
-20543
66116
114184
-638
85406
-18578
199809
-5581
-105220
-26699
-151018
-6512
21342
56285
102785
3196
44106
-4077
42517
-27759
4181
-30165
-62493
-55795
62126
-59200
-27066
-42761
50503
108654
-42213
57835
45492
-33604
-91045
64597
-66067
-95141
-74645
12190
-114339
11023
43707
15225
31032
-181539
-109298
87173
80205
30437
-26821
-4546
-10288
-98217
209420
15876
-57421
24762
25563
20859
1755
-61165
-131076
-65560
19762
-100408
66413
-154038
86464
-22827
-82744
172788
-64089
-128865
33034
-218880
-8237
5012
120933
-67036
-29857
-13081
-10818
108706
64528
87377
-3584
-84870
-49689
-52486
-129312
-59168
23304
-45561
75502
62470
35372
-176343
-10067
49587
85885
-40642
-38972
49675
47413
-83229
-476
-146248
35621
-7953
-55838
-16610
58966
-53490
119389
244298
19593
112174
-21360
-179395
22263
-79671
-19662
-113705
-62937
-153086
-7198
49117
-157307
-115393
146873
129939
92051
89454
-49412
72233
37900
137270
-95353
-65371
-68270
-62975
21348
69010
60631
13611
-70882
6968
-5554
-18134
19492
6937
16802
12911
-30820
-39307
11822
13321
-47219
-111647
69887
-66054
124312
-34116
101272
212440
-23673
-54765
44075
149127
36685
131902
30003
-36657
27415
-121034
-167844
33909
1847
-283650
-68064
-57350
-163933
-85458
-89810
-43116
58717
43914
10200
-69823
21918
101464
82159
-148983
24917
80091
6953
166368
58553
30094
-28291
56298
24719
42734
31414
-205933
14980
-117193
-21954
-13313
13517
40247
-45446
43714
76834
75269
105719
125525
136752
-138274
-63003
-43965
-20494
-29480
51033
2448
-108429
6231
-15394
-27175
-146986
-8209
99679
-97925
-72888
-96213
-54749
-40041
35692
120092
14485
89357
63099
-54726
-41753
-21261
63556
46006
-136987
88839
-39992
-74139
3697
-3104
76803
-121306
-15715
-19078
58548
-150959
-55767
113897
-100368
-38831
74751
49470
-49722
-26076
65903
251110
-2728
-122833
-106387
-53048
-83406
1840
131863
-240266
50753
64024
-49465
-61816
34187
-22713
-147533
-61633
33171
34304
33872
54844
75506
-101255
101095
51794
-100331
77349
127850
-138214
84051
-69180
136781
139183
31509
-35195
-94825
53694
75378
-30312
-61892
-159405
-49942
-69606
-61791
15475
21662
17002
199675
92921
46718
88264
-36949
-36320
61821
-57342
-31398
14778
72549
174000
102762
9502
-106887
-45559
26529
64969
12995
47194
-47765
-18413
-22153
94296
23044
-80846
107658
-77363
53379
-13371
3877
-43519
55455
-61675
21415
8236
37519
-76018
328146
8976
-8754
-108669
29751
76820
36603
-108625
19725
89361
125570
-2304
-749
-32915
47265
-43763
-94168
101839
-109334
-39832
2273
-53018
-190893
40642
-125067
4612
-84480
42031
-87584
-70437
10159
-34237
44220
-25846
43568
20211
-33136
19223
-77830
129413
37395
-73375
9209
-48270
-82667
-95472
45951
-32665
-229012
61512
-60478
53714
-10624
-69539
-58811
27886
85877
54353
-183824
2675
-72709
-34796
-19743
-99106
-58329
-4765
75931
58003
-38374
81110
60802
129712
51779
23202
72151
-118196
159007
85468
53974
-116618
-38009
53801
7682
208487
-65403
4010
-67379
66757
-51468
174002
137771
-135719
-22403
53538
40455
-11438
71543
135935
18732
-129565
53734
-73687
-69736
693
-45372
-92059
-15942
-43407
-48988
-42304
-10344
-14550
-58564
-9694
-197244
-79636
102773
-52721
83034
95983
-27381
65025
178927
-98511
28359
-63633
-8373
51862
-87166
-102344
-67240
31760
2105
100920
111160
69076
-64505
-20789
15754
54704
44466
5123
85529
-104103
77167
143445
-29999
-14724
-88347
-10562
23968
83551
17707
-157941
115926
196162
24725
208774
-67913
-50897
85689
-40949
39334
-110195
-62110
16313
-398
-60270
55420
4182
46891
-1148
12883
48786
-77807
61627
59757
45742
-165978
-125633
218768
-133431
23117
6323
-36799
-7916
159309
54774
-106220
-215438
-6561
-122527
-134630
-83437
-115852
19759
-7443
-57918
13435
-64572
-45236
29019
-123407
84380
-30296
175829
33933
161120
-27666
216573
-215511
19601
798
-141903
173750
5424
-53606
13515
37047
-44570
575
81220
-23850
92162
169732
-23363
16127
6416
-112056
-85145
-16899
-74485
-41780
117781
47004
109537
29696
3080
-155282
8510
180745
-21163
-71966
-199086
-15352
75712
-69716
24656
-12216
-116246
-16735
-13779
89106
-77121
-61096
108926
-136854
-52023
-98476
-34417
-25525
-69560
-19289
-8638
-13958
-14683
100481
72801
35486
20196
-63603
-32940
50786
9944
3828
50809
56728
35609
-9370
45768
-39471
-20510
98946
119955
-91002
124655
-50472
-10646
52126
11440
-41183
53184
53901
46900
-107982
33390
52158
-67826
-60833
123151
66196
-33456
-21728
-111489
-10520
16670
-122803
1506
67842
-79144
4313
-4067
9351
149853
-40491
-22261
105317
-2766
56079
45442
-147483
-41657
-9698
-48375
-71228
-175017
22799
-20717
31547
33190
40141
-32540
40206
18418
170504
-46852
95779
95527
45517
170491
127969
-145975
-3017
48500
118258
-92465
91296
86043
182805
68221
49545
-27776
900
-5339
-160602
88996
10259
-5402
-1348
-197107
-17725
16427
-74551
31065
-136425
118168
54841
130938
192724
51506
-13683
-169848
22755
-40886
129958
23868
-52704
-73099
-53498
-34844
143466
-15152
9203
-37455
-278890
-185647
-146809
118362
-31117
-103726
-19766
117176
16641
188459
50531
-97251
-51084
-103351
-75899
-42043
76815
-90676
-45686
-39280
-218119
-214814
-116610
14045
56701
-93497
-50822
-22780
60687
93177
70889
75950
-103011
91353
-79213
122869
38930
-22949
-48002
-136737
73698
50684
84937
86096
181352
-44129
9920
-62380
9434
-62117
-72303
89175
76576
40296
-150318
73853
106325
-15779
-33962
-112706
-4917
21464
-26914
90176
-63168
-2846
76460
-86327
-172683
61685
-17434
-79053
-84489
-58625
158485
-55880
-13557
-23190
-91320
50442
-142622
186602
38907
158666
24700
-15881
-85388
81409
-51790
14438
91376
64483
-63100
150703
-78886
665
-110315
-143889
171416
146525
-115764
82947
-140185
57486
-8403
130113
-51578
-56580
92838
-53882
-21893
27365
-22105
-225280
-79383
-80339
68565
-68221
92197
98834
29825
-116542
1368
10709
-16838
13485
-33028
-120543
137763
-86439
-19177
195543
16731
-85550
-105957
-50398
-234040
79943
-125287
24482
-145999
171640
73618
98101
7186
21641
42504
-52708
134218
-103100
81062
-65066
-45459
11311
-96701
202482
75314
69293
-21974
3281
-3250
55568
-39380
-10480
-1842
3325
43527
-122956
-13953
-55580
-99719
75981
-82270
-46317
-173562
-30078
163439
-214290
112825
-37515
16407
32572
-177969
-32817
46277
88570
-25272
-42009
-59005
84211
-10180
5297
27140
-692
39826
21841
-55961
169590
93369
-168644
2176
-207687
-127521
-56421
-40293
34093
81999
-62427
-60879
56211
-112433
-109267
-38254
34178
46181
-60509
-24127
80530
-58913
71132
48256
-95593
-15073
31415
90726
-21268
66166
-119320
70570
38407
-25083
31898
9971
-41954
-7828
-15971
-49074
3681
49057
131464
12575
53022
-97596
38724
-66674
30037
-42581
-67413
-54428
43200
-24220
86885
88008
106369
-22393
110804
64558
9849
68664
-68913
-259904
75180
51723
-39819
76590
-18855
-1897
165206
6390
79689
35565
-69970
-111415
-11528
17555
53423
-155565
-47344
-64933
-72411
32212
61083
39499
-261892
-80303
-53373
-10241
57476
-122665
64681
-42020
17620
127976
-31776
8809
103186
-18330
-28818
-119407
-111420
84426
-1327
29992
34429
-42417
44210
99846
34394
-40639
-146834
71344
49419
-43766
-103619
-75850
23568
-111707
-5770
-71091
-105582
48317
4812
-23865
39614
52814
49050
18746
-28362
-37396
86615
-40764
12316
22700
-206478
-69626
147922
993
-60827
-7571
18746
-176324
-42250
52656
-197513
-16150
615
110224
-199028
-76002
-158003
114875
112845
-160326
-50476
32874
109156
-19713
-43760
-66867
125095
117170
26910
-21493
29080
164022
35399
-140495
68890
62803
-62631
68308
56823
-140161
-9563
31951
108678
91073
44339
-161600
28983
87966
42424
199071
179557
-44690
5734
-84152
-154301
147
-84263
-143306
-126570
145128
-40995
70775
27615
46356
27855
-36154
64494
-118779
29014
-13497
-43986
-42749
-57347
-50860
52560
-10010
148664
120587
8007
-105548
26541
-64952
-29358
37337
-16239
-31673
654
-10741
-68472
84225
-51409
-22438
-20491
75675
147973
-43829
-11184
-31834
-171371
-107040
11072
-77899
120829
11510
135192
56293
-3210
-77193
186067
49459
-91771
-146769
79178
78587
16345
-163561
51741
-1193
117162
40875
3846
-33826
-18787
157858
-42975
-107281
-38538
-96581
-31036
-223224
-80332
97862
-66295
-111556
-48018
114178
122013
74673
-86510
19604
-231385
-61858
10362
51458
-2488
88364
-8971
-91355
17029
16832
-203739
25497
33869
-34468
-55201
-129075
-79525
7280
-40690
-94733
36536
-22069
-52684
-68773
-26604
69709
-70486
78265
105343
-31318
-60990
30572
11629
-101846
7890
101893
-48925
71499
145175
-7736
158325
-159005
21805
57395
5651
73867
-49781
-56000
-43893
12129
-41276
-44980
-153555
-54877
146907
-139374
3752
-22927
-5883
81448
87978
51122
-30543
30528
-16594
-80759
97982
-114093
56825
19993
-165406
49708
47834
-133262
167108
74881
-30835
66015
-41983
141569
69381
107573
142395
-134502
269278
-74916
184257
53809
-83687
68336
-501
-27372
-162839
70567
-48268
21005
113301
63028
10915
-230138
114298
19970
24956
-1511
-39879
71587
-96200
466
49975
159844
-70367
133605
2200
-90143
171455
51872
-36416
-68478
-2250
-9566
76043
-167256
27103
131551
50627
53924
69593
-124514
-50469
18672
675
111964
13525
-37609
36350
-170038
51447
-23279
15227
25243
-127696
-31765
14696
109485
135557
84182
-26661
132756
88450
-34407
63083
-2083
-16019
-68782
-59660
45641
13857
-40770
57947
-26235
77460
-4002
-115339
10526
56290
140837
59386
4096
-55028
-118278
135425
48609
-104941
-132267
-122238
94977
93475
-120939
-51244
-187515
-154786
-17720
-147398
46117
-13023
-95
-113962
-95853
37423
-130402
91803
-111677
-61847
-103942
43424
64154
-43629
-120578
32480
-126223
83566
-143912
-116798
-30189
66131
60908
-87202
59056
-54280
-82740
48601
-104544
-85346
-57538
-70010
109863
91642
-61123
77481
-90791
16247
-82337
-102961
-97685
-138187
30585
-15258
-152281
-73312
-22695
36613
-35884
13807
5981
-160463
-128152
113855
64588
26216
-19081
75893
-46344
20000
119246
20380
42852
26781
-35303
-69922
42933
-66945
145026
-34961
58616
-125446
63081
-34207
41027
20692
91076
84908
-15198
-22035
101241
3018
53879
-42092
114243
-77328
82327
97089
-87945
-150720
-110897
-141063
-87165
-113387
-87448
-20088
-63444
-32513
58516
-74686
25374
-51232
25196
95356
-25174
65508
-17582
-4727
12012
-6059
3980
-35602
-39650
-28477
-73546
-91029
-16315
-138634
18983
-52158
109660
-47702
56821
-44454
138005
-133912
24850
92493
-153279
-32170
-143946
204480
-10231
29879
59472
-34499
-50771
153134
58069
-48492
141204
-142229
78772
782
5548
41203
-98024
73850
-72274
179429
159148
53950
-103029
65279
134710
-72696
-137871
-35089
-18070
118771
29883
-35173
-12971
19694
-63323
57335
16944
-10933
18679
-154077
-39540
52116
56652
45424
-65488
-40784
8637
-35889
-1117
99167
-139729
35717
80165
132914
-56485
46543
105736
81960
14960
47880
-77555
-47092
53670
-36067
-95571
-62915
-13514
-181468
99884
79139
37088
-22865
-48947
33279
-48492
99130
30590
33541
-43324
-128705
-143769
-143349
-16680
40019
-35175
245
-95033
174977
57807
6125
6189
-149820
48011
97595
102758
-43595
45964
-232274
-131478
53550
8191
19374
-49409
61517
-37733
-12972
-4314
73097
-13993
-105806
-60885
-90676
-14299
-70064
34699
13697
-5838
19706
-56811
-52174
139148
-6275
69661
-101279
86220
97271
192816
73860
58949
227449
-52346
6871
-72404
29051
63735
-219814
-101498
-7874
-16428
-32
35163
-43327
17104
10379
123396
3488
54599
21887
-90103
13126
-38139
44026
47866
-24488
45390
229243
77124
114084
-110817
-92329
-380
51438
105835
49009
-116842
59906
27890
-102571
107134
128198
-82647
-44063
-39205
5766
97897
13679
-7956
-1205
-137396
55872
482
104981
-111447
-74064
-19619
-104311
-15299
-114212
-61593
-82087
21316
484
-201919
-30332
10729
-30392
59671
-71017
-241
20436
31708
1902
150327
-105704
-1041
129970
-70600
-33427
80628
-110957
-74005
-90518
-46809
107100
-92600
291
-98762
-87753
212734
-40159
69275
6595
-70308
23749
103460
-55188
-120098
-110063
22873
-16642
-99683
-9947
-22347
3145
-53191
76430
-25825
79787
-8177
48729
214393
-7559
146645
-10048
64147
73652
-32894
49948
54365
15365
37315
-18915
-42725
44353
-212652
-62406
70034
49222
-59692
-105013
93945
114377
71112
69739
-46934
-61963
80214
-121629
138352
-65780
-119152
-121079
-50995
31327
6030
-65129
119002
75513
-23469
132075
-246180
-161524
65923
-78622
-33365
27937
4906
-6690
1369
-113879
-66955
99820
56728
15181
67086
-73226
172556
125598
70737
94802
-53006
-80781
44748
74673
52228
-91231
146882
-84358
-41139
-3293
-48398
49177
12627
-6448
104880
-109464
20068
25285
-57839
25318
-97481
71187
47063
-76620
-50049
-209684
22839
70651
-10582
68977
8267
-33299
-11458
35334
-39068
68339
-58557
47341
29684
-95983
-17945
47836
103307
118413
-54192
-177936
8719
63060
128535
14155
56506
45766
-40460
111391
42675
-21761
-90561
-37124
34381
210018
162740
25790
116914
1285
25665
48834
-72289
91432
-101637
50
-93661
-18804
87606
-50106
79119
29747
64098
-95736
59258
62454
156712
107090
38193
30748
-228108
23544
-52742
-52019
166453
-152061
-160375
-67574
80197
-105251
119455
71197
50313
4651
-79976
6599
112010
130671
15267
-101880
30238
18526
127277
-41839
-14828
-42693
40786
200054
-118382
119891
81347
240
-53721
89337
56526
-56721
-25176
108142
-96175
-80044
-74041
20922
15053
54418
-83541
71657
134452
-57976
31870
-146700
-36275
126375
13029
111835
88050
-32544
169628
94028
66722
155583
-38862
152895
42166
-84360
-77737
57924
-37787
-16332
152701
-72256
73253
89562
17754
64879
66523
-12598
140500
-103353
-82203
121443
-13826
33518
36686
-15503
-32821
-40789
81261
37203
54903
-34819
60506
50324
8004
-84528
88004
-16831
190894
-4071
-86346
-215
-61638
5147
-171338
84387
152309
-39334
25756
-12211
-188909
26315
-91928
-268467
-54772
-150532
37278
-42233
-47528
28262
-7638
53395
43354
-89038
67909
47125
19312
30365
-124005
96097
-136386
-23565
6913
-5392
53746
-179530
188784
-43833
-13907
41814
56598
-31405
-23808
-20068
-80370
-122270
-38069
67360
11807
-52419
30779
11225
-74895
33937
-32728
-136864
197500
41248
-62855
-109535
-14902
-102546
-53617
-26501
-97670
107433
41970
-81712
-14288
94042
174830
-33754
56340
14050
-58848
10453
72875
105785
-24118
33970
172333
129154
-95777
146858
258491
47445
-58870
11550
-9799
-83278
38177
-126672
16741
138720
-177570
11587
43465
35067
-77220
-101946
-8779
85034
84048
88542
66598
139994
197661
91605
-60779
-52142
3584
-5992
-90800
137903
85850
73837
106967
-33131
-21939
11806
-78520
49122
149822
229893
105005
-51494
-41205
174290
135967
-24749
-77569
-40241
-31853
-16857
-185133
177624
-27907
-109615
165238
-19122
210660
34407
-25384
-56737
52395
-27158
31729
13792
57497
-75379
156274
51921
-12739
-82485
-22642
-31001
-161331
1826
-13571
37121
18821
2971
-17094
-49980
21113
-83647
223999
30211
68995
-2817
15791
50241
-64748
-21749
32738
-80075
72749
18470
-86321
-70456
-57489
-65205
-39028
-91783
8248
-17150
-612
-111212
-16049
-88185
33375
58078
27640
-2679
-42159
-45647
60148
23414
-42720
264258
184891
55985
83300
9265
-60834
99718
-51557
-11526
76795
48576
-37591
48135
196263
15250
52451
-118839
-167156
66488
-141426
-60289
-66312
-22156
-90163
89192
137626
-94335
-25327
-218442
72050
-58654
46957
-4465
7421
-45458
-49489
-35705
-32562
24490
-45196
46536
85303
114175
88345
92481
-115333
69760
-20260
-30079
72654
21251
-78784
-81759
175490
-104601
-73763
112819
-11949
24930
-165130
133560
-62314
-95269
7421
-37854
89395
-85619
2578
-887
4158
96741
82369
-50775
31257
-41005
103664
-87779
-16266
41062
-47962
-100215
11083
-101961
48245
-69591
-25768
-4594
53308
30059
69768
-147626
-11324
-50839
87978
-55338
100707
-205637
-29744
-161709
33997
61848
-18037
38605
23183
-93495
50984
-64526
104929
28855
215409
-53993
16766
-52394
50188
-42024
17746
-5396
41528
70339
-21145
-136207
72427
71395
33723
-81556
-37372
260672
130701
33757
-30371
90764
-53415
-112252
41201
11801
-65754
12162
-113802
-97488
-72159
-76039
-87485
-77416
-19236
12534
-31094
158214
27876
-658
-89171
-91828
-44745
93892
124564
25587
9102
30213
-130962
13107
-9982
-33949
-79551
9375
7717
-198328
35431
-92157
-22878
36633
108887
-41276
-1960
-10472
-112938
77357
45887
54449
-162753
-165758
16873
-32704
21584
2702
-71972
337
50857
-89086
109521
153227
84607
46305
23912
7812
61696
-121384
-66824
-4444
24976
-248185
46729
12884
30153
21698
-4851
150848
-8848
33406
-57248
-160874
43799
-45085
1167
-77207
44924
13543
-99854
-42071
-99235
-70588
-160445
12288
26071
133152
-184194
131225
77082
-205456
-86132
-36526
-49974
106798
46876
57427
-182402
24795
55199
-25925
94198
-58329
51953
-34196
20388
-102585
-48683
-71604
-2328
-81669
80234
-21749
9010
44178
-10944
-52520
20324
-46488
133858
-201902
-148275
-17855
74209
87530
-27568
-20818
109716
-133281
25515
53821
-40841
-78918
-54873
-58391
-57855
23484
60845
32380
-170060
-27503
-189250
-164873
2609
-105453
9392
-65840
43848
71339
-110201
-108360
116816
-108154
15082
-28798
68036
112863
-54330
115264
73852
18168
-74197
37751
-129507
84612
46475
-13551
118699
-54790
-36016
-85304
-1205
-151673
-141662
11114
39374
99596
35223
55930
-28061
-119250
-9081
129646
10317
-4260
26246
-44835
-61095
106224
14349
39693
-65230
104814
-35857
79388
7046
-30274
110303
-174561
-94376
-27481
-87939
87232
140266
51399
-2608
-32708
53701
40025
150977
-14734
5297
29278
76282
-3847
48168
-63703
-129547
-37315
39495
37890
110814
-118157
40366
-194667
90347
26390
183171
68209
-24657
-66108
-97566
47361
-36497
95503
-5294
108607
50640
-27698
-21328
66711
-99290
18481
5166
26565
14053
-30049
-94988
-78742
81914
-233326
-97954
143108
-104892
-26240
44268
-27942
-46724
-15988
168740
-132411
-56864
-34216
62044
119971
153348
35363
-17826
-24572
4202
44985
-13687
-52630
-31735
27271
-70971
91910
-15076
-91220
23515
-5605
-65487
-94717
142654
-66703
42628
70788
-24633
-15276
-109693
-52268
-117093
40756
-43766
-58573
-42328
158452
-24704
-144832
6544
-129003
-47695
-19480
-6812
41879
-85729
85927
30676
-30819
-17985
-118390
-186387
29648
105741
-43752
102690
-68622
-135681
64258
-86994
-38762
60333
53169
25729
-2279
-12486
25178
-8839
-52723
2453
84479
11414
38512
-27814
-90111
-136463
61444
56458
-208901
-14059
-133551
78337
-26002
-108840
-67279
-55524
3854
169238
81803
-33113
32419
67220
91941
144840
-4149
-24292
-16118
62446
-11165
-99473
-163588
167563
-61240
-55859
-93000
-13392
-55372
-392
67292
57716
-39090
-32067
44234
65876
45597
-28777
-92827
42490
-29266
-3150
8987
-77973
-83294
44693
-6097
-112101
-1710
21146
103126
-22170
35764
38089
-23578
15643
95775
42658
-108909
52678
-36129
83389
32275
-115394
143042
-156463
-31746
38734
-41480
-88384
-108643
-102317
-35433
-68640
26502
-52844
69035
-133488
24402
83674
-11552
-148581
127463
65618
-71225
-113154
-166019
25516
-67094
-38524
-7222
-208589
-13445
-213803
46591
16035
-95104
25357
24544
185368
-127542
8699
-41903
-185311
45014
88756
205349
-50371
-119463
45038
161995
38713
-110457
128234
-231622
-114624
-50415
55999
54817
164994
-24677
-17468
62557
21207
-68317
-23349
89819
-49132
67584
7830
-40302
-129082
149147
37268
85948
-79398
61936
-133314
-26079
-36636
-158501
56550
-15415
-33466
-45933
-152000
-71833
-3733
755
-46480
76016
91163
-61772
-32423
96242
-43222
-1299
-68722
-44521
-20446
58814
-19408
85445
43497
55909
43667
-26773
70674
73349
53478
60231
65859
87891
117925
-93870
-71356
-129937
124878
-42315
-125775
107035
-15918
-19853
-4961
861
54933
147985
-26140
47918
120467
-97464
9349
-65473
16615
-22582
-85554
78741
-94097
-21517
-42918
75324
-9205
-141553
-45117
85197
18484
107145
-83205
39477
-93764
-127316
208076
-12398
55425
180535
-130470
-37162
92093
89169
84742
151500
-119407
-36665
-124248
-38963
133763
39964
-2223
20018
67207
3035
-42879
-64856
178508
36
-56860
72209
-51247
118222
79769
6575
124800
-10664
-6058
-29554
-114733
-105273
-26908
92165
52644
6807
-147363
-47163
-56444
88843
-52555
-142569
30986
-39
8712
-92362
90371
46202
74772
-76106
8338
24127
10810
1210
-18349
-111946
-69073
71947
40889
70119
85972
24541
-12205
195002
-87214
-172704
-30061
153632
29818
173211
49662
31092
8234
-54882
127116
14201
-114779
-42667
-37449
27786
101822
-4443
-19537
46867
65520
18955
11791
182060
38889
144773
-211514
-40888
-118381
-92733
-73815
71429
21082
-163444
25230
-32428
-119851
17331
8304
-94234
-56028
27859
33714
-138048
102022
79896
-25689
-140957
171493
-240303
-2363
-28669
54752
-68474
55725
-38190
4886
14393
-90461
79957
-144688
7266
-9757
-35463
164532
-127551
-39626
116695
52201
-103425
98366
-17783
-97353
-23974
101775
91023
893
-4254
5922
-86710
45292
-109421
-93141
-26388
92600
21457
-76670
31793
-8221
-119609
159633
-18889
-53862
147619
-66793
-51221
13227
-3314
4626
-145539
53934
35543
-131344
12449
45827
17104
107108
90413
42848
119693
-68668
66892
-3596
-152199
-18140
10931
-97250
63858
-101916
67546
94213
-198559
101295
-114820
-61168
-43894
-58258
27164
29877
-38992
-64521
3792
7355
21315
-18865
185
-210130
-31477
-37264
-128487
-13688
-95246
-43618
80223
41335
86139
-10266
32666
129521
36799
-23325
-60199
-13829
16916
-17747
28548
-39171
18744
12788
113675
-102420
114083
224930
37971
124331
-74543
12130
-28484
48765
45553
6273
-14251
-122338
23569
-80421
-53958
550
121865
84421
-27440
-41145
59564
-101153
726
99713
-212783
22559
49401
158601
-179751
-67584
60415
36636
-32409
37128
22927
50986
78682
-129527
53084
-37936
49995
29044
46965
-24500
-61753
8931
-84818
-7905
-40123
49419
54401
-51191
-37531
90571
-3817
42168
51970
100836
3927
-29201
23266
-2751
-71801
-76595
-80145
-68588
130822
127238
43810
27239
40110
19915
11141
51909
-25135
43516
45539
60978
49138
5394
-6721
-160095
-128588
50230
94695
34796
-18955
-33978
115094
-20873
-36137
41418
-246867
-16555
-75748
21955
93797
-28471
36727
47830
7640
52032
-33851
-110178
-91131
-22986
-35804
194928
80324
126349
29006
-6843
76698
170755
-113020
-3288
112303
-69810
-98160
14132
47108
-67520
28326
261877
12494
41465
-144188
-21043
-64246
136982
-184041
-96166
29052
71711
-106880
108754
28869
-21148
62226
40521
28722
45252
-76387
-116927
45357
-29982
74907
16184
-67879
25591
25656
74196
91975
106710
-3203
133476
-56940
-54251
-116082
-99043
185780
41631
74968
45087
-13072
-95693
113135
-21013
-79483
-86097
-75501
-29554
28968
8433
40731
115026
63680
33939
57352
-13477
48426
-43609
-45809
-36687
-18860
-52466
-92843
-145933
105945
1938
76063
-54128
36113
-13282
55513
-65870
-135844
15823
-135306
-28081
20672
31542
-93017
-36513
17519
-69839
49129
114269
78318
-45429
-52943
-163537
-55516
-96708
219779
165702
63359
-119922
10344
69466
106418
-25672
-64371
58072
14287
-87291
-34177
-91388
-28071
-148926
78092
4071
3347
-6753
31971
-161510
67809
56340
47307
-156888
-89148
184647
105743
-93422
-138797
-5456
180863
-133482
92450
-58377
-86422
100777
-87970
65440
63356
94683
-65212
-131853
49449
27498
-84100
-33719
94394
-22242
161618
-11347
-16885
129586
-203797
-31732
59934
-76067
278573
-100611
-98745
41204
147441
41327
-63435
-57697
-97139
66863
70307
130995
66988
-5651
-13979
139377
-96700
-29000
5526
69729
38694
72485
-148807
34263
-66248
-33285
-15285
73456
94459
-44208
45787
32000
98805
8486
-26389
-12947
-94829
-186826
-17287
50607
-115385
54338
-32939
52624
70175
-48343
-67495
-56065
39719
67680
-129572
-81464
9784
-27946
-24635
56617
78254
19708
115012
31661
-3522
-45217
134637
94960
16672
39735
16185
5397
-145495
85950
115948
-14107
-32650
-17862
-38390
-151086
-97344
-79935
7506
-29012
27828
-50346
-26582
104687
-142772
64653
20433
1698
-16115
-11479
1247
-7965
67680
57579
12981
-96091
-70871
-61044
38910
64240
-31608
178665
-93826
-163361
60186
120011
87818
-66306
-74210
163806
-105504
34584
58888
4178
-14547
94589
7795
-57584
-26506
-90474
25422
26121
4126
-40473
55338
-92745
31756
-64416
-156326
-24826
29541
-37190
-78426
-76473
58753
25155
-197737
3618
-172
1581
-115843
-17618
-42302
-22701
116257
1790
-17658
-125426
-73917
-60266
35955
-19938
