4453143531
-5484665316
-623849138
875765822
1583730785
-283162037
-343098521
-2318233339
-1370250092
-5463527062
762808627
-5706786994
-2754969815
-3751572881
-10692212
4160964284
-1107914104
-6230238548
1150175904
3116889829
2874439341
-2304035779
-3019072647
-1175953999
-3548116624
-1356838400
-1513026541
-3283277122
-733725109
2986443328
2633181486
-1568613703
-3359650239
2232137221
864503870
-2598309270
-4373910406
230986334
641816419
-2939089642
-2080901327
944192329
-3790733793
-2456205979
-1949622362
715224003
1116067873
-1966513928
748806420
4009166104
3538942761
1497561462
2387955576
5318264982
-3679751751
1700266985
-1470740272
4649167975
-3896193654
1428125955
193616362
6308386785
-190753786
567127630
-3561146378
-561527900
-4041619172
-1596192981
306750492
1353157554
516805933
-3229397356
1973925441
1085306086
-3368101472
4196045285
-2702101384
-518574986
-849604309
5484969303
-1548850774
-6616091888
-3745217267
4222348962
-1732382316
-1579363749
-11923655
-3707656338
-4697537838
-601874363
-2475368946
-4800750624
11160291576
-429858774
-146572934
1915225492
3411052684
-2076657571
72533051
-589621943
494987705
7397881
-134074990
1159253764
-1943469225
-964741323
1018772475
1968130023
2119098090
-5679050825
1979574842
1278145927
-3977727958
3376704307
662268563
2206631994
1399691383
-1012966957
1838194654
-1371949781
2128061419
3348939899
1230013037
-1008266871
-1128837958
147382596
-1095849795
-2928420564
